1e-06  3790.7495877685365
2e-06  3788.693098999723
3e-06  3786.6384661752577
4e-06  3784.5856872210493
5e-06  3782.534760065743
6e-06  3780.485682640704
7e-06  3778.438452880035
8e-06  3776.393068720555
9e-06  3774.349528101793
1e-05  3772.307828966001
1.1e-05  3770.267969258136
1.2e-05  3768.229946925857
1.3e-05  3766.193759919529
1.4e-05  3764.159406192207
1.5e-05  3762.126883699648
1.6e-05  3760.09619040029
1.7e-05  3758.067324255257
1.8e-05  3756.0402832283576
1.9e-05  3754.015065286071
2e-05  3751.991668397555
2.1e-05  3749.970090534632
2.2e-05  3747.9503296717867
2.3e-05  3745.932383786172
2.4e-05  3743.91625085759
2.5e-05  3741.9019288685035
2.6e-05  3739.889415804013
2.7e-05  3737.8787096518695
2.8e-05  3735.869808402468
2.9e-05  3733.8627100488375
3e-05  3731.857412586634
3.1e-05  3729.853914014154
3.2e-05  3727.85221233231
3.3e-05  3725.8523055446367
3.4e-05  3723.8541916572854
3.5e-05  3721.857868679028
3.6e-05  3719.8633346212346
3.7e-05  3717.8705874978923
3.8e-05  3715.879625325579
3.9e-05  3713.8904461234742
4e-05  3711.903047913354
4.1e-05  3709.917428719582
4.2e-05  3707.9335865691046
4.3e-05  3705.951519491457
4.4e-05  3703.971225518749
4.5e-05  3701.9927026856617
4.6e-05  3700.015949029452
4.7e-05  3698.0409625899406
4.8e-05  3696.067741409514
4.9e-05  3694.096283533116
5e-05  3692.126587008242
5.1e-05  3690.158649884944
5.2e-05  3688.1924702158217
5.3e-05  3686.2280460560137
5.4e-05  3684.2653754632047
5.5e-05  3682.3044564976094
5.6e-05  3680.345287221983
5.7e-05  3678.3878657016025
5.8e-05  3676.4321900042696
5.9e-05  3674.4782582003154
6e-05  3672.5260683625756
6.1e-05  3670.575618566413
6.2e-05  3668.626906889691
6.3e-05  3666.679931412784
6.4e-05  3664.7346902185677
6.5e-05  3662.791181392413
6.6e-05  3660.8494030221923
6.7e-05  3658.9093531982653
6.8e-05  3656.9710300134784
6.9e-05  3655.0344315631655
7e-05  3653.099555945139
7.1e-05  3651.166401259686
7.2e-05  3649.2349656095707
7.3e-05  3647.305247100021
7.4e-05  3645.3772438387387
7.5e-05  3643.450953935877
7.6e-05  3641.526375504051
7.7e-05  3639.603506658337
7.8e-05  3637.682345516256
7.9e-05  3635.7628901977764
8e-05  3633.8451388253134
8.1e-05  3631.9290895237173
8.2e-05  3630.0147404202803
8.3e-05  3628.102089644722
8.4e-05  3626.191135329196
8.5e-05  3624.2818756082797
8.6e-05  3622.3743086189743
8.7e-05  3620.4684325006906
8.8e-05  3618.564245395267
8.9e-05  3616.6617454469474
9e-05  3614.760930802381
9.1e-05  3612.861799610624
9.2e-05  3610.9643500231336
9.3e-05  3609.0685801937634
9.4e-05  3607.174488278758
9.5e-05  3605.282072436756
9.6e-05  3603.3913308287806
9.7e-05  3601.5022616182355
9.8e-05  3599.614862970907
9.9e-05  3597.7291330549574
0.0001  3595.845070040919
0.000101  3593.9626721016944
0.000102  3592.081937412548
0.000103  3590.202864151114
0.000104  3588.3254504973784
0.000105  3586.4496946336817
0.000106  3584.575594744718
0.000107  3582.7031490175314
0.000108  3580.832355641508
0.000109  3578.9632128083704
0.00011  3577.095718712189
0.000111  3575.2298715493566
0.000112  3573.365669518608
0.000113  3571.503110820993
0.000114  3569.6421936598986
0.000115  3567.7829162410194
0.000116  3565.925276772377
0.000117  3564.069273464301
0.000118  3562.214904529432
0.000119  3560.362168182716
0.00012  3558.5110626414053
0.000121  3556.6615861250493
0.000122  3554.8137368554962
0.000123  3552.9675130568853
0.000124  3551.1229129556477
0.000125  3549.2799347805003
0.000126  3547.43857676244
0.000127  3545.598837134746
0.000128  3543.7607141329745
0.000129  3541.924205994953
0.00013  3540.0893109607796
0.000131  3538.256027272818
0.000132  3536.424353175693
0.000133  3534.594286916294
0.000134  3532.765826743764
0.000135  3530.938970909495
0.000136  3529.1137176671327
0.000137  3527.2900652725743
0.000138  3525.4680119839486
0.000139  3523.6475560616304
0.00014  3521.8286957682326
0.000141  3520.011429368598
0.000142  3518.1957551298
0.000143  3516.381671321139
0.000144  3514.5691762141378
0.000145  3512.758268082545
0.000146  3510.9489452023163
0.000147  3509.141205851628
0.000148  3507.3350483108625
0.000149  3505.530470862614
0.00015  3503.7274717916785
0.000151  3501.926049385049
0.000152  3500.1262019319224
0.000153  3498.3279277236848
0.000154  3496.531225053915
0.000155  3494.7360922183775
0.000156  3492.9425275150275
0.000157  3491.1505292439947
0.000158  3489.3600957075882
0.000159  3487.5712252103
0.00016  3485.7839160587782
0.000161  3483.998166561853
0.000162  3482.2139750305196
0.000163  3480.4313397779247
0.000164  3478.6502591193857
0.000165  3476.8707313723694
0.000166  3475.0927548564987
0.000167  3473.3163278935426
0.000168  3471.541448807421
0.000169  3469.7681159241934
0.00017  3467.996327572062
0.000171  3466.2260820813635
0.000172  3464.4573777845753
0.000173  3462.690213016293
0.000174  3460.9245861132536
0.000175  3459.1604954143095
0.000176  3457.3979392604406
0.000177  3455.636915994742
0.000178  3453.877423962425
0.000179  3452.1194615108107
0.00018  3450.3630269893356
0.000181  3448.6081187495342
0.000182  3446.854735145052
0.000183  3445.10287453163
0.000184  3443.3525352671068
0.000185  3441.6037157114138
0.000186  3439.8564142265755
0.000187  3438.1106291767046
0.000188  3436.366358927996
0.000189  3434.6236018487284
0.00019  3432.8823563092565
0.000191  3431.1426206820133
0.000192  3429.4043933415046
0.000193  3427.667672664305
0.000194  3425.9324570290514
0.000195  3424.1987448164546
0.000196  3422.4665344092773
0.000197  3420.735824192339
0.000198  3419.0066125525227
0.000199  3417.2788978787544
0.0002  3415.5526785620127
0.000201  3413.8279529953206
0.000202  3412.1047195737456
0.000203  3410.3829766943895
0.000204  3408.662722756401
0.000205  3406.9439561609506
0.000206  3405.226675311249
0.000207  3403.5108786125334
0.000208  3401.7965644720593
0.000209  3400.0837312991116
0.00021  3398.3723775049893
0.000211  3396.662501503014
0.000212  3394.9541017085126
0.000213  3393.2471765388277
0.000214  3391.541724413308
0.000215  3389.8377437533045
0.000216  3388.135232982173
0.000217  3386.4341905252677
0.000218  3384.734614809938
0.000219  3383.036504265523
0.00022  3381.3398573233567
0.000221  3379.6446724167577
0.000222  3377.9509479810285
0.000223  3376.258682453454
0.000224  3374.5678742732994
0.000225  3372.878521881801
0.000226  3371.1906237221738
0.000227  3369.504178239596
0.000228  3367.8191838812154
0.000229  3366.1356390961487
0.00023  3364.4535423354687
0.000231  3362.772892052206
0.000232  3361.0936867013543
0.000233  3359.415924739849
0.000234  3357.7396046265876
0.000235  3356.064724822406
0.000236  3354.3912837900857
0.000237  3352.719279994356
0.000238  3351.048711901877
0.000239  3349.3795779812503
0.00024  3347.7118767030115
0.000241  3346.0456065396193
0.000242  3344.380765965469
0.000243  3342.717353456875
0.000244  3341.055367492074
0.000245  3339.3948065512272
0.000246  3337.735669116408
0.000247  3336.0779536716022
0.000248  3334.42165870271
0.000249  3332.7667826975385
0.00025  3331.1133241458033
0.000251  3329.4612815391183
0.000252  3327.8106533709965
0.000253  3326.1614381368554
0.000254  3324.5136343340014
0.000255  3322.867240461634
0.000256  3321.222255020841
0.000257  3319.578676514598
0.000258  3317.936503447765
0.000259  3316.2957343270814
0.00026  3314.6563676611627
0.000261  3313.0184019605076
0.000262  3311.3818357374794
0.000263  3309.746667506317
0.000264  3308.1128957831215
0.000265  3306.4805190858647
0.000266  3304.8495359343774
0.000267  3303.219944850351
0.000268  3301.5917443573317
0.000269  3299.9649329807244
0.00027  3298.339509247777
0.000271  3296.715471687596
0.000272  3295.0928188311273
0.000273  3293.4715492111623
0.000274  3291.8516613623365
0.000275  3290.2331538211192
0.000276  3288.616025125813
0.000277  3287.0002738165617
0.000278  3285.3858984353365
0.000279  3283.7728975259297
0.00028  3282.1612696339657
0.000281  3280.551013306889
0.000282  3278.9421270939665
0.000283  3277.3346095462766
0.000284  3275.7284592167184
0.000285  3274.123674659999
0.000286  3272.5202544326376
0.000287  3270.9181970929585
0.000288  3269.3175012010884
0.000289  3267.718165318963
0.00029  3266.120188010308
0.000291  3264.5235678406534
0.000292  3262.9283033773163
0.000293  3261.3343931894074
0.000294  3259.741835847832
0.000295  3258.150629925275
0.000296  3256.5607739962043
0.000297  3254.972266636875
0.000298  3253.385106425315
0.000299  3251.7992919413323
0.0003  3250.214821766506
0.000301  3248.6316944841856
0.000302  3247.0499086794935
0.000303  3245.469462939313
0.000304  3243.8903558522943
0.000305  3242.3125860088444
0.000306  3240.7361520011336
0.000307  3239.161052423085
0.000308  3237.5872858703747
0.000309  3236.014850940434
0.00031  3234.443746232438
0.000311  3232.873970347306
0.000312  3231.3055218877084
0.000313  3229.738399458048
0.000314  3228.1726016644734
0.000315  3226.6081271148637
0.000316  3225.0449744188327
0.000317  3223.483142187728
0.000318  3221.922629034622
0.000319  3220.363433574316
0.00032  3218.805554423332
0.000321  3217.2489901999165
0.000322  3215.6937395240334
0.000323  3214.1398010173616
0.000324  3212.587173303295
0.000325  3211.0358550069386
0.000326  3209.4858447551064
0.000327  3207.9371411763186
0.000328  3206.3897429008016
0.000329  3204.843648560479
0.00033  3203.298856788978
0.000331  3201.75536622162
0.000332  3200.2131754954244
0.000333  3198.6722832490964
0.000334  3197.1326881230366
0.000335  3195.594388759331
0.000336  3194.0573838017485
0.000337  3192.5216718957413
0.000338  3190.9872516884425
0.000339  3189.454121828666
0.00034  3187.9222809668954
0.000341  3186.3917277552864
0.000342  3184.8624608476725
0.000343  3183.3344788995482
0.000344  3181.807780568079
0.000345  3180.2823645120898
0.000346  3178.7582293920686
0.000347  3177.2353738701613
0.000348  3175.7137966101695
0.000349  3174.1934962775513
0.00035  3172.6744715394148
0.000351  3171.1567210645167
0.000352  3169.6402435232635
0.000353  3168.1250375877025
0.000354  3166.611101931526
0.000355  3165.0984352300643
0.000356  3163.587036160288
0.000357  3162.0769034007994
0.000358  3160.56803563184
0.000359  3159.0604315352753
0.00036  3157.554089794603
0.000361  3156.0490090949434
0.000362  3154.545188123046
0.000363  3153.042625567277
0.000364  3151.5413201176275
0.000365  3150.0412704656983
0.000366  3148.5424753047087
0.000367  3147.0449333294905
0.000368  3145.5486432364864
0.000369  3144.053603723744
0.00037  3142.5598134909173
0.000371  3141.067271239268
0.000372  3139.5759756716534
0.000373  3138.085925492529
0.000374  3136.597119407952
0.000375  3135.109556125572
0.000376  3133.623234354627
0.000377  3132.1381528059483
0.000378  3130.654310191954
0.000379  3129.1717052266467
0.00038  3127.690336625614
0.000381  3126.2102031060226
0.000382  3124.731303386616
0.000383  3123.253636187719
0.000384  3121.777200231228
0.000385  3120.301994240608
0.000386  3118.828016940898
0.000387  3117.355267058706
0.000388  3115.883743322199
0.000389  3114.4134444611122
0.00039  3112.94436920674
0.000391  3111.476516291934
0.000392  3110.0098844511062
0.000393  3108.5444724202193
0.000394  3107.08027893679
0.000395  3105.6173027398854
0.000396  3104.155542570116
0.000397  3102.694997169643
0.000398  3101.2356652821713
0.000399  3099.777545652941
0.0004  3098.3206370287376
0.000401  3096.864938157881
0.000402  3095.4104477902265
0.000403  3093.9571646771583
0.000404  3092.505087571598
0.000405  3091.0542152279886
0.000406  3089.604546402305
0.000407  3088.156079852042
0.000408  3086.7088143362175
0.000409  3085.2627486153688
0.00041  3083.8178814515522
0.000411  3082.3742116083404
0.000412  3080.931737850814
0.000413  3079.4904589455714
0.000414  3078.0503736607166
0.000415  3076.6114807658587
0.000416  3075.173779032116
0.000417  3073.7372672321085
0.000418  3072.3019441399556
0.000419  3070.867808531273
0.00042  3069.4348591831804
0.000421  3068.0030948742847
0.000422  3066.5725143846867
0.000423  3065.1431164959777
0.000424  3063.7148999912406
0.000425  3062.287863655039
0.000426  3060.862006273422
0.000427  3059.4373266339207
0.000428  3058.01382352555
0.000429  3056.591495738797
0.00043  3055.170342065626
0.000431  3053.7503612994765
0.000432  3052.331552235257
0.000433  3050.9139136693475
0.000434  3049.497444399595
0.000435  3048.0821432253124
0.000436  3046.6680089472748
0.000437  3045.2550403677187
0.000438  3043.8432362903395
0.000439  3042.4325955202917
0.00044  3041.023116864184
0.000441  3039.614799130075
0.000442  3038.2076411274807
0.000443  3036.8016416673627
0.000444  3035.3967995621288
0.000445  3033.9931136256323
0.000446  3032.5905826731687
0.000447  3031.1892055214807
0.000448  3029.788980988742
0.000449  3028.3899078945665
0.00045  3026.9919850600027
0.000451  3025.595211307534
0.000452  3024.199585461074
0.000453  3022.8051063459625
0.000454  3021.41177278897
0.000455  3020.019583618291
0.000456  3018.6285376635415
0.000457  3017.2386337557587
0.000458  3015.849870727402
0.000459  3014.462247412344
0.00046  3013.0757626458767
0.000461  3011.6904152646985
0.000462  3010.3062041069275
0.000463  3008.9231280120857
0.000464  3007.541185821102
0.000465  3006.1603763763133
0.000466  3004.7806985214606
0.000467  3003.402151101682
0.000468  3002.02473296352
0.000469  3000.6484429549078
0.00047  2999.2732799251826
0.000471  2997.899242725072
0.000472  2996.526330206691
0.000473  2995.1545412235505
0.000474  2993.783874630546
0.000475  2992.4143292839613
0.000476  2991.0459040414603
0.000477  2989.6785977620943
0.000478  2988.312409306287
0.000479  2986.9473375358516
0.00048  2985.583381313965
0.000481  2984.220539505191
0.000482  2982.8588109754537
0.000483  2981.498194592058
0.000484  2980.1386892236715
0.000485  2978.7802937403326
0.000486  2977.4230070134413
0.000487  2976.06682791576
0.000488  2974.711755321419
0.000489  2973.357788105899
0.00049  2972.0049251460437
0.000491  2970.653165320051
0.000492  2969.3025075074725
0.000493  2967.952950589211
0.000494  2966.6044934475217
0.000495  2965.257134966003
0.000496  2963.9108740296024
0.000497  2962.5657095246124
0.000498  2961.2216403386674
0.000499  2959.8786653607426
0.0005  2958.5367834811514
0.000501  2957.1959935915424
0.000502  2955.8562945849026
0.000503  2954.5176853555495
0.000504  2953.180164799135
0.000505  2951.843731812638
0.000506  2950.5083852943644
0.000507  2949.174124143947
0.000508  2947.8409472623466
0.000509  2946.5088535518385
0.00051  2945.177841916024
0.000511  2943.8479112598216
0.000512  2942.519060489466
0.000513  2941.1912885125075
0.000514  2939.864594237809
0.000515  2938.5389765755444
0.000516  2937.2144344371973
0.000517  2935.89096673556
0.000518  2934.568572384729
0.000519  2933.2472503001068
0.00052  2931.9269993983967
0.000521  2930.6078185976057
0.000522  2929.28970681703
0.000523  2927.9726629772763
0.000524  2926.6566860002354
0.000525  2925.3417748090988
0.000526  2924.027928328344
0.000527  2922.7151454837413
0.000528  2921.4034252023507
0.000529  2920.0927664125115
0.00053  2918.7831680438576
0.000531  2917.474629027295
0.000532  2916.167148295022
0.000533  2914.860724780504
0.000534  2913.5553574184933
0.000535  2912.2510451450125
0.000536  2910.9477868973604
0.000537  2909.645581614108
0.000538  2908.344428235097
0.000539  2907.0443257014363
0.00054  2905.7452729555007
0.000541  2904.447268940935
0.000542  2903.150312602644
0.000543  2901.854402886791
0.000544  2900.5595387408075
0.000545  2899.2657191133776
0.000546  2897.9729429544414
0.000547  2896.6812092151968
0.000548  2895.390516848093
0.000549  2894.100864806832
0.00055  2892.8122520463635
0.000551  2891.5246775228866
0.000552  2890.2381401938464
0.000553  2888.9526390179326
0.000554  2887.668172955077
0.000555  2886.384740966455
0.000556  2885.102342014477
0.000557  2883.820975062794
0.000558  2882.5406390762914
0.000559  2881.2613330210934
0.00056  2879.983055864552
0.000561  2878.705806575254
0.000562  2877.42958412301
0.000563  2876.1543874788636
0.000564  2874.880215615081
0.000565  2873.607067505156
0.000566  2872.3349421238
0.000567  2871.0638384469503
0.000568  2869.7937554517603
0.000569  2868.524692116603
0.00057  2867.256647421065
0.000571  2865.989620345951
0.000572  2864.723609873272
0.000573  2863.4586149862575
0.000574  2862.1946346693403
0.000575  2860.931667908164
0.000576  2859.669713689577
0.000577  2858.408771001631
0.000578  2857.148838833583
0.000579  2855.88991617589
0.00058  2854.632002020208
0.000581  2853.3750953593885
0.000582  2852.1191951874844
0.000583  2850.8643004997402
0.000584  2849.610410292593
0.000585  2848.357523563669
0.000586  2847.1056393117888
0.000587  2845.8547565369595
0.000588  2844.6048742403714
0.000589  2843.3559914244056
0.00059  2842.108107092619
0.000591  2840.861220249755
0.000592  2839.615329901739
0.000593  2838.3704350556673
0.000594  2837.12653471982
0.000595  2835.8836279036477
0.000596  2834.6417136177784
0.000597  2833.4007908740077
0.000598  2832.160858685306
0.000599  2830.921916065808
0.0006  2829.6839620308206
0.000601  2828.4469955968116
0.000602  2827.2110157814172
0.000603  2825.976021603431
0.000604  2824.7420120828106
0.000605  2823.5089862406758
0.000606  2822.2769430992953
0.000607  2821.045881682103
0.000608  2819.8158010136817
0.000609  2818.58670011977
0.00061  2817.3585780272574
0.000611  2816.1314337641816
0.000612  2814.9052663597317
0.000613  2813.68007484424
0.000614  2812.4558582491863
0.000615  2811.2326156071954
0.000616  2810.010345952027
0.000617  2808.7890483185924
0.000618  2807.5687217429313
0.000619  2806.349365262229
0.00062  2805.1309779148014
0.000621  2803.9135587401024
0.000622  2802.697106778714
0.000623  2801.4816210723548
0.000624  2800.2671006638698
0.000625  2799.053544597233
0.000626  2797.840951917547
0.000627  2796.629321671036
0.000628  2795.41865290505
0.000629  2794.2089446680607
0.00063  2793.000196009663
0.000631  2791.792405980565
0.000632  2790.5855736325984
0.000633  2789.3796980187076
0.000634  2788.174778192952
0.000635  2786.9708132105043
0.000636  2785.7678021276497
0.000637  2784.565744001782
0.000638  2783.364637891406
0.000639  2782.1644828561302
0.00064  2780.96527795667
0.000641  2779.7670222548454
0.000642  2778.569714813579
0.000643  2777.3733546968956
0.000644  2776.1779409699134
0.000645  2774.983472698859
0.000646  2773.7899489510487
0.000647  2772.597368794893
0.000648  2771.4057312999003
0.000649  2770.2150355366693
0.00065  2769.0252805768896
0.000651  2767.836465493339
0.000652  2766.6485893598865
0.000653  2765.4616512514835
0.000654  2764.2756502441657
0.000655  2763.090585415057
0.000656  2761.90645584236
0.000657  2760.7232606053585
0.000658  2759.540998784415
0.000659  2758.3596694609687
0.00066  2757.1792717175363
0.000661  2755.9998046377095
0.000662  2754.821267306154
0.000663  2753.643658808602
0.000664  2752.466978231863
0.000665  2751.2912246638107
0.000666  2750.1163971933897
0.000667  2748.9424949106074
0.000668  2747.7695169065364
0.000669  2746.5974622733147
0.00067  2745.42633010414
0.000671  2744.2561194932723
0.000672  2743.0868295360274
0.000673  2741.9184593287805
0.000674  2740.751007968964
0.000675  2739.5844745550635
0.000676  2738.4188581866165
0.000677  2737.2541579642125
0.000678  2736.0903729894962
0.000679  2734.9275023651553
0.00068  2733.765545194928
0.000681  2732.604500583599
0.000682  2731.4443676369956
0.000683  2730.285145461991
0.000684  2729.126833166496
0.000685  2727.9694298594686
0.000686  2726.8129346509018
0.000687  2725.6573466518253
0.000688  2724.502664974309
0.000689  2723.348888731454
0.00069  2722.1960170373977
0.000691  2721.0440490073074
0.000692  2719.892983757384
0.000693  2718.7428204048574
0.000694  2717.5935580679816
0.000695  2716.4451958660425
0.000696  2715.2977329193504
0.000697  2714.1511683492326
0.000698  2713.0055012780535
0.000699  2711.860730829183
0.0007  2710.7168561270196
0.000701  2709.5738762969804
0.000702  2708.4317904654963
0.000703  2707.2905977600158
0.000704  2706.150297309001
0.000705  2705.0108882419268
0.000706  2703.8723696892835
0.000707  2702.7347407825664
0.000708  2701.5980006542823
0.000709  2700.4621484379454
0.00071  2699.327183268078
0.000711  2698.1931042802034
0.000712  2697.059910610855
0.000713  2695.927601397559
0.000714  2694.796175778852
0.000715  2693.665632894264
0.000716  2692.535971884327
0.000717  2691.4071918905665
0.000718  2690.2792920555075
0.000719  2689.1522715226674
0.00072  2688.0261294365537
0.000721  2686.9008649426705
0.000722  2685.776477187511
0.000723  2684.6529653185544
0.000724  2683.5303284842707
0.000725  2682.4085658341155
0.000726  2681.2876765185283
0.000727  2680.1676596889333
0.000728  2679.0485144977374
0.000729  2677.9302400983297
0.00073  2676.8128356450757
0.000731  2675.696300293322
0.000732  2674.5806331993936
0.000733  2673.465833520587
0.000734  2672.351900415177
0.000735  2671.238833042412
0.000736  2670.1266305625113
0.000737  2669.015292136663
0.000738  2667.9048169270254
0.000739  2666.7952040967302
0.00074  2665.6864528098686
0.000741  2664.578562231503
0.000742  2663.471531527653
0.000743  2662.3653598653127
0.000744  2661.260046412427
0.000745  2660.155590337905
0.000746  2659.0519908116166
0.000747  2657.94924700439
0.000748  2656.8473580880063
0.000749  2655.7463232352047
0.00075  2654.6461416196794
0.000751  2653.546812416074
0.000752  2652.4483347999853
0.000753  2651.350707947965
0.000754  2650.2539310375064
0.000755  2649.1580032470533
0.000756  2648.062923755999
0.000757  2646.9686917446793
0.000758  2645.8753063943723
0.000759  2644.782766887305
0.00076  2643.6910724066406
0.000761  2642.600222136481
0.000762  2641.510215261875
0.000763  2640.4210509688005
0.000764  2639.332728444178
0.000765  2638.2452468758615
0.000766  2637.1586054526397
0.000767  2636.072803364229
0.000768  2634.9878398012856
0.000769  2633.9037139553902
0.00077  2632.8204250190574
0.000771  2631.7379721857237
0.000772  2630.6563546497573
0.000773  2629.575571606451
0.000774  2628.4956222520195
0.000775  2627.4165057836026
0.000776  2626.3382213992595
0.000777  2625.260768297975
0.000778  2624.1841456796496
0.000779  2623.1083527451005
0.00078  2622.0333886960652
0.000781  2620.959252735197
0.000782  2619.8859440660594
0.000783  2618.8134618931354
0.000784  2617.7418054218133
0.000785  2616.670973858399
0.000786  2615.600966410103
0.000787  2614.5317822850493
0.000788  2613.4634206922638
0.000789  2612.395880841679
0.00079  2611.3291619441393
0.000791  2610.2632632113864
0.000792  2609.198183856064
0.000793  2608.1339230917197
0.000794  2607.0704801328025
0.000795  2606.0078541946577
0.000796  2604.9460444935294
0.000797  2603.8850502465584
0.000798  2602.8248706717804
0.000799  2601.765504988127
0.0008  2600.7069524154203
0.000801  2599.6492121743768
0.000802  2598.5922834866024
0.000803  2597.536165574593
0.000804  2596.48085766173
0.000805  2595.4263589722905
0.000806  2594.372668731426
0.000807  2593.3197861651824
0.000808  2592.267710500484
0.000809  2591.2164409651396
0.00081  2590.165976787841
0.000811  2589.116317198156
0.000812  2588.0674614265354
0.000813  2587.019408704307
0.000814  2585.9721582636744
0.000815  2584.925709337717
0.000816  2583.8800611603883
0.000817  2582.8352129665163
0.000818  2581.7911639918034
0.000819  2580.747913472817
0.00082  2579.705460646999
0.000821  2578.6638047526603
0.000822  2577.622945028975
0.000823  2576.5828807159915
0.000824  2575.5436110546134
0.000825  2574.505135286618
0.000826  2573.4674526546405
0.000827  2572.4305624021777
0.000828  2571.3944637735917
0.000829  2570.3591560140985
0.00083  2569.324638369776
0.000831  2568.29091008756
0.000832  2567.2579704152417
0.000833  2566.225818601468
0.000834  2565.1944538957378
0.000835  2564.1638755484046
0.000836  2563.1340828106754
0.000837  2562.105074934606
0.000838  2561.0768511731003
0.000839  2560.049410779915
0.00084  2559.022753009648
0.000841  2557.996877117753
0.000842  2556.971782360518
0.000843  2555.9474679950827
0.000844  2554.9239332794277
0.000845  2553.901177472372
0.000846  2552.8791998335823
0.000847  2551.8579996235594
0.000848  2550.837576103645
0.000849  2549.8179285360156
0.00085  2548.79905618369
0.000851  2547.7809583105154
0.000852  2546.763634181179
0.000853  2545.7470830611965
0.000854  2544.73130421692
0.000855  2543.7162969155265
0.000856  2542.702060425031
0.000857  2541.688594014271
0.000858  2540.675896952911
0.000859  2539.663968511451
0.00086  2538.652807961205
0.000861  2537.642414574318
0.000862  2536.6327876237583
0.000863  2535.623926383316
0.000864  2534.6158301276005
0.000865  2533.6084981320437
0.000866  2532.6019296728946
0.000867  2531.596124027223
0.000868  2530.591080472915
0.000869  2529.586798288668
0.00087  2528.5832767540023
0.000871  2527.5805151492464
0.000872  2526.5785127555405
0.000873  2525.577268854842
0.000874  2524.5767827299137
0.000875  2523.5770536643336
0.000876  2522.5780809424796
0.000877  2521.579863849547
0.000878  2520.582401671531
0.000879  2519.585693695233
0.00088  2518.5897392082616
0.000881  2517.5945374990256
0.000882  2516.6000878567374
0.000883  2515.6063895714124
0.000884  2514.6134419338605
0.000885  2513.6212442356987
0.000886  2512.6297957693346
0.000887  2511.639095827978
0.000888  2510.649143705632
0.000889  2509.6599386970956
0.00089  2508.6714800979644
0.000891  2507.6837672046204
0.000892  2506.696799314244
0.000893  2505.7105757248005
0.000894  2504.725095735053
0.000895  2503.740358644547
0.000896  2502.7563637536164
0.000897  2501.7731103633837
0.000898  2500.790597775759
0.000899  2499.80882529343
0.0009  2498.8277922198786
0.000901  2497.8474978593595
0.000902  2496.867941516913
0.000903  2495.8891224983636
0.000904  2494.9110401103108
0.000905  2493.933693660135
0.000906  2492.957082455991
0.000907  2491.981205806817
0.000908  2491.0060630223165
0.000909  2490.03165341298
0.00091  2489.0579762900625
0.000911  2488.085030965595
0.000912  2487.1128167523807
0.000913  2486.141332963991
0.000914  2485.1705789147677
0.000915  2484.2005539198244
0.000916  2483.2312572950395
0.000917  2482.262688357058
0.000918  2481.294846423291
0.000919  2480.3277308119154
0.00092  2479.3613408418705
0.000921  2478.3956758328573
0.000922  2477.4307351053426
0.000923  2476.466517980549
0.000924  2475.503023780464
0.000925  2474.5402518278265
0.000926  2473.5782014461424
0.000927  2472.616871959669
0.000928  2471.6562626934187
0.000929  2470.696372973161
0.00093  2469.7372021254196
0.000931  2468.7787494774693
0.000932  2467.821014357339
0.000933  2466.863996093807
0.000934  2465.907694016401
0.000935  2464.9521074554023
0.000936  2463.9972357418346
0.000937  2463.0430782074695
0.000938  2462.0896341848293
0.000939  2461.1369030071774
0.00094  2460.1848840085245
0.000941  2459.23357652362
0.000942  2458.282979887958
0.000943  2457.3330934377777
0.000944  2456.3839165100544
0.000945  2455.4354484425035
0.000946  2454.4876885735785
0.000947  2453.540636242474
0.000948  2452.5942907891167
0.000949  2451.6486515541733
0.00095  2450.7037178790392
0.000951  2449.759489105851
0.000952  2448.8159645774717
0.000953  2447.873143637501
0.000954  2446.931025630269
0.000955  2445.98960990083
0.000956  2445.0488957949774
0.000957  2444.108882659223
0.000958  2443.169569840813
0.000959  2442.2309566877148
0.00096  2441.2930425486247
0.000961  2440.3558267729636
0.000962  2439.4193087108724
0.000963  2438.483487713217
0.000964  2437.5483631315865
0.000965  2436.6139343182863
0.000966  2435.6802006263456
0.000967  2434.7471614095116
0.000968  2433.814816022249
0.000969  2432.8831638197403
0.00097  2431.95220415788
0.000971  2431.0219363932856
0.000972  2430.0923598832824
0.000973  2429.163473985911
0.000974  2428.2352780599253
0.000975  2427.30777146479
0.000976  2426.380953560682
0.000977  2425.454823708483
0.000978  2424.529381269793
0.000979  2423.6046256069085
0.00098  2422.6805560828416
0.000981  2421.7571720613055
0.000982  2420.834472906723
0.000983  2419.912457984217
0.000984  2418.9911266596177
0.000985  2418.0704782994535
0.000986  2417.1505122709596
0.000987  2416.2312279420653
0.000988  2415.3126246814068
0.000989  2414.394701858313
0.00099  2413.4774588428177
0.000991  2412.5608950056458
0.000992  2411.645009718219
0.000993  2410.7298023526587
0.000994  2409.8152722817763
0.000995  2408.9014188790784
0.000996  2407.988241518767
0.000997  2407.0757395757305
0.000998  2406.1639124255535
0.000999  2405.2527594445073
0.001  2404.342280009553
