1e-06  16533.659033053624
2e-06  16529.352851293395
3e-06  16525.049341872204
4e-06  16520.74850273254
5e-06  16516.45033181879
6e-06  16512.154827077276
7e-06  16507.86198645622
8e-06  16503.571807905733
9e-06  16499.284289377847
1e-05  16494.999428826497
1.1e-05  16490.717224207514
1.2e-05  16486.43767347861
1.3e-05  16482.16077459942
1.4e-05  16477.886525531456
1.5e-05  16473.614924238136
1.6e-05  16469.345968684753
1.7e-05  16465.079656838487
1.8e-05  16460.815986668422
1.9e-05  16456.5549561455
2e-05  16452.296563242573
2.1e-05  16448.04080593435
2.2e-05  16443.78768219742
2.3e-05  16439.537190010262
2.4e-05  16435.28932735321
2.5e-05  16431.04409220849
2.6e-05  16426.80148256017
2.7e-05  16422.561496394213
2.8e-05  16418.324131698435
2.9e-05  16414.089386462514
3e-05  16409.85725867798
3.1e-05  16405.627746338258
3.2e-05  16401.400847438585
3.3e-05  16397.176559976077
3.4e-05  16392.954881949703
3.5e-05  16388.735811360286
3.6e-05  16384.51934621048
3.7e-05  16380.305484504815
3.8e-05  16376.094224249642
3.9e-05  16371.88556345316
4e-05  16367.67950012542
4.1e-05  16363.476032278306
4.2e-05  16359.275157925527
4.3e-05  16355.076875082656
4.4e-05  16350.881181767072
4.5e-05  16346.688075998
4.6e-05  16342.497555796486
4.7e-05  16338.309619185413
4.8e-05  16334.124264189484
4.9e-05  16329.941488835228
5e-05  16325.76129115099
5.1e-05  16321.583669166932
5.2e-05  16317.408620915054
5.3e-05  16313.236144429147
5.4e-05  16309.066237744835
5.5e-05  16304.898898899537
5.6e-05  16300.7341259325
5.7e-05  16296.57191688476
5.8e-05  16292.412269799168
5.9e-05  16288.255182720388
6e-05  16284.100653694864
6.1e-05  16279.948680770867
6.2e-05  16275.799261998442
6.3e-05  16271.652395429446
6.4e-05  16267.508079117528
6.5e-05  16263.36631111812
6.6e-05  16259.227089488453
6.7e-05  16255.090412287549
6.8e-05  16250.956277576208
6.9e-05  16246.824683417017
7e-05  16242.695627874356
7.1e-05  16238.569109014368
7.2e-05  16234.445124904996
7.3e-05  16230.323673615938
7.4e-05  16226.204753218688
7.5e-05  16222.088361786495
7.6e-05  16217.974497394387
7.7e-05  16213.863158119168
7.8e-05  16209.754342039405
7.9e-05  16205.648047235425
8e-05  16201.544271789327
8.1e-05  16197.443013784963
8.2e-05  16193.34427130796
8.3e-05  16189.24804244568
8.4e-05  16185.154325287262
8.5e-05  16181.063117923593
8.6e-05  16176.974418447313
8.7e-05  16172.888224952801
8.8e-05  16168.804535536203
8.9e-05  16164.723348295405
9e-05  16160.644661330032
9.1e-05  16156.568472741455
9.2e-05  16152.494780632795
9.3e-05  16148.4235831089
9.4e-05  16144.354878276365
9.5e-05  16140.288664243515
9.6e-05  16136.224939120408
9.7e-05  16132.163701018837
9.8e-05  16128.104948052323
9.9e-05  16124.048678336125
0.0001  16119.994889987212
0.000101  16115.943581124287
0.000102  16111.894749867773
0.000103  16107.84839433982
0.000104  16103.804512664292
0.000105  16099.763102966765
0.000106  16095.724163374538
0.000107  16091.687692016625
0.000108  16087.65368702375
0.000109  16083.622146528336
0.00011  16079.593068664533
0.000111  16075.566451568178
0.000112  16071.54229337683
0.000113  16067.520592229734
0.000114  16063.501346267853
0.000115  16059.484553633833
0.000116  16055.470212472028
0.000117  16051.458320928487
0.000118  16047.44887715094
0.000119  16043.441879288828
0.00012  16039.437325493265
0.000121  16035.435213917059
0.000122  16031.43554271471
0.000123  16027.438310042395
0.000124  16023.443514057977
0.000125  16019.451152921003
0.000126  16015.46122479269
0.000127  16011.473727835939
0.000128  16007.488660215327
0.000129  16003.506020097106
0.00013  15999.525805649193
0.000131  15995.548015041184
0.000132  15991.572646444327
0.000133  15987.599698031567
0.000134  15983.62916797749
0.000135  15979.661054458338
0.000136  15975.695355652038
0.000137  15971.732069738173
0.000138  15967.771194897963
0.000139  15963.8127293143
0.00014  15959.856671171736
0.000141  15955.903018656461
0.000142  15951.951769956324
0.000143  15948.00292326082
0.000144  15944.056476761089
0.000145  15940.112428649934
0.000146  15936.170777121777
0.000147  15932.231520372692
0.000148  15928.2946566004
0.000149  15924.36018400425
0.00015  15920.428100785239
0.000151  15916.498405145983
0.000152  15912.571095290756
0.000153  15908.646169425436
0.000154  15904.72362575755
0.000155  15900.80346249624
0.000156  15896.88567785229
0.000157  15892.9702700381
0.000158  15889.057237267683
0.000159  15885.1465777567
0.00016  15881.238289722394
0.000161  15877.33237138366
0.000162  15873.428820960999
0.000163  15869.527636676512
0.000164  15865.628816753931
0.000165  15861.73235941859
0.000166  15857.838262897436
0.000167  15853.946525419018
0.000168  15850.0571452135
0.000169  15846.170120512641
0.00017  15842.285449549807
0.000171  15838.403130559962
0.000172  15834.523161779684
0.000173  15830.645541447113
0.000174  15826.770267802023
0.000175  15822.897339085763
0.000176  15819.026753541277
0.000177  15815.158509413104
0.000178  15811.292604947364
0.000179  15807.429038391767
0.00018  15803.567807995616
0.000181  15799.708912009786
0.000182  15795.852348686745
0.000183  15791.998116280538
0.000184  15788.146213046784
0.000185  15784.296637242682
0.000186  15780.44938712701
0.000187  15776.60446096012
0.000188  15772.76185700393
0.000189  15768.921573521937
0.00019  15765.0836087792
0.000191  15761.247961042342
0.000192  15757.414628579567
0.000193  15753.58360966063
0.000194  15749.754902556848
0.000195  15745.92850554111
0.000196  15742.10441688785
0.000197  15738.282634873063
0.000198  15734.463157774313
0.000199  15730.645983870701
0.0002  15726.831111442889
0.000201  15723.018538773087
0.000202  15719.208264145056
0.000203  15715.400285844098
0.000204  15711.594602157082
0.000205  15707.791211372387
0.000206  15703.990111779965
0.000207  15700.191301671302
0.000208  15696.394779339407
0.000209  15692.60054307885
0.00021  15688.808591185716
0.000211  15685.018921957646
0.000212  15681.231533693795
0.000213  15677.446424694863
0.000214  15673.663593263067
0.000215  15669.883037702162
0.000216  15666.104756317429
0.000217  15662.32874741567
0.000218  15658.555009305217
0.000219  15654.783540295908
0.00022  15651.014338699119
0.000221  15647.247402827737
0.000222  15643.482730996164
0.000223  15639.72032152032
0.000224  15635.960172717641
0.000225  15632.20228290707
0.000226  15628.446650409069
0.000227  15624.69327354559
0.000228  15620.942150640118
0.000229  15617.193280017624
0.00023  15613.446660004598
0.000231  15609.702288929011
0.000232  15605.960165120368
0.000233  15602.220286909638
0.000234  15598.48265262932
0.000235  15594.747260613382
0.000236  15591.0141091973
0.000237  15587.283196718048
0.000238  15583.554521514085
0.000239  15579.82808192535
0.00024  15576.103876293302
0.000241  15572.381902960848
0.000242  15568.662160272408
0.000243  15564.944646573877
0.000244  15561.229360212621
0.000245  15557.51629953751
0.000246  15553.80546289888
0.000247  15550.096848648536
0.000248  15546.390455139777
0.000249  15542.686280727366
0.00025  15538.984323767545
0.000251  15535.28458261802
0.000252  15531.587055637967
0.000253  15527.891741188043
0.000254  15524.198637630356
0.000255  15520.507743328491
0.000256  15516.81905664749
0.000257  15513.132575953856
0.000258  15509.448299615562
0.000259  15505.76622600203
0.00026  15502.086353484146
0.000261  15498.408680434253
0.000262  15494.73320522614
0.000263  15491.059926235062
0.000264  15487.388841837712
0.000265  15483.719950412242
0.000266  15480.053250338251
0.000267  15476.388739996786
0.000268  15472.726417770335
0.000269  15469.066282042833
0.00027  15465.408331199664
0.000271  15461.752563627639
0.000272  15458.098977715015
0.000273  15454.44757185149
0.000274  15450.798344428204
0.000275  15447.151293837718
0.000276  15443.50641847403
0.000277  15439.863716732578
0.000278  15436.22318701023
0.000279  15432.584827705272
0.00028  15428.948637217427
0.000281  15425.314613947838
0.000282  15421.682756299084
0.000283  15418.05306267515
0.000284  15414.425531481458
0.000285  15410.800161124844
0.000286  15407.176950013562
0.000287  15403.555896557282
0.000288  15399.936999167088
0.000289  15396.320256255492
0.00029  15392.705666236401
0.000291  15389.093227525147
0.000292  15385.482938538458
0.000293  15381.87479769448
0.000294  15378.26880341277
0.000295  15374.664954114283
0.000296  15371.063248221371
0.000297  15367.463684157807
0.000298  15363.86626034875
0.000299  15360.270975220768
0.0003  15356.677827201816
0.000301  15353.086814721257
0.000302  15349.497936209844
0.000303  15345.911190099723
0.000304  15342.32657482444
0.000305  15338.744088818914
0.000306  15335.16373051948
0.000307  15331.585498363836
0.000308  15328.009390791074
0.000309  15324.435406241688
0.00031  15320.863543157535
0.000311  15317.293799981851
0.000312  15313.726175159278
0.000313  15310.16066713581
0.000314  15306.59727435884
0.000315  15303.035995277125
0.000316  15299.476828340801
0.000317  15295.919772001376
0.000318  15292.364824711736
0.000319  15288.811984926131
0.00032  15285.261251100183
0.000321  15281.71262169088
0.000322  15278.166095156583
0.000323  15274.621669957012
0.000324  15271.07934455325
0.000325  15267.53911740775
0.000326  15264.000986984316
0.000327  15260.464951748118
0.000328  15256.931010165687
0.000329  15253.399160704896
0.00033  15249.86940183499
0.000331  15246.341732026562
0.000332  15242.816149751558
0.000333  15239.292653483268
0.000334  15235.771241696342
0.000335  15232.251912866777
0.000336  15228.734665471908
0.000337  15225.219497990423
0.000338  15221.706408902352
0.000339  15218.19539668907
0.00034  15214.686459833294
0.000341  15211.179596819073
0.000342  15207.674806131803
0.000343  15204.172086258215
0.000344  15200.671435686374
0.000345  15197.172852905684
0.000346  15193.676336406876
0.000347  15190.181884682013
0.000348  15186.689496224495
0.000349  15183.199169529044
0.00035  15179.710903091713
0.000351  15176.224695409881
0.000352  15172.740544982255
0.000353  15169.258450308856
0.000354  15165.778409891036
0.000355  15162.30042223146
0.000356  15158.82448583412
0.000357  15155.350599204325
0.000358  15151.8787608487
0.000359  15148.408969275177
0.00036  15144.941222993019
0.000361  15141.475520512777
0.000362  15138.01186034634
0.000363  15134.550241006886
0.000364  15131.090661008922
0.000365  15127.633118868243
0.000366  15124.177613101952
0.000367  15120.724142228471
0.000368  15117.27270476751
0.000369  15113.82329924009
0.00037  15110.375924168524
0.000371  15106.930578076437
0.000372  15103.487259488737
0.000373  15100.04596693164
0.000374  15096.606698932652
0.000375  15093.169454020574
0.000376  15089.734230725497
0.000377  15086.3010275788
0.000378  15082.869843113169
0.000379  15079.440675862556
0.00038  15076.013524362214
0.000381  15072.588387148682
0.000382  15069.165262759774
0.000383  15065.744149734597
0.000384  15062.325046613534
0.000385  15058.907951938254
0.000386  15055.492864251697
0.000387  15052.07978209809
0.000388  15048.668704022926
0.000389  15045.25962857299
0.00039  15041.852554296323
0.000391  15038.447479742246
0.000392  15035.044403461356
0.000393  15031.643324005512
0.000394  15028.24423992785
0.000395  15024.847149782769
0.000396  15021.452052125926
0.000397  15018.058945514258
0.000398  15014.66782850596
0.000399  15011.278699660488
0.0004  15007.891557538554
0.000401  15004.506400702143
0.000402  15001.123227714486
0.000403  14997.74203714007
0.000404  14994.362827544654
0.000405  14990.98559749523
0.000406  14987.610345560062
0.000407  14984.237070308658
0.000408  14980.865770311771
0.000409  14977.496444141414
0.00041  14974.129090370836
0.000411  14970.763707574553
0.000412  14967.400294328307
0.000413  14964.038849209088
0.000414  14960.679370795136
0.000415  14957.321857665931
0.000416  14953.966308402187
0.000417  14950.612721585861
0.000418  14947.261095800157
0.000419  14943.911429629496
0.00042  14940.563721659557
0.000421  14937.217970477235
0.000422  14933.874174670667
0.000423  14930.532332829218
0.000424  14927.19244354349
0.000425  14923.854505405307
0.000426  14920.518517007717
0.000427  14917.184476945007
0.000428  14913.852383812682
0.000429  14910.522236207476
0.00043  14907.194032727337
0.000431  14903.86777197144
0.000432  14900.543452540182
0.000433  14897.221073035176
0.000434  14893.900632059253
0.000435  14890.582128216469
0.000436  14887.265560112084
0.000437  14883.950926352572
0.000438  14880.638225545628
0.000439  14877.32745630016
0.00044  14874.018617226277
0.000441  14870.711706935299
0.000442  14867.406724039762
0.000443  14864.103667153404
0.000444  14860.802534891165
0.000445  14857.503325869193
0.000446  14854.206038704835
0.000447  14850.910672016656
0.000448  14847.6172244244
0.000449  14844.32569454902
0.00045  14841.036081012664
0.000451  14837.748382438687
0.000452  14834.46259745163
0.000453  14831.178724677226
0.000454  14827.896762742414
0.000455  14824.616710275319
0.000456  14821.338565905247
0.000457  14818.062328262702
0.000458  14814.787995979383
0.000459  14811.515567688171
0.00046  14808.24504202313
0.000461  14804.976417619506
0.000462  14801.709693113737
0.000463  14798.444867143446
0.000464  14795.181938347418
0.000465  14791.920905365643
0.000466  14788.661766839277
0.000467  14785.404521410652
0.000468  14782.149167723279
0.000469  14778.895704421844
0.00047  14775.64413015221
0.000471  14772.394443561412
0.000472  14769.14664329765
0.000473  14765.900728010307
0.000474  14762.65669634992
0.000475  14759.414546968212
0.000476  14756.174278518054
0.000477  14752.935889653498
0.000478  14749.699379029753
0.000479  14746.464745303198
0.00048  14743.231987131356
0.000481  14740.00110317294
0.000482  14736.772092087793
0.000483  14733.544952536942
0.000484  14730.319683182555
0.000485  14727.096282687968
0.000486  14723.87474971766
0.000487  14720.655082937266
0.000488  14717.437281013592
0.000489  14714.221342614568
0.00049  14711.007266409293
0.000491  14707.79505106801
0.000492  14704.584695262114
0.000493  14701.37619766414
0.000494  14698.169556947778
0.000495  14694.964771787849
0.000496  14691.76184086033
0.000497  14688.560762842335
0.000498  14685.361536412121
0.000499  14682.164160249089
0.0005  14678.968633033772
0.000501  14675.774953447837
0.000502  14672.583120174102
0.000503  14669.393131896506
0.000504  14666.204987300136
0.000505  14663.0186850712
0.000506  14659.834223897044
0.000507  14656.65160246614
0.000508  14653.4708194681
0.000509  14650.291873593656
0.00051  14647.114763534672
0.000511  14643.93948798413
0.000512  14640.766045636148
0.000513  14637.594435185965
0.000514  14634.424655329934
0.000515  14631.256704765547
0.000516  14628.090582191398
0.000517  14624.926286307214
0.000518  14621.763815813836
0.000519  14618.603169413218
0.00052  14615.44434580844
0.000521  14612.287343703696
0.000522  14609.13216180427
0.000523  14605.978798816594
0.000524  14602.827253448191
0.000525  14599.677524407702
0.000526  14596.52961040487
0.000527  14593.383510150554
0.000528  14590.23922235672
0.000529  14587.096745736428
0.00053  14583.956079003865
0.000531  14580.817220874294
0.000532  14577.680170064117
0.000533  14574.544925290793
0.000534  14571.411485272918
0.000535  14568.279848730173
0.000536  14565.15001438334
0.000537  14562.021980954292
0.000538  14558.895747166012
0.000539  14555.771311742561
0.00054  14552.6486734091
0.000541  14549.527830891895
0.000542  14546.408782918284
0.000543  14543.291528216714
0.000544  14540.176065516707
0.000545  14537.06239354888
0.000546  14533.950511044934
0.000547  14530.840416737667
0.000548  14527.732109360944
0.000549  14524.62558764973
0.00055  14521.520850340064
0.000551  14518.417896169069
0.000552  14515.31672387496
0.000553  14512.217332197006
0.000554  14509.11971987558
0.000555  14506.023885652123
0.000556  14502.929828269145
0.000557  14499.837546470242
0.000558  14496.74703900008
0.000559  14493.6583046044
0.00056  14490.571342030016
0.000561  14487.486150024812
0.000562  14484.402727337734
0.000563  14481.32107271881
0.000564  14478.24118491913
0.000565  14475.163062690852
0.000566  14472.086704787193
0.000567  14469.012109962443
0.000568  14465.939276971954
0.000569  14462.86820457214
0.00057  14459.798891520471
0.000571  14456.731336575485
0.000572  14453.66553849678
0.000573  14450.601496045008
0.000574  14447.539207981874
0.000575  14444.47867307015
0.000576  14441.419890073661
0.000577  14438.362857757269
0.000578  14435.30757488691
0.000579  14432.254040229569
0.00058  14429.202252553272
0.000581  14426.152210627097
0.000582  14423.10391322118
0.000583  14420.057359106702
0.000584  14417.01254705588
0.000585  14413.969475841985
0.000586  14410.928144239331
0.000587  14407.888551023283
0.000588  14404.850694970235
0.000589  14401.814574857635
0.00059  14398.780189463958
0.000591  14395.74753756873
0.000592  14392.716617952521
0.000593  14389.687429396912
0.000594  14386.659970684548
0.000595  14383.634240599098
0.000596  14380.610237925268
0.000597  14377.587961448784
0.000598  14374.567409956424
0.000599  14371.548582235982
0.0006  14368.5314770763
0.000601  14365.516093267226
0.000602  14362.502429599655
0.000603  14359.490484865493
0.000604  14356.48025785769
0.000605  14353.47174737021
0.000606  14350.464952198035
0.000607  14347.459871137185
0.000608  14344.456502984694
0.000609  14341.454846538614
0.00061  14338.454900598024
0.000611  14335.456663963014
0.000612  14332.460135434701
0.000613  14329.46531381521
0.000614  14326.472197907686
0.000615  14323.480786516291
0.000616  14320.4910784462
0.000617  14317.503072503596
0.000618  14314.516767495676
0.000619  14311.532162230651
0.00062  14308.54925551774
0.000621  14305.568046167173
0.000622  14302.58853299018
0.000623  14299.610714799004
0.000624  14296.634590406897
0.000625  14293.660158628109
0.000626  14290.687418277896
0.000627  14287.71636817252
0.000628  14284.747007129237
0.000629  14281.779333966313
0.00063  14278.813347503014
0.000631  14275.849046559591
0.000632  14272.88642995731
0.000633  14269.925496518425
0.000634  14266.966245066182
0.000635  14264.008674424827
0.000636  14261.052783419611
0.000637  14258.098570876755
0.000638  14255.146035623495
0.000639  14252.195176488032
0.00064  14249.245992299582
0.000641  14246.298481888338
0.000642  14243.352644085478
0.000643  14240.408477723178
0.000644  14237.465981634588
0.000645  14234.525154653853
0.000646  14231.5859956161
0.000647  14228.648503357423
0.000648  14225.712676714928
0.000649  14222.778514526677
0.00065  14219.846015631723
0.000651  14216.915178870098
0.000652  14213.986003082811
0.000653  14211.058487111848
0.000654  14208.132629800164
0.000655  14205.208429991708
0.000656  14202.285886531383
0.000657  14199.36499826508
0.000658  14196.445764039656
0.000659  14193.528182702936
0.00066  14190.612253103724
0.000661  14187.697974091787
0.000662  14184.785344517872
0.000663  14181.874363233668
0.000664  14178.96502909186
0.000665  14176.057340946081
0.000666  14173.151297650938
0.000667  14170.246898061992
0.000668  14167.34414103578
0.000669  14164.443025429788
0.00067  14161.543550102468
0.000671  14158.645713913234
0.000672  14155.74951572246
0.000673  14152.854954391472
0.000674  14149.962028782564
0.000675  14147.07073775897
0.000676  14144.181080184891
0.000677  14141.293054925483
0.000678  14138.406660846853
0.000679  14135.521896816053
0.00068  14132.6387617011
0.000681  14129.757254370958
0.000682  14126.877373695526
0.000683  14123.999118545675
0.000684  14121.1224877932
0.000685  14118.247480310865
0.000686  14115.374094972367
0.000687  14112.50233065235
0.000688  14109.632186226405
0.000689  14106.763660571065
0.00069  14103.8967525638
0.000691  14101.031461083021
0.000692  14098.1677850081
0.000693  14095.305723219319
0.000694  14092.445274597916
0.000695  14089.586438026063
0.000696  14086.729212386866
0.000697  14083.87359656437
0.000698  14081.019589443556
0.000699  14078.167189910337
0.0007  14075.31639685155
0.000701  14072.467209154984
0.000702  14069.61962570934
0.000703  14066.773645404262
0.000704  14063.929267130314
0.000705  14061.08648977899
0.000706  14058.245312242725
0.000707  14055.405733414862
0.000708  14052.567752189678
0.000709  14049.731367462373
0.00071  14046.896578129077
0.000711  14044.063383086832
0.000712  14041.231781233613
0.000713  14038.401771468309
0.000714  14035.573352690733
0.000715  14032.74652380161
0.000716  14029.921283702597
0.000717  14027.097631296256
0.000718  14024.27556548607
0.000719  14021.455085176443
0.00072  14018.63618927268
0.000721  14015.818876681016
0.000722  14013.003146308592
0.000723  14010.188997063455
0.000724  14007.376427854575
0.000725  14004.565437591824
0.000726  14001.756025185987
0.000727  13998.948189548752
0.000728  13996.14192959272
0.000729  13993.337244231408
0.00073  13990.534132379218
0.000731  13987.732592951472
0.000732  13984.932624864396
0.000733  13982.134227035103
0.000734  13979.337398381635
0.000735  13976.542137822911
0.000736  13973.748444278765
0.000737  13970.95631666993
0.000738  13968.165753918023
0.000739  13965.37675494558
0.00074  13962.589318676024
0.000741  13959.803444033672
0.000742  13957.019129943732
0.000743  13954.236375332326
0.000744  13951.45517912645
0.000745  13948.675540253998
0.000746  13945.897457643758
0.000747  13943.120930225414
0.000748  13940.345956929528
0.000749  13937.57253668756
0.00075  13934.800668431857
0.000751  13932.030351095647
0.000752  13929.261583613054
0.000753  13926.494364919088
0.000754  13923.728693949635
0.000755  13920.964569641463
0.000756  13918.20199093224
0.000757  13915.440956760507
0.000758  13912.681466065675
0.000759  13909.923517788056
0.00076  13907.16711086883
0.000761  13904.41224425005
0.000762  13901.658916874665
0.000763  13898.907127686483
0.000764  13896.156875630199
0.000765  13893.408159651382
0.000766  13890.660978696476
0.000767  13887.915331712791
0.000768  13885.171217648516
0.000769  13882.428635452714
0.00077  13879.687584075322
0.000771  13876.948062467132
0.000772  13874.210069579824
0.000773  13871.473604365934
0.000774  13868.73866577887
0.000775  13866.00525277291
0.000776  13863.27336430319
0.000777  13860.542999325724
0.000778  13857.814156797378
0.000779  13855.086835675886
0.00078  13852.361034919846
0.000781  13849.63675348872
0.000782  13846.913990342822
0.000783  13844.19274444334
0.000784  13841.473014752302
0.000785  13838.75480023262
0.000786  13836.038099848038
0.000787  13833.322912563177
0.000788  13830.609237343504
0.000789  13827.897073155344
0.00079  13825.186418965874
0.000791  13822.477273743121
0.000792  13819.769636455982
0.000793  13817.063506074177
0.000794  13814.358881568309
0.000795  13811.65576190981
0.000796  13808.954146070964
0.000797  13806.254033024914
0.000798  13803.555421745637
0.000799  13800.858311207967
0.0008  13798.162700387582
0.000801  13795.468588261003
0.000802  13792.775973805596
0.000803  13790.08485599957
0.000804  13787.395233821979
0.000805  13784.707106252725
0.000806  13782.020472272532
0.000807  13779.335330862987
0.000808  13776.651681006499
0.000809  13773.969521686326
0.00081  13771.288851886566
0.000811  13768.60967059214
0.000812  13765.931976788823
0.000813  13763.255769463214
0.000814  13760.581047602751
0.000815  13757.9078101957
0.000816  13755.23605623117
0.000817  13752.56578469909
0.000818  13749.896994590239
0.000819  13747.229684896209
0.00082  13744.563854609425
0.000821  13741.89950272315
0.000822  13739.236628231465
0.000823  13736.575230129289
0.000824  13733.915307412355
0.000825  13731.256859077233
0.000826  13728.599884121313
0.000827  13725.944381542808
0.000828  13723.290350340762
0.000829  13720.637789515022
0.00083  13717.986698066292
0.000831  13715.33707499606
0.000832  13712.688919306656
0.000833  13710.042230001225
0.000834  13707.397006083727
0.000835  13704.753246558941
0.000836  13702.11095043247
0.000837  13699.470116710727
0.000838  13696.830744400939
0.000839  13694.192832511153
0.00084  13691.556380050222
0.000841  13688.921386027827
0.000842  13686.287849454446
0.000843  13683.655769341376
0.000844  13681.025144700725
0.000845  13678.395974545405
0.000846  13675.768257889147
0.000847  13673.141993746483
0.000848  13670.517181132753
0.000849  13667.893819064111
0.00085  13665.271906557515
0.000851  13662.651442630715
0.000852  13660.032426302285
0.000853  13657.414856591591
0.000854  13654.798732518806
0.000855  13652.184053104904
0.000856  13649.570817371663
0.000857  13646.959024341662
0.000858  13644.348673038266
0.000859  13641.73976248567
0.00086  13639.13229170883
0.000861  13636.52625973353
0.000862  13633.921665586337
0.000863  13631.318508294611
0.000864  13628.716786886522
0.000865  13626.116500391017
0.000866  13623.517647837847
0.000867  13620.920228257557
0.000868  13618.324240681482
0.000869  13615.729684141741
0.00087  13613.136557671263
0.000871  13610.544860303744
0.000872  13607.954591073685
0.000873  13605.365749016371
0.000874  13602.778333167875
0.000875  13600.192342565058
0.000876  13597.607776245555
0.000877  13595.024633247815
0.000878  13592.442912611043
0.000879  13589.862613375237
0.00088  13587.283734581188
0.000881  13584.706275270457
0.000882  13582.130234485394
0.000883  13579.555611269128
0.000884  13576.98240466556
0.000885  13574.41061371939
0.000886  13571.840237476083
0.000887  13569.271274981875
0.000888  13566.703725283796
0.000889  13564.137587429645
0.00089  13561.572860467993
0.000891  13559.009543448195
0.000892  13556.447635420369
0.000893  13553.887135435412
0.000894  13551.328042545001
0.000895  13548.770355801575
0.000896  13546.214074258341
0.000897  13543.659196969294
0.000898  13541.105722989185
0.000899  13538.55365137353
0.0009  13536.002981178632
0.000901  13533.453711461541
0.000902  13530.905841280086
0.000903  13528.35936969286
0.000904  13525.814295759219
0.000905  13523.270618539289
0.000906  13520.728337093951
0.000907  13518.187450484864
0.000908  13515.647957774423
0.000909  13513.10985802582
0.00091  13510.573150302978
0.000911  13508.037833670598
0.000912  13505.503907194136
0.000913  13502.9713699398
0.000914  13500.440220974562
0.000915  13497.910459366158
0.000916  13495.382084183067
0.000917  13492.855094494536
0.000918  13490.329489370559
0.000919  13487.80526788189
0.00092  13485.28242910003
0.000921  13482.760972097243
0.000922  13480.240895946536
0.000923  13477.722199721678
0.000924  13475.204882497177
0.000925  13472.688943348292
0.000926  13470.174381351047
0.000927  13467.6611955822
0.000928  13465.149385119259
0.000929  13462.638949040482
0.00093  13460.129886424877
0.000931  13457.62219635219
0.000932  13455.115877902917
0.000933  13452.610930158298
0.000934  13450.107352200317
0.000935  13447.605143111705
0.000936  13445.104301975929
0.000937  13442.60482787719
0.000938  13440.106719900454
0.000939  13437.609977131406
0.00094  13435.114598656482
0.000941  13432.620583562844
0.000942  13430.127930938408
0.000943  13427.636639871822
0.000944  13425.146709452463
0.000945  13422.65813877045
0.000946  13420.170926916644
0.000947  13417.68507298263
0.000948  13415.200576060728
0.000949  13412.717435244002
0.00095  13410.235649626231
0.000951  13407.755218301945
0.000952  13405.27614036639
0.000953  13402.798414915547
0.000954  13400.322041046138
0.000955  13397.847017855589
0.000956  13395.373344442085
0.000957  13392.901019904513
0.000958  13390.430043342503
0.000959  13387.9604138564
0.00096  13385.492130547284
0.000961  13383.025192516956
0.000962  13380.559598867943
0.000963  13378.095348703493
0.000964  13375.632441127578
0.000965  13373.170875244887
0.000966  13370.710650160843
0.000967  13368.25176498158
0.000968  13365.794218813955
0.000969  13363.338010765543
0.00097  13360.883139944637
0.000971  13358.429605460258
0.000972  13355.977406422126
0.000973  13353.526541940695
0.000974  13351.077011127125
0.000975  13348.628813093295
0.000976  13346.1819469518
0.000977  13343.736411815942
0.000978  13341.292206799753
0.000979  13338.849331017955
0.00098  13336.407783586
0.000981  13333.967563620035
0.000982  13331.528670236943
0.000983  13329.091102554285
0.000984  13326.654859690363
0.000985  13324.219940764158
0.000986  13321.786344895383
0.000987  13319.354071204443
0.000988  13316.92311881246
0.000989  13314.49348684125
0.00099  13312.065174413348
0.000991  13309.638180651986
0.000992  13307.212504681098
0.000993  13304.788145625324
0.000994  13302.365102610009
0.000995  13299.943374761197
0.000996  13297.522961205636
0.000997  13295.103861070766
0.000998  13292.686073484745
0.000999  13290.269597576407
0.001  13287.854432475304
