0.0 0.0
0.12960617550411255 0.0
0.12701130119883208 0.017810589214720063
0.12520668022051726 0.035859841387520075
0.1240075375264599 0.054040742296320055
0.12325041682008724 0.07227219212864
0.12280203739519874 0.09049621600640007
0.1225615704374761 0.10867335387136007
0.12245905629892433 0.12677758660864002
0.12245227555555528 0.14479159575808004
0.12252345851780372 0.16270256709440006
0.12267644607833016 0.18049850986496002
0.12293429759882345 0.19816495411135998
0.12333685393421587 0.21568190434176
0.1239373639506923 0.23302099490560002
0.12479692594832546 0.25014301579840004
0.12597556079494257 0.2669961028192
0.1275195799452127 0.28351515775232
0.12944744265836725 0.29962314745664004
0.13174067651556393 0.3152347922540801
0.1343503267797667 0.33026265367424007
0.13722608323007424 0.3446248478662401
0.14035856554986179 0.35825287575424
0.1438048543536566 0.37109781521472
0.14767105377007764 0.38413214155622005
0.15206121398165257 0.40166857775021997
0.1570305253694827 0.41796184867422
0.16256970023079576 0.43306288054422
0.16861770378259108 0.44703975137622004
0.1750851744638291 0.45997072100222
0.18187548425798397 0.47193868038622006
0.18889733519366705 0.48302654817622
0.19607091359941994 0.49331478441722004
0.2033304604132823 0.5028792165952201
0.21062285872920458 0.51179023926022
0.21790620075233966 0.52011253606422
0.2251483434725013 0.52790464675022
0.2323246208119135 0.53521957625722
0.23941631460106355 0.5421053054732201
0.24641011786782901 0.54860404980722
0.2532956779340841 0.5547548611892201
0.26006621773772975 0.5605917200392201
0.26671689468650794 0.56614569610222
0.2732447051130089 0.57144448175722
0.27964806112874574 0.57651278259722
0.28592625042570535 0.5813732164532199
0.292079512044519 0.5860455916132201
0.2981084985786774 0.59054839431922
0.3040144206569362 0.59489774022022
0.3097987095961677 0.59910868787222
0.3154630565997008 0.60319454186022
0.32100927317577344 0.6071675845012201
0.3264392554786585 0.6110389238212199
0.33175493986355775 0.6148186335922201
0.3369582768124717 0.61851610347222
0.3420511494658075 0.6221394964482201
0.3470354274924207 0.6256965784642201
0.3519129610158281 0.6291946731812199
0.3566854444374534 0.6326400554832201
0.36135450414057535 0.6360385936422199
0.36592175623470546 0.6393959373082201
0.370388670643071 0.64271709493122
0.37475656553169795 0.64600655526122
0.3790267506546841 0.6492686489722199
0.3832004648403291 0.6525073948692199
0.3872787074707207 0.6557262577102201
0.39126243575867 0.65892851834522
0.3951526111715884 0.66211733940722
0.3989500692095887 0.6652955696082201
0.4026554105938074 0.6684656587942199
0.40626922538396615 0.67162994426522
0.4097921103410014 0.6747906668592201
0.4132245133260238 0.67794976800822
0.41656686818309546 0.6811089411262201
0.4198196883068193 0.6842695115942201
0.4229835331682291 0.68743245624222
0.42605897732054115 0.69059870520422
0.42904662073045013 0.69376906570722
0.4319471132238708 0.69694389189522
0.4347611169969943 0.7001233919072201
0.43748930420268173 0.7033077582112199
0.4401323612281763 0.7064971134712201
0.4426909995914343 0.7096912914962201
0.4451659382126773 0.71289005678122
0.4475579037579639 0.7160931762652201
0.4498676362455723 0.7193003204242201
0.45209588579304244 0.7225109690812199
0.4542434084386487 0.7257245938302199
0.4563109660172002 0.7289406777152201
0.4582993264648679 0.7321587093472199
0.4602092698908293 0.73537806005322
0.4620415821459874 0.73859799701122
0.46379705269670995 0.74181780362122
0.46547647499270334 0.74503678319722
0.4670806463541944 0.74825425709322
0.4686103721164385 0.75146949131222
0.47006646335454055 0.7546816772532201
0.4714497333059828 0.7578900261872201
0.4727609975878762 0.7610937739302199
0.4740010739885625 0.76429218174122
0.4751707850129769 0.76748451047622
0.47627095955243914 0.77066993349922
0.47730242806831374 0.77384763249122
0.4782660218694512 0.7770168169652201
0.47916257289237396 0.7801767236522201
0.4799929134831245 0.78332661591422
0.48075787618257015 0.78646578315322
0.4814582955528887 0.78959352361422
0.4820950137221499 0.7927090709942202
0.48266887323847185 0.7958116578472201
0.48318071554909475 0.7989005457512202
0.4836313808404778 0.8019750246422201
0.48402170785615045 0.8050344121592201
0.48435253371927994 0.8080780530162202
0.4846246937580044 0.8111053183672201
0.48483902444312266 0.81411557969022
0.4849963680641968 0.8171081648712202
0.4850975651173738 0.8200824206222201
0.48514345316849 0.82303772175722
0.4851348667116156 0.82597347052022
0.485072637030575 0.8288890959262201
0.48495759206515165 0.83178405311722
0.4847905566584995 0.8346578190912202
0.4845723592603277 0.83750984686222
0.4843038302816607 0.8403395810552201
0.48398579590574414 0.8431464926922201
0.483619077816287 0.8459300792742201
0.4832044931001309 0.8486898641202201
0.482742854151759 0.8514253957182201
0.48223496858207676 0.8541362470812202
0.4816816359092982 0.85682202313322
0.4810836628530412 0.85948229362522
0.48044186229390434 0.86211660765522
0.4797570411848901 0.8647245402002202
0.4790300004693099 0.86730569154022
0.4782615350293566 0.86985968658622
0.4774524336366324 0.8723861742282202
0.4766034789056363 0.8748848266962201
0.47571544724921755 0.87735533892822
0.474789108836591 0.87979742795722
0.47382522751691064 0.88221083233222
0.4728245607205172 0.8845952964772201
0.47178788114662434 0.88695051743922
0.4707159627030635 0.88927619800622
0.46960957163529515 0.89157206429722
0.4684694665301266 0.89383786510622
0.467296398320405 0.89607337126022
0.4660911102918801 0.89827837499422
0.4648543380911335 0.90045268932722
0.46358680973476957 0.90259614746522
0.46228924561996226 0.9047086022092201
0.4609623585362533 0.9067899253682201
0.4596068537670822 0.9088400057522201
0.45822344018268973 0.9108587074732202
0.45681283924999366 0.9128458742232202
0.45537576569324634 0.9148013697712201
0.45391292527670596 0.91672507767022
0.4524250148617364 0.9186169006502201
0.4509127224632987 0.9204767600242201
0.44937672730772693 0.9223045951112201
0.44781769988998943 0.9241003626662201
0.4462363020318274 0.92586403632322
0.4446331869396696 0.9275956060542201
0.4430089990051321 0.9292950772542201
0.4413643799909671 0.9309624467622202
0.43969998758092976 0.93259769021522
0.43801647397281984 0.93420079704622
0.4363144815496292 0.93577177324022
0.4345946429799877 0.93731064077722
0.43285758131665375 0.9388174370932201
0.43110391009534627 0.9402922145522201
0.42933423343221677 0.94173503992322
0.42754914612095946 0.9431459938792202
0.4257492337295567 0.9445251704962201
0.423935072695358 0.9458726767732202
0.4221072308071221 0.94718863105322
0.42026628116512105 0.9484731334052201
0.41841280063085035 0.94972628340222
0.416547355815528 0.95094819769622
0.4146705034521484 0.9521390053722201
0.4127827905212462 0.9532988474762201
0.41088475437518057 0.9544278765582201
0.40897692286133813 0.95552625621222
0.407059814443554 0.95659416064322
0.4051339383233501 0.9576317742352201
0.40319979455798816 0.95863929112822
0.4012578753206977 0.95961691188722
0.3993086743281626 0.9605648275552201
0.39735267931064544 0.96148324202122
0.3953903683281351 0.9623723696722202
0.3934222102167039 0.96323243343022
0.39144866471884343 0.9640636643662202
0.3894701826121102 0.96486630132422
0.3874872058363811 0.96564059055922
0.38550016761971695 0.9663867853752202
0.3835094926019348 0.96710514577822
0.3815155969572878 0.96779593813922
0.3795188885155521 0.9684594348592201
0.37751976903187795 0.96909591046822
0.37551863299855476 0.9697056432612201
0.37351586164745687 0.9702889252232201
0.3715118283072976 0.97084605319122
0.36950689865464914 0.9713773283402201
0.3675014308228645 0.9718830558982201
0.36549577550940365 0.9723635448822201
0.3634902760824644 0.97281910783122
0.36148526864372477 0.97325005999222
0.3594810735515473 0.9736567282562201
0.3574779995841783 0.97403944767622
0.35547634926158256 0.97439855517922
0.3534764189333915 0.9747343893412201
0.35147849885745286 0.9750472901862202
0.34948287327818445 0.97533759898822
0.34748982115244176 0.97560565724722
0.3454996059420532 0.97585181539022
0.34351247034620364 0.9760764389052201
0.34152865182230313 0.97627989346322
0.339548383420862 0.97646254397422
0.3375718938216557 0.97662475446222
0.3355994073692931 0.97676688793722
0.3336311441086855 0.9768893062722201
0.3316673134899532 0.97699237503722
0.3297080988704314 0.97707647633322
0.3277536786628713 0.9771419919442201
0.3258042287524462 0.9771893007372201
0.3238599223919271 0.9772187786692201
0.32192092885534657 0.9772307996902201
0.3199873977610198 0.9772257480522202
0.3180594654546882 0.97720401363222
0.3161372669460248 0.9771659821422201
0.3142209360796175 0.9771120349162201
0.3123106084899829 0.97704254632822
0.31040640172855727 0.97695789896122
0.30850840338215674 0.97685849384422
0.3066167009144622 0.97674472668522
0.30473138264411365 0.97661698704322
0.3028525376278953 0.9764756583832201
0.30098025554652125 0.9763211181362201
0.29911462701602703 0.97615373730522
0.29725572805202505 0.9759738909732201
0.29540359222400525 0.9757819820412201
0.29355825054151036 0.9755784101702201
0.29171973749938673 0.97536356670722
0.28988809087277273 0.97513783482522
0.28806335151818757 0.9749015896642201
0.2862455631810208 0.97465519846722
0.2844347679450829 0.9743990239142202
0.2826309638562059 0.9741334556922201
0.28083414828442826 0.97385887910222
0.279044327792586 0.9735756669392202
0.2772615069102938 0.9732841887872201
0.275485688179205 0.9729848143662201
0.27371685037557153 0.9726779030502202
0.2719549715316703 0.97236380478622
0.27020003616821064 0.9720428601482201
0.26845203497522824 0.97171540055022
0.26671096814078543 0.9713817483982201
0.264976847603172 0.9710422172522202
0.26324962208404573 0.9706971131542201
0.26152923663054717 0.97034673391422
0.25981564496062026 0.9699913691162201
0.2581088090575078 0.9696313003022201
0.2564086987753472 0.96926680115422
0.25471529145696675 0.96889813768322
0.25302857156248165 0.96852556839722
0.2513485303088912 0.96814934448022
0.2496751656942761 0.9677697099442202
0.2480084751577839 0.9673869015872201
0.24634839475388837 0.9670011504602201
0.24469485230419963 0.9666126813062201
0.24304778606570396 0.96622171228422
0.24140714423896187 0.9658284551182201
0.23977288448930573 0.9654331152582201
0.2381449734835377 0.96503589201822
0.23652338644042803 0.9646369787312201
0.2349081066943134 0.9642365628852201
0.23329912527309518 0.9638348262672201
0.23169644048833785 0.96343194509322
0.23010003665991946 0.9630280903672201
0.22850983967332233 0.96262342872522
0.22692579376160865 0.96221812170622
0.225347854598007 0.9618123257132201
0.22377598776880897 0.9614061921442201
0.22221016826476805 0.96099986751722
0.22065037998749853 0.96059349358922
0.21909661512717474 0.96018720744222
0.21754884570885843 0.95978114209722
0.2160070165714759 0.9593754270022201
0.21447108176051116 0.95897018727122
0.21294100602521052 0.95856554373422
0.21141676425678166 0.95816161304622
0.20989834094419282 0.9577585077892201
0.2083857296483722 0.9573563365782201
0.20687892745299372 0.9569552042312202
0.20537789701987247 0.9565552127152201
0.20388259017672505 0.9561564608562201
0.2023929701282312 0.9557590438152201
0.20090901101893388 0.9553630531642201
0.19943069733263835 0.95496857698722
0.1979580233123113 0.9545756999702202
0.1964909927809815 0.9541845034682201
0.195029595130971 0.9537950661032202
0.19357378282742577 0.9534074645592201
0.19212351612494472 0.9530217724832202
0.19067876713779286 0.9526380604312201
0.18923951917540022 0.9522563959602202
0.18780576609976124 0.9518768437002201
0.1863775117056335 0.95149946544222
0.18495476750753212 0.95112432024822
0.18353751683481964 0.95075146538022
0.18212571756141008 0.9503809564072201
0.18071933880078211 0.9500128462812201
0.17931836178938268 0.94964718535822
0.17792277917552624 0.9492840214732201
0.17653259433339305 0.94892340001522
0.17514782106072968 0.94856536398422
0.1737684665725947 0.9482099544512201
0.17239449251792985 0.94785721168022
0.17102586453131807 0.9475071738802201
0.16966256137641422 0.9471598770132201
0.1683045741585437 0.9468153548562201
0.16695190556530065 0.9464736390712201
0.16560456913504668 0.9461347592712201
0.16426258759000595 0.94579874310322
0.16292595712474428 0.94546561719022
0.16159463987493983 0.9451354074002201
0.16026860917793564 0.9448081377212201
0.1589478518701486 0.9444838302432201
0.1576323674399675 0.94416250521522
0.15632216721195097 0.9438441811132201
0.15501727363212595 0.9435288746922201
0.1537177118765586 0.9432166012352201
0.1524234526412502 0.94290737600822
0.15113446052570478 0.9426012130972201
0.1498507150941041 0.94229812492522
0.14857220991960518 0.9419981223032201
0.14729895166473794 0.9417012144992201
0.14603095919810274 0.9414074092832201
0.14476826274516816 0.94111671298722
0.14351088366149659 0.94082913103122
0.14225879035247957 0.94054466898822
0.14101195390813973 0.94026333128822
0.1397703609130787 0.9399851209482202
0.13853401241017396 0.93971003963022
0.13730292290657603 0.9394380876922201
0.1360771194189056 0.9391692642432201
0.13485663732623804 0.9389035672802202
0.13364145911976916 0.93864099509822
0.1324315480054397 0.9383815455212201
0.13122688415347253 0.93812521513322
0.13002746363056988 0.9378719993292202
0.12883329728190956 0.9376218923662201
0.12764440965984167 0.93737488741122
0.12646083799338506 0.93713097659022
0.1252826089418359 0.93689015154822
0.1241096893005717 0.9366524044832201
0.12294204888209546 0.93641772680922
0.12177967521509386 0.9361861088872201
0.1206225722744332 0.9359575400762201
0.11947075926595514 0.9357320087822201
0.1183242694631727 0.93550950250222
0.11718314843536345 0.93529000791522
0.11604738523489053 0.9350735122782201
0.1149169354070921 0.9348600029132201
0.1137917740034944 0.9346494662112201
0.11267189467440909 0.9344418876712202
0.1115573082714283 0.93423725194822
0.11044804151221989 0.9340355429002201
0.1093441357056227 0.93383674363122
0.10824563511229857 0.9336408367562201
0.1071525171466409 0.9334478057432201
0.10606474213957831 0.93325763389922
0.10498229130663149 0.93307030373122
0.10390516531240823 0.93288579699522
0.10283338273379773 0.9327040947432201
0.10176697859496504 0.9325251773652201
0.10070600451545217 0.93234902463122
0.09965046459850563 0.93217561685322
0.09860030678453714 0.93200493492522
0.09755549981604798 0.9318369590682201
0.09651603438263477 0.9316716688312201
0.09548192134898277 0.93150904313822
0.09445319006875937 0.9313490603332202
0.09342988678010794 0.93119169822022
0.09241206392340161 0.93103693428722
0.09139969995589525 0.93088474702822
0.09039274581322367 0.9307351150802201
0.08939117694282601 0.9305880164732201
0.0883949918657406 0.9304434286752201
0.08740421021179706 0.9303013286372201
0.08641887085280907 0.9301616928352201
0.08543903334958095 0.93002449728422
0.08446472210586192 0.9298897184492201
0.08349587176650378 0.92975733386722
0.08253243671334022 0.92962732063622
0.081574398204219 0.9294996553372201
0.08062176204469279 0.92937431408022
0.07967455638151014 0.9292512725492201
0.07873282961220697 0.9291305060452202
0.0777966469286916 0.9290119895532201
0.07686601898452522 0.9288956988052202
0.07594088273653415 0.9287816103812201
0.07502119910684507 0.92866970044222
0.07410695750720593 0.92855994471622
0.0731981732272753 0.92845231854522
0.07229488496551197 0.9283467969302202
0.07139715523227753 0.9282433545472202
0.07050502872784777 0.92814196636622
0.0696184330325624 0.92804260867522
0.06873731044431902 0.9279452575382201
0.06786163605965556 0.92784988862322
0.06699141468643753 0.92775647725022
0.06612667793154557 0.92766499843122
0.06526748145716368 0.9275754269202201
0.06441390014455775 0.9274877372842201
0.0635659405670742 0.9274019049882201
0.06272352466226383 0.9273179063602202
0.061886604524605864 0.92723571741622
0.06105516703433017 0.9271553138412201
0.06022923036720218 0.9270766710412202
0.05940884071310869 0.92699976418622
0.05859407290686137 0.9269245682302201
0.05778499321022486 0.9268510584102201
0.05698150916002289 0.9267792114892202
0.05618354008992313 0.92670900414822
0.05539104707907627 0.92664041274922
0.05460402867049735 0.9265734133872201
0.053822516858348074 0.9265079819362201
0.05304657333082019 0.9264440940932201
0.05227628583201922 0.9263817254232201
0.051511667949697665 0.92632085233022
0.05075263159172503 0.9262614522242201
0.04999914708793326 0.92620350206122
0.04925122430052958 0.92614697857622
0.04850890869767909 0.9260918583312201
0.04777224006441209 0.92603811809822
0.04704115966148934 0.9259857355472201
0.04631563067976464 0.9259346882872201
0.04559565966458581 0.9258849537282201
0.044881291415671674 0.9258365091212202
0.04417258232338751 0.9257893317972201
0.043469489982526165 0.92574339998522
0.042771970359763746 0.9256986920402202
0.042080026800090216 0.9256551861292202
0.04139370460818483 0.92561286027722
0.04071305760995906 0.9255716926522202
0.04003802397547132 0.92553166234422
0.03936855613313828 0.92549274849222
0.038704658186811826 0.92545493006322
0.038046379373749065 0.9254181859052202
0.037393786315681785 0.9253824949482201
0.03674683201289708 0.9253478370252202
0.03610546040383089 0.9253141921592201
0.035469672115179124 0.9252815402132202
0.0348395172997647 0.9252498609442201
0.03421507035541823 0.9252191341952201
0.033596264836195794 0.9251893407712202
0.032983030814529066 0.92516046165022
0.032375362264444936 0.92513247765622
0.031773308358325196 0.9251053695132201
0.031176955920223775 0.9250791179542202
0.03058628225496792 0.9250537045102201
0.03000120764680692 0.92502911114522
0.029421720024204286 0.9250053196852202
0.02884786849310781 0.92498231186722
0.028279741613646756 0.9249600694782201
0.027717276993126167 0.9249385751952202
0.027160387813728173 0.9249178119672201
0.026609065562701005 0.9248977626052202
0.026063368539705076 0.92487840984722
0.025523398108800395 0.9248597364712201
0.024989119083590826 0.9248417260622201
0.024460435137682906 0.92482436260822
0.02393733393577754 0.92480762997622
0.023419877391324274 0.9247915119622201
0.02290818212112849 0.92477599241622
0.02240217378957969 0.9247610560892201
0.021901730790536367 0.9247466880562201
0.021406831975730962 0.92473287326722
0.020917540686994373 0.92471959660122
0.020433984927461804 0.92470684295222
0.01995616828536991 0.9246945978822201
0.019483959209705255 0.9246828475442201
0.019017325783025528 0.9246715779892201
0.018556331890541823 0.9246607752062201
0.018101118499029602 0.9246504252182202
0.017651613831243685 0.92464051486622
0.01720766324913855 0.9246310313692201
0.016769240732979324 0.9246219618312201
0.01633642715363846 0.92461329330022
0.01590937317141878 0.9246050128802201
0.015488032279476713 0.9245971084132201
0.01507229384505837 0.92458956807422
0.014662182609453914 0.92458237993822
0.014257784634843736 0.92457553217222
0.013859026071339983 0.92456901350522
0.013465881738884541 0.92456281276922
0.013078445982088337 0.92455691877922
0.012696682732135367 0.92455132082922
0.012320500245340293 0.92454600850822
0.011949957602436986 0.92454097135122
0.011585143516598695 0.9245361990652201
0.0112259536757721 0.9245316819012201
0.010872390389211865 0.9245274101352201
0.010524562092578522 0.92452337410422
0.01018236177699879 0.92451956467722
0.009845739458270218 0.9245159728352201
0.009514815368203432 0.92451258953522
0.009189596414764434 0.92450940611622
0.00886996713483122 0.92450641426822
0.0085560096182261 0.92450360564022
0.008247809828088239 0.92450097210322
0.007945176178925708 0.9244985060312201
0.007648110358370665 0.9244961997822201
0.007356791643804482 0.92449404573522
0.007071157450548504 0.92449203673722
0.006791104713828717 0.92449016585722
0.006516786246295587 0.92448842613322
0.006248181422267453 0.9244868109642201
0.005985089775199817 0.92448531407422
0.005727615064404542 0.92448392913722
0.00547594915141456 0.9244826499722201
0.005229881467033677 0.92448147088722
0.004989401996225585 0.92448038622522
0.00475478425751158 0.9244793903592201
0.004525794864183345 0.92447847815322
0.004302226879858415 0.92447764461722
0.004084299564795677 0.9244768847132201
0.0038722377262799235 0.92447619360622
0.003665742432685718 0.92447556690522
0.003464892459096803 0.92447500020822
0.003269949772174149 0.9244744892372201
0.0030804533488138107 0.92447403015122
0.0028963969896906947 0.92447361910222
0.002718200466520417 0.92447325227622
0.0025456973320091203 0.92447292624022
0.0023787484498933972 0.9244726377042201
0.0022175592737606917 0.92447238344822
0.002061968622541241 0.92447216051322
0.0019121533180846409 0.9244719660212202
0.0017678316542429808 0.9244717973432202
0.0016292563664290823 0.92447165190222
0.0014962970378195044 0.9244715273442201
0.0013691281978518719 0.92447142142122
0.0012475426606344672 0.9244713320832201
0.0011314119543525945 0.92447125740422
0.0010211498123896268 0.92447119553922
0.0009164888024646958 0.92447114486422
0.0008177008427813595 0.92447110383722
0.0007241444786662341 0.9244710711092201
0.0006364984456721425 0.92447104536422
0.0005544086593026064 0.9244710254842201
0.00047805323901138424 0.92447101043922
0.00040745556401067446 0.92447099932222
0.00034228374781021406 0.92447099134722
0.0002828995065434231 0.92447098581222
0.0002294032433914935 0.9244709821292201
0.00018106110863788866 0.9244709798122202
0.00013864440747870157 0.9244709784462202
0.00010188890134772817 0.9244709777142202
7.079758725933955e-05 0.92447097737022
4.5376608942980994e-05 0.9244709772392201
2.5640062866204333e-05 0.9244709772062201
1.1624437803863052e-05 0.92447097720322
3.4652565053771437e-06 0.9244709772042201
2.0000095839697236e-06 0.9244709772042201
0.0 0.9244709772042201
