0.0000000000000 0.000000000000
0.1036850787794 0.000000000000
0.1016092775489 0.027829045648
0.1001657541324 0.056031002168
0.0992067466564 0.084438659838
0.0986015925573 0.112925300201
0.0982438470496 0.141400337510
0.0980531612085 0.169802115424
0.0979741140551 0.198089979076
0.0979738779980 0.226236868372
0.0980398741583 0.254222761085
0.0981779882925 0.282028921664
0.0984114725844 0.309632740799
0.0987803355704 0.337002975534
0.0993407772241 0.364095304540
0.1001639713554 0.390848462185
0.1013333891541 0.417181410655
0.1029398681263 0.442992433988
0.1050740279857 0.468161167901
0.1078164612216 0.492554362897
0.1112272314333 0.516035396366
0.1153370875641 0.538476324791
0.1201428108406 0.559770118366
0.1256080007677 0.579840336273
0.1316688554555 0.598646219537
0.1382430410279 0.616182655731
0.1452392513984 0.632475926655
0.1525655261397 0.647576958525
0.1601353193672 0.661553829357
0.1678710716523 0.674484798983
0.1757062578436 0.686452758367
0.1835851070873 0.697540626157
0.1914618825791 0.707828862398
0.1993004824238 0.717393294576
0.2070723656254 0.726304317241
0.2147554398368 0.734626614045
0.2223332818986 0.742418724731
0.2297936410498 0.749733654238
0.2371275946312 0.756619383454
0.2443295228274 0.763118127788
0.2513952166082 0.769268939170
0.2583227427494 0.775105798020
0.2651111583007 0.780659774083
0.2717605908191 0.785958559738
0.2782719828718 0.791026860578
0.2846466950092 0.795887294434
0.2908866499322 0.800559669594
0.2969939036150 0.805062472300
0.3029708162963 0.809411818201
0.3088197878747 0.813622765853
0.3145433139342 0.817708619841
0.3201438871807 0.821681662482
0.3256239788299 0.825553001802
0.3309860132156 0.829332711573
0.3362323602089 0.833030181453
0.3413652564140 0.836653574429
0.3463868798967 0.840210656445
0.3512993494547 0.843708751162
0.3561045868876 0.847154133464
0.3608044178377 0.850552671623
0.3654006349638 0.853910015289
0.3698948606918 0.857231172912
0.3742885461090 0.860520633242
0.3785831199306 0.863782726953
0.3827799262704 0.867021472850
0.3868800560234 0.870240335691
0.3908845486406 0.873442596326
0.3947944399903 0.876631417388
0.3986106317209 0.879809647589
0.4023337830221 0.882979736775
0.4059645373454 0.886144022246
0.4095035403567 0.889304744840
0.4129512837739 0.892463845989
0.4163082410944 0.895623019107
0.4195749610674 0.898783589575
0.4227520349870 0.901946534223
0.4258400675805 0.905112783185
0.4288396871358 0.908283143688
0.4317515688428 0.911457969876
0.4345763989857 0.914637469888
0.4373148731252 0.917821836192
0.4399677001926 0.921011191452
0.4425356127520 0.924205369477
0.4450193501575 0.927404134762
0.4474196591129 0.930607254246
0.4497372989781 0.933814398405
0.4519730383261 0.937025047062
0.4541276512881 0.940238671811
0.4562019174348 0.943454755696
0.4581966220251 0.946672787328
0.4601125618061 0.949892138034
0.4619505386500 0.953112074992
0.4637113576639 0.956331881602
0.4653958275283 0.959550861178
0.4670047603513 0.962768335074
0.4685389756849 0.965983569293
0.4699992982383 0.969195755234
0.4713865544414 0.972404104168
0.4727015726516 0.975607851911
0.4739451829337 0.978806259722
0.4751182195694 0.981998588457
0.4762215226447 0.985184011480
0.4772559333547 0.988361710472
0.4782222933004 0.991530894946
0.4791214442679 0.994690801633
0.4799542280124 0.997840693895
0.4807214860483 1.000979861134
0.4814240614712 1.004107601595
0.4820628044675 1.007223148975
0.4826385652349 1.010325735828
0.4831521924928 1.013414623732
0.4836045333313 1.016489102623
0.4839964330392 1.019548490140
0.4843287349377 1.022592130997
0.4846022802176 1.025619396348
0.4848179108785 1.028629657671
0.4849764744034 1.031622242852
0.4850788161910 1.034596498603
0.4851257784347 1.037551799738
0.4851181999925 1.040487548501
0.4850569162600 1.043403173907
0.4849427590481 1.046298131098
0.4847765568408 1.049171897072
0.4845591414978 1.052023924843
0.4842913466280 1.054853659036
0.4839740014215 1.057660570673
0.4836079303876 1.060444157255
0.4831939532668 1.063203942101
0.4827328849444 1.065939473699
0.4822255353681 1.068650325062
0.4816727062489 1.071336101114
0.4810752063515 1.073996371606
0.4804338504669 1.076630685636
0.4797494473403 1.079238618181
0.4790227995956 1.081819769521
0.4782547036903 1.084373764567
0.4774459498721 1.086900252209
0.4765973221382 1.089398904677
0.4757095981963 1.091869416909
0.4747835494279 1.094311505938
0.4738199408169 1.096724910313
0.4728195308541 1.099109374458
0.4717830932245 1.101464595420
0.4707114027579 1.103790275987
0.4696052265637 1.106086142278
0.4684653240381 1.108351943087
0.4672924468721 1.110587449241
0.4660873390615 1.112792452975
0.4648507369178 1.114966767308
0.4635833690802 1.117110225446
0.4622859565288 1.119222680190
0.4609592125989 1.121304003349
0.4596038430848 1.123354083733
0.4582205573325 1.125372785454
0.4568100772524 1.127359952204
0.4553731179846 1.129315447752
0.4539103856833 1.131239155651
0.4524225775755 1.133130978631
0.4509103820190 1.134990838005
0.4493744785616 1.136818673092
0.4478155379997 1.138614440647
0.4462342224377 1.140378114304
0.4446311853471 1.142109684035
0.4430070713681 1.143809155235
0.4413625224957 1.145476524743
0.4396981966302 1.147111768196
0.4380147461727 1.148714875027
0.4363128136972 1.150285851221
0.4345930320518 1.151824718758
0.4328560244579 1.153331515074
0.4311024046097 1.154806292533
0.4293327767723 1.156249117904
0.4275477358794 1.157660071860
0.4257478676306 1.159039248477
0.4239337485870 1.160386754754
0.4221059466537 1.161702709034
0.4202650350396 1.162987211386
0.4184115907081 1.164240361383
0.4165461803665 1.165462275677
0.4146693608383 1.166653083353
0.4127816791893 1.167812925457
0.4108836728522 1.168941954539
0.4089758697501 1.170040334193
0.4070587884182 1.171108238624
0.4051329381253 1.172145852216
0.4031988189921 1.173153369109
0.4012569232516 1.174130989868
0.3993077446765 1.175078905536
0.3973517710500 1.175997320002
0.3953894804821 1.176886447653
0.3934213418561 1.177746511411
0.3914478149591 1.178577742347
0.3894693506108 1.179380379305
0.3874863907909 1.180154668540
0.3854993687651 1.180900863356
0.3835087092088 1.181619223759
0.3815148283299 1.182310016120
0.3795181339900 1.182973512840
0.3775190279743 1.183609988449
0.3755179048035 1.184219721242
0.3735151457365 1.184803003204
0.3715111241276 1.185360131172
0.3695062056776 1.185891406321
0.3675007485428 1.186397133879
0.3654951034424 1.186877622863
0.3634896137652 1.187333185812
0.3614846156324 1.187764137973
0.3594804294210 1.188170806237
0.3574773639270 1.188553525657
0.3554757216872 1.188912633160
0.3534757990672 1.189248467322
0.3514778863400 1.189561368167
0.3494822677644 1.189851676969
0.3474892223109 1.190119735228
0.3454990134544 1.190365893371
0.3435118839067 1.190590516886
0.3415280711372 1.190793971444
0.3395478082078 1.190976621955
0.3375713238091 1.191138832443
0.3355988422960 1.191280965918
0.3336305837232 1.191403384253
0.3316667575502 1.191506453018
0.3297075471435 1.191590554314
0.3277531309246 1.191656069925
0.3258036847870 1.191703378718
0.3238593819914 1.191732856650
0.3219203918194 1.191744877671
0.3199868638967 1.191739826033
0.3180589345762 1.191718091613
0.3161367388744 1.191680060123
0.3142204106424 1.191626112897
0.3123100855209 1.191556624309
0.3104058810674 1.191471976942
0.3085078848748 1.191372571825
0.3066161844126 1.191258804666
0.3047308680050 1.191131065024
0.3028520247141 1.190989736364
0.3009797442257 1.190835196117
0.2991141171607 1.190667815286
0.2972552195395 1.190487968954
0.2954030849366 1.190296060022
0.2935577443664 1.190092488151
0.2917192323284 1.189877644688
0.2898875866022 1.189651912806
0.2880628480486 1.189415667645
0.2862450604171 1.189169276448
0.2844342657955 1.188913101895
0.2826304622339 1.188647533673
0.2808336471065 1.188372957083
0.2790438269801 1.188089744920
0.2772610063882 1.187798266768
0.2754851878763 1.187498892347
0.2737163502244 1.187191981031
0.2719544714684 1.186877882767
0.2701995361325 1.186556938129
0.2684515349101 1.186229478531
0.2667104679925 1.185895826379
0.2649763473211 1.185556295233
0.2632491216207 1.185211191135
0.2615287359415 1.184860811895
0.2598151440044 1.184505447097
0.2581083077955 1.184145378283
0.2564081971717 1.183780879135
0.2547147894785 1.183412215664
0.2530280691786 1.183039646378
0.2513480274915 1.182663422461
0.2496746624177 1.182283787925
0.2480079713987 1.181900979568
0.2463478904914 1.181515228441
0.2446943475198 1.181126759287
0.2430472807432 1.180735790265
0.2414066383644 1.180342533099
0.2397723780509 1.179947193239
0.2381444664716 1.179549969999
0.2365228788473 1.179151056712
0.2349075985143 1.178750640866
0.2332986165024 1.178348904248
0.2316959311250 1.177946023074
0.2300995267038 1.177542168348
0.2285093291262 1.177137506706
0.2269252826271 1.176732199687
0.2253473428815 1.176326403694
0.2237754754774 1.175920270125
0.2222096554072 1.175513945498
0.2206498665741 1.175107571570
0.2190961011698 1.174701285423
0.2175483312209 1.174295220078
0.2160065015679 1.173889504983
0.2144705662578 1.173484265252
0.2129404900413 1.173079621715
0.2114162478110 1.172675691027
0.2098978240572 1.172272585770
0.2083852123421 1.171870414559
0.2068784097506 1.171469282212
0.2053773789458 1.171069290696
0.2038820717567 1.170670538837
0.2023924513892 1.170273121796
0.2009084919890 1.169877131145
0.1994301780410 1.169482654968
0.1979575037892 1.169089777951
0.1964904730576 1.168698581449
0.1950290752395 1.168309144084
0.1935732628011 1.167921542540
0.1921229959980 1.167535850464
0.1906782469454 1.167152138412
0.1892389989536 1.166770473941
0.1878052458854 1.166390921681
0.1863769915363 1.166013543423
0.1849542474215 1.165638398229
0.1835369968711 1.165265543361
0.1821251977598 1.164895034388
0.1807188192018 1.164526924262
0.1793178424342 1.164161263339
0.1779222601059 1.163798099454
0.1765320755916 1.163437477996
0.1751473026895 1.163079441965
0.1737679486151 1.162724032432
0.1723939750179 1.162371289661
0.1710253475330 1.162021251861
0.1696620449245 1.161673954994
0.1683040582981 1.161329432837
0.1669513903417 1.160987717052
0.1656040545939 1.160648837252
0.1642620737771 1.160312821084
0.1629254440861 1.159979695171
0.1615941276569 1.159649485381
0.1602680978271 1.159322215702
0.1589473414333 1.158997908224
0.1576318579640 1.158676583196
0.1563216587438 1.158358259094
0.1550167662187 1.158042952673
0.1537172055647 1.157730679216
0.1524229474779 1.157421453989
0.1511339565579 1.157115291078
0.1498502123689 1.156812202906
0.1485717084840 1.156512200284
0.1472984515656 1.156215292480
0.1460304604821 1.155921487264
0.1447677654587 1.155630790968
0.1435103878507 1.155343209012
0.1422582960634 1.155058746969
0.1410114611867 1.154777409269
0.1397698698050 1.154499198929
0.1385335229609 1.154224117611
0.1373024351612 1.153952165673
0.1360766334221 1.153683342224
0.1348561531222 1.153417645261
0.1336409767524 1.153155073079
0.1324310675184 1.152895623502
0.1312264055901 1.152639293114
0.1300269870338 1.152386077310
0.1288328226942 1.152135970347
0.1276439371231 1.151888965392
0.1264603675489 1.151645054571
0.1252821406303 1.151404229529
0.1241092231623 1.151166482464
0.1229415849570 1.150931804790
0.1217792135426 1.150700186868
0.1206221128934 1.150471618057
0.1194703022146 1.150246086763
0.1183238147790 1.150023580483
0.1171826961551 1.149804085896
0.1160469353947 1.149587590259
0.1149164880427 1.149374080894
0.1137913291501 1.149163544192
0.1126714523666 1.148955965652
0.1115568685431 1.148751329929
0.1104476043965 1.148549620881
0.1093437012348 1.148350821612
0.1082452033178 1.148154914737
0.1071520880593 1.147961883724
0.1060643157897 1.147771711880
0.1049818677239 1.147584381712
0.1039047445258 1.147399874976
0.1028329647715 1.147218172724
0.1017665634843 1.147039255346
0.1007055922828 1.146863102612
0.0996500552695 1.146689694834
0.0985999003843 1.146519012906
0.0975550963691 1.146351037049
0.0965156339128 1.146185746812
0.0954815238793 1.146023121119
0.0944527956214 1.145863138314
0.0934294953763 1.145705776201
0.0924116755834 1.145551012268
0.0913993146993 1.145398825009
0.0903923636591 1.145249193061
0.0893907979096 1.145102094454
0.0883946159711 1.144957506656
0.0874038374726 1.144815406618
0.0864185012850 1.144675770816
0.0854386669681 1.144538575265
0.0844643589248 1.144403796430
0.0834955117995 1.144271411848
0.0825320799735 1.144141398617
0.0815740447040 1.144013733318
0.0806214117958 1.143888392061
0.0796742093948 1.143765350530
0.0787324858976 1.143644584026
0.0777963064951 1.143526067534
0.0768656818401 1.143409776786
0.0759405488890 1.143295688362
0.0750208685634 1.143183778423
0.0741066302744 1.143074022697
0.0731978493109 1.142966396526
0.0722945643705 1.142860874911
0.0713968379626 1.142757432528
0.0705047147866 1.142656044347
0.0696181224225 1.142556686656
0.0687370031678 1.142459335519
0.0678613321185 1.142363966604
0.0669911140818 1.142270555231
0.0661263806638 1.142179076412
0.0652671875258 1.142089504901
0.0644136095481 1.142001815265
0.0635656533034 1.141915982969
0.0627232407290 1.141831984341
0.0618863239190 1.141749795397
0.0610548897531 1.141669391822
0.0602289564064 1.141590749022
0.0594085700680 1.141513842167
0.0585938055718 1.141438646211
0.0577847291787 1.141365136391
0.0569812484254 1.141293289470
0.0561832826454 1.141223082129
0.0553907929175 1.141154490730
0.0546037777842 1.141087491368
0.0538222692390 1.141022059917
0.0530463289693 1.140958172074
0.0522760447183 1.140895803404
0.0515114300732 1.140834930311
0.0507523969418 1.140775530205
0.0499989156536 1.140717580042
0.0492509960703 1.140661056557
0.0485086836594 1.140605936312
0.0477720182053 1.140552196079
0.0470409409686 1.140499813528
0.0463154151399 1.140448766268
0.0455954472641 1.140399031709
0.0448810821403 1.140350587102
0.0441723761582 1.140303409778
0.0434692869124 1.140257477966
0.0427717703694 1.140212770021
0.0420798298738 1.140169264110
0.0413935107297 1.140126938258
0.0407128667624 1.140085770633
0.0400378361419 1.140045740325
0.0393683712965 1.140006826473
0.0387044763297 1.139969008044
0.0380462004782 1.139932263886
0.0373936103631 1.139896572929
0.0367466589846 1.139861915006
0.0361052902811 1.139828270140
0.0354695048790 1.139795618194
0.0348393529306 1.139763938925
0.0342149088331 1.139733212176
0.0335961061406 1.139703418752
0.0329828749256 1.139674539631
0.0323752091619 1.139646555637
0.0317731580214 1.139619447494
0.0311768083275 1.139593195935
0.0305861373849 1.139567782491
0.0300010654780 1.139543189126
0.0294215805351 1.139519397666
0.0288477316617 1.139496389848
0.0282796074173 1.139474147459
0.0277171454093 1.139452653176
0.0271602588201 1.139431889948
0.0266089391368 1.139411840586
0.0260632446586 1.139392487828
0.0255232767489 1.139373814452
0.0249890002213 1.139355804043
0.0244603187497 1.139338440589
0.0239372199987 1.139321707957
0.0234197658813 1.139305589943
0.0229080730136 1.139290070397
0.0224020670602 1.139275134070
0.0219016264154 1.139260766037
0.0214067299309 1.139246951248
0.0209174409481 1.139233674582
0.0204338874694 1.139220920933
0.0199560730829 1.139208675863
0.0194838662381 1.139196925525
0.0190172350176 1.139185655970
0.0185562433062 1.139174853187
0.0181010320699 1.139164503199
0.0176515295317 1.139154592847
0.0172075810542 1.139145109350
0.0167691606177 1.139136039812
0.0163363490926 1.139127371281
0.0159092971384 1.139119090861
0.0154879582484 1.139111186394
0.0150722217903 1.139103646055
0.0146621125052 1.139096457919
0.0142577164548 1.139089610153
0.0138589597895 1.139083091486
0.0134658173293 1.139076890750
0.0130783834183 1.139070996760
0.0126966219878 1.139065398810
0.0123204412945 1.139060086489
0.0119499004188 1.139055049332
0.0115850880734 1.139050277046
0.0112258999467 1.139045759882
0.0108723383479 1.139041488116
0.0105245117121 1.139037452085
0.0101823130309 1.139033642658
0.0098456923203 1.139030050816
0.0095147698115 1.139026667516
0.0091895524124 1.139023484097
0.0088699246604 1.139020492249
0.0085559686449 1.139017683621
0.0082477703286 1.139015050084
0.0079451381269 1.139012584012
0.0076480737274 1.139010277763
0.0073567564066 1.139008123716
0.0070711235801 1.139006114718
0.0067910721836 1.139004243838
0.0065167550290 1.139002504114
0.0062481514907 1.139000888945
0.0059850611031 1.138999392055
0.0057275876250 1.138998007118
0.0054759229170 1.138996727953
0.0052298564109 1.138995548868
0.0049893780917 1.138994464206
0.0047547614766 1.138993468340
0.0045257731800 1.138992556134
0.0043022062665 1.138991722598
0.0040842799953 1.138990962694
0.0038722191726 1.138990271587
0.0036657248682 1.138989644886
0.0034648758568 1.138989078189
0.0032699341038 1.138988567218
0.0030804385883 1.138988108132
0.0028963831110 1.138987697083
0.0027181874416 1.138987330257
0.0025456851336 1.138987004221
0.0023787370514 1.138986715685
0.0022175486476 1.138986461429
0.0020619587419 1.138986238494
0.0019121441553 1.138986044002
0.0017678231830 1.138985875324
0.0016292485592 1.138985729883
0.0014962898677 1.138985605325
0.0013691216371 1.138985499402
0.0012475366825 1.138985410064
0.0011314065327 1.138985335385
0.0010211449191 1.138985273520
0.0009164844107 1.138985222845
0.0008176969244 1.138985181818
0.0007241410086 1.138985149090
0.0006364953956 1.138985123345
0.0005544060026 1.138985103465
0.0004780509482 1.138985088420
0.0004074536115 1.138985077303
0.0003422821076 1.138985069328
0.0002828981509 1.138985063793
0.0002294021441 1.138985060110
0.0001810602410 1.138985057793
0.0001386437431 1.138985056427
0.0001018884131 1.138985055695
0.0000707972480 1.138985055351
0.0000453763915 1.138985055220
0.0000256399400 1.138985055187
0.0000116243821 1.138985055184
0.0000034652399 1.138985055185
0.0000020000000 1.138985055185
0.0000000000000 1.138985055185
