0.0 0.0150314937954156
0.04812635038747244 0.0150314937954156
0.04716284880624359 0.04620936103206334
0.0464928245891351 0.07760359063613709
0.04604769274993982 0.10911716776032349
0.04576680509904006 0.14067657053274457
0.04560075434365851 0.1722292412294304
0.0454755553781257 0.23518347972954362
0.04567855922471412 0.360026409571682
0.045849770256409184 0.3909380753570147
0.046109904228579725 0.42168850062628194
0.046491997097353494 0.45224213914531186
0.04703479275698089 0.48255197288753393
0.047780454242860614 0.5125589863937711
0.04877104350011417 0.5421933444750306
0.05004396824858238 0.5713777359591429
0.05162710754144696 0.6000328925984832
0.05353473377389459 0.6280845817430718
0.055765352923658126 0.6554707048488594
0.058302069377578175 0.6821469110599383
0.06416673555597739 0.7032326740829185
0.07081464425242902 0.7214476047438795
0.07791884916679265 0.7370594962196904
0.0852126583074018 0.7504364549647584
0.0996806451504092 0.7719536933728134
0.1166873230232287 0.7920531220566364
0.1378523586670454 0.812820480018106
0.15844771623545856 0.831149593378542
0.17767070315078115 0.848769005654942
0.19474944541539604 0.8671973414452752
0.20978730077884664 0.8893849817018673
0.2199858668849628 0.9136263829690494
0.2249324532601303 0.9407872994977533
0.22357266547809426 0.9673120677916829
0.21633857884761518 0.9913649852767255
0.20172021647375554 1.014011451402848
0.18077565888295097 1.0299992071900703
0.15485759919613185 1.0369749378792088
0.12869315912477106 1.0348832537464292
0.1031405855259003 1.027755907692011
0.07811982376481752 1.019526073244819
0.05281725627450605 1.012467441634118
0.02644835264166524 1.0079011308297026
0.0 1.0065618965193752
