0.0 0.022547240693123402
0.036094762790604334 0.022547240693123402
0.03537213660468269 0.057204261467170905
0.034869618441851324 0.09202355401678791
0.03453576956245487 0.12693235720648943
0.03432510382428004 0.16187552963236693
0.034200565757743884 0.196813653001443
0.03438732769230689 0.4397606210230631
0.034582428171434795 0.4740970603215752
0.03486899782301512 0.5082859095574094
0.035276094567735665 0.5422919052106376
0.03583534068214546 0.5760707856868772
0.036578282625085626 0.6095701745943837
0.037532976186436785 0.6427320885540295
0.038720330656085225 0.6754970763800965
0.04015105033042094 0.7078094635850997
0.04182401469274359 0.7396226762610019
0.04372655203318363 0.7709034512658728
0.04812505166698304 0.7867177735331079
0.05311098318932177 0.8003789715288288
0.058439136875094486 0.8120878901356869
0.06665155021812237 0.8265975244245314
0.0773984758950768 0.8416492668083804
0.09460506928214596 0.8605955804320522
0.11335594680700709 0.8778250604468076
0.13325302736308586 0.8958700222121255
0.14928731274146453 0.9138249950825506
0.1620132057199002 0.9361340886787755
0.16819453662075845 0.9595728485669334
0.1676794991085707 0.9847773188146813
0.1599969049460946 1.0074128894963765
0.14369721246337405 1.0267591079308898
0.12166147437006827 1.036349247580096
0.09651986934357829 1.035455708280741
0.07306945472576395 1.0286997244475018
0.04908879177417064 1.021086716707896
0.024854607438184885 1.0158562364121484
0.0 1.0142146903604505
