0.0 0.007515746897707803
0.06015793798434055 0.007515746897707803
0.058953561007804495 0.03521446059695578
0.05811603073641887 0.06318362725548626
0.05755961593742477 0.09130197831415757
0.05720850637380008 0.11947761143312222
0.05700094292957314 0.1476448294574178
0.05689030727072591 0.1757589162333088
0.05709819903089265 0.31474956780586216
0.05731221282051148 0.34211552969096626
0.057637380285724654 0.36927994093098865
0.05811499637169187 0.39619836873321435
0.05879349094622611 0.42281204056443034
0.05972556780357577 0.449047187100665
0.06096380437514272 0.47481651435567784
0.06255496031072798 0.5000233833642564
0.0645338844268087 0.5245687088168702
0.06691841721736824 0.5483596999010442
0.06970669115457266 0.5713187334367169
0.07287758672197273 0.5933903708540038
0.08020841944497174 0.619747574632729
0.08851830531553627 0.6425162379589303
0.1019445255503427 0.6707108439658668
0.11563386171899376 0.6931504138680052
0.13332594979149684 0.7166052032870928
0.14987849477673018 0.7350063062969912
0.17231544833380674 0.7567323320517134
0.1920376228779426 0.7743342807390053
0.21461248187472667 0.7945675911493303
0.23343349933257074 0.8132416921662156
0.2521406201104596 0.8362014078716522
0.2658450405488499 0.8594349659514561
0.27630306272921434 0.8873651640753126
0.28100685598557895 0.9144953374872751
0.2805886461917088 0.9419474534886424
0.27432923184080293 0.9699893348040576
0.262494948018594 0.9946634438713998
0.24383718672471133 1.016316624585361
0.22019589161019285 1.030811654843815
0.19243258979069564 1.0370001548200793
0.16398179969296103 1.0349267285532118
0.13723024416894697 1.0280394252062057
0.11063125272932858 1.0193372306442194
0.08326452671940601 1.0107728252004755
0.05599823607983892 1.0041313917173893
0.028144670550840717 1.0000846438876276
0.0 0.9989091026782999
