0.0 0.0
0.07776398205468746 0.0
0.07620725389896793 0.04947385892977785
0.07512482804428275 0.0996106705208889
0.07440595578634011 0.15011317304533334
0.07395276829451276 0.20075608924622212
0.07368565670400128 0.2513783777955555
0.07354475197952388 0.30187042742044445
0.07367953050666982 0.5013847496248889
0.07388864756997654 0.5504582058648888
0.07422381720658414 0.5991164009493333
0.0747441904975077 0.6472805414044444
0.07553101676247453 0.6948417105511111
0.07669121751325743 0.7416558411644443
0.0783601563073873 0.7875421048675555
0.08070061331303277 0.8322865207128888
0.08389224592763608 0.8756522007057777
0.0881041360868333 0.9173962602062222
0.09344809189812578 0.9572912440728889
0.09992705613133819 0.995146877095111
0.10741114718174342 1.0308272644853333
0.11566665714092235 1.0621025608535
0.14256135204860426 1.1110332998415
0.16953703142921603 1.1499090996835
0.19527050443431768 1.1808496358924998
0.2272626612876865 1.2131899955545
0.26350542191489207 1.2441161153995
0.30192721193566385 1.2728681595175
0.3406793633621925 1.3001099157454998
0.3781394892065159 1.3272390682694999
0.4160496140057046 1.3590793604234999
0.4472814144678361 1.3940635955624998
0.4699321331220595 1.4326520965505
0.48312366943650525 1.4768709650485001
0.483596782958913 1.5239004985715
0.4707068428127365 1.5672466173034998
0.4446291837545304 1.6055660253515
0.4089748166388618 1.6334966755095
0.36549443137539633 1.6503339641795
0.3199863300323802 1.6551961673495001
0.2737158500732284 1.6506483223475001
0.22850881857907768 1.6405938480224997
0.18353647690738037 1.6287218846774998
0.13853303351162602 1.6176804589275
0.09241128724339838 1.6090073535845
0.04631519960003537 1.6039051075845001
0.0 1.6024413965014999
