0.0 0.02180220790221005
0.01938502013658485 0.02180220790221005
0.0184883351817388 0.05133300861442242
0.01787704890541612 0.0811687055378842
0.017492120715361437 0.11118833533041064
0.017270092591806237 0.14129482546047287
0.01715549826031302 0.17141977497856925
0.017257799941965177 0.35104567758204963
0.017383623585101923 0.3806795454912928
0.01758172969451417 0.4101787260164892
0.017880867076703957 0.43950615954517674
0.018311384301055868 0.46861415833638426
0.019666996082368108 0.482344485994663
0.02174079969994673 0.4945609063933758
0.024421540643950246 0.5050550695418838
0.0274760767345767 0.513899868168632
0.030676467699943102 0.5213470858250129
0.03541163298884727 0.5305415235199515
0.03982008608448715 0.5381139876378803
0.043784090813889565 0.5446698120699108
0.0513265595034763 0.5577780233077191
0.05753904828790167 0.5707419964839722
0.06262715686853948 0.5852143676259589
0.0657184989076901 0.5995194659072655
0.06694184846133147 0.6145947118679387
0.06604534568511067 0.6297861817838315
0.06322448334236076 0.6436348128257909
0.057970059414496206 0.6578896367302212
0.05060291843528179 0.6706279836464574
0.040585558662574725 0.6820671410050683
0.0285500221796302 0.690748243715113
0.014835158064713486 0.6960693696573574
0.0 0.6976706528694162
