0.0 0.007267402634070018
0.032308366894308084 0.007267402634070018
0.030813891969564668 0.027415793284810575
0.029795081509026867 0.04807234428763346
0.02915353452560239 0.0690354500722308
0.0287834876530104 0.09014332308605447
0.028592497100521704 0.11128196174660168
0.028491741613651134 0.15339314302921178
0.02863367765970063 0.21573996824714553
0.028762999903275292 0.23624080286805524
0.028972705975169873 0.2565609721805138
0.029302882824190284 0.27665666251956106
0.02980144512783993 0.29646610786442684
0.03051897383509311 0.31590982864682604
0.03150087637658705 0.3276281772746864
0.03277832680394685 0.3387937080772906
0.034360999884860494 0.34932251929164415
0.03623466616657788 0.3591544087418119
0.03836451746114513 0.3682606622226367
0.04070256773991708 0.37664468065599205
0.04319592411257904 0.3843367733914092
0.04844989882390227 0.3978519719760582
0.053796138390152265 0.40928672829371104
0.06399479446239775 0.42776512326351784
0.07297348468981595 0.442669251536037
0.08232868607942116 0.4586444520077918
0.08986836997081804 0.4729277321148089
0.09589841381316945 0.4861228922261392
0.10149061161887164 0.5009085559022988
0.10616109262262677 0.5170007405682908
0.10920936035807287 0.5320206694502014
0.1112185721742992 0.5499142408046976
0.11155539039805762 0.5645773477488192
0.11046333759308713 0.5813678767679546
0.108049968722215 0.5965519364113527
0.10383254612718822 0.6127948797970812
0.09855472343900928 0.6270377417405063
0.09094261731605353 0.6422742144436203
0.08264159804253109 0.6549416879067674
0.07169502369364657 0.6677533629729498
0.06019862838030874 0.6779065122964512
0.04653279835324986 0.6867010047523096
0.03191958748450494 0.692955092047589
0.01606079734963464 0.6966528572574648
0.0 0.697670652868546
