0.0 0.014534805268140034
0.025846693515446467 0.014534805268140034
0.024651113575651733 0.0393744009496165
0.023836065207221493 0.06462052491275883
0.023322827620481913 0.09011189270132072
0.023026790122408318 0.11571907427326367
0.02287399768041736 0.14135086836258545
0.023010399922620235 0.2936432402250524
0.023178164780135898 0.3186202588359033
0.023442306259352227 0.34341769426802515
0.023841156102271943 0.3679861337048018
0.02441517906807449 0.3922619934916052
0.02520070110126964 0.40163667239389345
0.026222661443157477 0.41056909703597677
0.027488799907888394 0.41899214600745965
0.028987732933262306 0.42685765756759386
0.03256205419193366 0.44084987509893797
0.0366347689794356 0.4526429399346021
0.04090195693325747 0.4625725634764434
0.045146146742076725 0.4710355685738409
0.04923464373335459 0.4783906762058181
0.054923889690965205 0.4879628894477266
0.06305817336476766 0.5015421618737415
0.07079223174360551 0.5156710456069492
0.07755706050315556 0.5304615816074991
0.0829709328401385 0.5458906485322468
0.08646453012935992 0.5600999352161922
0.08860789744746213 0.5748294407603033
0.0892443123184461 0.5911960087731997
0.08822069320095621 0.6058996103753123
0.08542794720868344 0.6212930632139821
0.0806884916973405 0.6366027769779263
0.07444578823664708 0.6503138773719991
0.06611327843402487 0.6634874808995582
0.05596518561600752 0.675117729709574
0.04412624290490472 0.6847509494950356
0.030377110820997533 0.692112039675502
0.015561993807481732 0.696420562117815
0.0 0.6976706528689811
