0.0 0.0
0.06960167410094804 0.0
0.0663802708099845 0.011366910945280001
0.06418282081651498 0.023182251270399967
0.06279691893940942 0.03526811283968001
0.0619941232674592 0.047481725183999984
0.06157444221361843 0.05972248687168
0.06138623725040054 0.07192671587328
0.06132782607607562 0.08405743772672
0.06134089158933461 0.09609415069503999
0.061402607117601225 0.10802426875968002
0.06151952542272919 0.11983629675072
0.06172370680790383 0.13151422415039998
0.06207009356922331 0.14303272228352
0.06263325810684639 0.15435312749888003
0.06350114325618161 0.16542093397312002
0.06476392392367657 0.17616600444864
0.06649808173861473 0.18650693676736002
0.06874927227320579 0.19636003143103997
0.07152038276528531 0.20565124878784002
0.07477039241368452 0.21432746303936
0.07842430006504217 0.22236333515008
0.08238933658450791 0.22976186628544
0.08657056089753168 0.2365498031264
0.09088163885134619 0.24277044893312
0.09525002397435338 0.24847637727743999
0.09961780896522934 0.25372352434688
0.10394086087366866 0.25971477608386
0.10818585653632468 0.26673315795386
0.1123280132831857 0.27327616776985997
0.11634967035980326 0.27941003717886
0.1202377954169147 0.28519349297286
0.12398296181835354 0.29067817244686
0.1275797120216549 0.29590820379386
0.13102699238468085 0.30092011040086
0.13432683122447808 0.30574387439686
0.13748308067675605 0.31040419142086
0.14050061566349045 0.31492149842186
0.1433848472845016 0.31931272825786
0.1461413680111452 0.32359200447086
0.14877576892003638 0.32777109108586
0.1512934414642262 0.33186014969886
0.15369963886512986 0.33586737841286
0.1559992924571412 0.33980023725386
0.15819709639623789 0.34366453405485997
0.16029743232251845 0.34746542334186
0.16230441725188668 0.35120772600486
0.16422190762057662 0.35489518001486
0.1660534767812812 0.35853098342186
0.16780249866371658 0.36211819346185997
0.1694721318867775 0.36565941417986
0.1710652817138162 0.36915672912986003
0.17258470062486253 0.37261211542486
0.17403301478147876 0.37602742060286004
0.1754126210198549 0.37940408382386
0.17672575097396284 0.38274335923085995
0.1779745484487868 0.38604645209286
0.17916107762896927 0.38931452035686004
0.18028730341887592 0.39254859727386
0.18135500434411514 0.39574946274385997
0.18236586917177433 0.39891784451086004
0.18332153681034755 0.40205444458986
0.1842236000917337 0.40515994001786
0.18507361037072295 0.40823497105785994
0.18587299329350607 0.41128004652786004
0.1866230619274392 0.41429560370986
0.18732510002195202 0.41728206662286
0.18798036509087002 0.42023984686585997
0.18859008973471142 0.42316934398586
0.1891554827495507 0.42607094583786004
0.18967772712634692 0.42894502278585994
0.19015791580037059 0.43179187115785994
0.19059705608188754 0.43461175718385997
0.19099613873345736 0.43740494356986
0.19135614135017578 0.44017168769986
0.19167802854281155 0.44291224178985994
0.19196275206735383 0.44562685303486
0.19221125091230382 0.44831576375685994
0.19242443405208381 0.45097920265085994
0.19260312399443635 0.45361736253285995
0.19274813290233037 0.45623043913886
0.19286026662537295 0.45881862660185996
0.19294032318359736 0.46138211665285994
0.1929890891388163 0.46392109766385997
0.1930073067680697 0.46643574620685996
0.19299569815467968 0.46892623481386003
0.19295498078408788 0.47139273496786
0.1928858556700014 0.47383541454186
0.1927889937458993 0.47625443598986
0.1926650581587103 0.47864996030986
0.19251470756020486 0.48102214732186005
0.19233857167441798 0.48337115243785994
0.19213725597419384 0.48569712803986004
0.19191136294655092 0.48800022591286
0.19166149212970862 0.49028059728285994
0.19138824332047435 0.49253839259986004
0.19109217759344116 0.49477375806586005
0.19077382221465009 0.49698683737886
0.19043370378674418 0.49917777402986
0.190072348145626 0.50134671130486
0.18969027999185267 0.5034937922748599
0.18928802254123733 0.50561915978486
0.18886609710843483 0.5077229562288601
0.18842499399264676 0.50980532067186
0.18796515884651496 0.51186639010286
0.18748703586545956 0.51390630156086
0.18699107069344065 0.51592519211986
0.18647771000537872 0.5179231988708599
0.18594740110797414 0.5199004588968601
0.18540059155880276 0.52185710925886
0.18483772647659202 0.5237932867038599
0.18425921141498747 0.5257091250658601
0.18366542203142033 0.5276047571668601
0.18305673652066917 0.5294803160688599
0.18243353605193668 0.5313359349678599
0.1817962043142358 0.5331717471728601
0.18114512708160488 0.53498788607486
0.18048069206508657 0.5367844851058601
0.1798032700248363 0.5385616763188601
0.17911318427774897 0.5403195897178601
0.1784107560577408 0.54205835535086
0.17769631134457173 0.5437781034668601
0.17697018034962844 0.5454789644918601
0.17623269702143893 0.5471610689948601
0.1754841985715506 0.5488245476648599
0.17472502326550834 0.5504695311158601
0.17395547429130487 0.5520961478078601
0.1731758235498627 0.5537045249888599
0.17238634790437982 0.5552947901618599
0.17158733014546526 0.5568670710558601
0.1707790584281034 0.5584214955948601
0.1699618257308212 0.55995819186586
0.16913592955565038 0.5614772880868599
0.16830165866789806 0.5629789116258599
0.16745924971525503 0.5644631873788599
0.16660893492010934 0.5659302401008599
0.16575095417721167 0.5673801948228601
0.16488555441120153 0.56881317682086
0.16401298895960523 0.57022931157486
0.16313351697828518 0.5716287247368601
0.16224740264851473 0.57301154207486
0.16135488812771026 0.57437788783486
0.16045617119567254 0.5757278840698601
0.15955145309617266 0.5770616530088599
0.15864094375543838 0.57837931717386
0.15772486108069497 0.5796809993368599
0.15680343028467128 0.58096682248686
0.15587688324284174 0.5822369097898601
0.15494545173440635 0.5834913840298599
0.1540093146551344 0.58473036518086
0.15306863865337317 0.5859539726188601
0.15212360071401976 0.58716232606586
0.15117438736485006 0.5883555455468601
0.15022119391307948 0.5895337513408601
0.14926422371279932 0.59069706394586
0.14830368741507133 0.5918456040278599
0.14733977948876087 0.5929794909958599
0.14637264301546846 0.5940988415328601
0.145402423051957 0.59520377235686
0.14442927590811566 0.5962944005428601
0.14345336828195032 0.59737084347886
0.14247487642801576 0.5984332188158601
0.14149398535915658 0.59948164442686
0.14051088626954475 0.6005162381318601
0.1395257202170784 0.6015371148748601
0.13853860093614825 0.60254438821786
0.13754965501660318 0.60353817213486
0.1365590212560184 0.60451858097886
0.13556684971193417 0.6054857294198599
0.13457330079260477 0.6064397324028601
0.13357854438556233 0.6073807050948601
0.13258274871796935 0.60830876221286
0.1315860245544274 0.6092240151838599
0.13058847014369265 0.6101265747678599
0.12959019781523978 0.61101655216886
0.12859133294320274 0.61189405897686
0.12759201291427133 0.6127592071058601
0.12659238613713214 0.6136121087428601
0.12559261130692675 0.6144528762258601
0.12459280509267892 0.6152816193688599
0.12359304164974728 0.6160984458238601
0.12259340933362359 0.61690346367186
0.12159401139217745 0.6176967814338601
0.12059496479478184 0.6184785080078601
0.11959639911165013 0.61924875260986
0.11859845544197838 0.6200076247158599
0.11760127522058536 0.62075523340186
0.11660493725755548 0.62149168429086
0.11560950416413207 0.6222170821328601
0.11461505548325844 0.62293153218186
0.11362168650604967 0.62363514013186
0.11262950699362823 0.6243280120488599
0.11163863995473983 0.6250102543068601
0.11064922206078769 0.6256819735358601
0.10966135294560693 0.62634327409686
0.10867507132042312 0.6269942574238601
0.10769043094010196 0.6276350253488601
0.10670750378685467 0.62826568021386
0.10572637859433649 0.62888632479786
0.10474715944001367 0.6294970622398599
0.10376996440228749 0.6300979959778601
0.10279492080994955 0.6306892294778601
0.10182210051047874 0.63127086312986
0.10085153268237676 0.63184299527386
0.09988326529739718 0.63240572478486
0.09891736561852148 0.6329591510338599
0.097953918576589 0.63350337381586
0.09699302522258278 0.6340384932668599
0.0960348030902883 0.63456460983886
0.095079344983204 0.6350818223138599
0.09412666317656637 0.6355902258858599
0.09317678291213079 0.63608991598586
0.09222975149911544 0.6365809886018601
0.09128563643864435 0.6370635401918601
0.09034452364113624 0.63753766760186
0.08940651573153725 0.6380034679808599
0.08847172754507687 0.63846103854786
0.0875402151986448 0.63891047349386
0.08661197931435392 0.63935186461586
0.08568704223019712 0.6397853042388599
0.08476544970550695 0.64021088521986
0.08384726883750548 0.6406287008598599
0.08293258608489512 0.6410388448108599
0.08202150687804483 0.64144141103886
0.081114131736066 0.64183649260586
0.08021044957337589 0.6422241781398601
0.07931045142468479 0.64260455605386
0.07841415602607445 0.6429777153798599
0.077521607334576 0.6433437456598601
0.07663287217968502 0.64370273684986
0.0757480380412125 0.64405477922886
0.07486721094726832 0.6443999633128601
0.07399045026364551 0.64473837736186
0.0731177358257298 0.64507010634886
0.07224908841735218 0.6453952363978599
0.07138455511961962 0.6457138541018599
0.07052420698789597 0.6460260464268599
0.0696681074961493 0.6463318995518601
0.0688162568564225 0.64663149713886
0.06796867087844556 0.64692492294786
0.06712539342470138 0.64721226120086
0.06628649358949044 0.6474935964778601
0.06545203803194485 0.64776901274686
0.06462202540019446 0.64803859135386
0.06379646458435247 0.6483024135598601
0.06297539464820076 0.6485605610848599
0.062158881977178636 0.6488131160078601
0.061346990981920084 0.6490601597718599
0.06053970868963239 0.6493017710798601
0.05973703518459326 0.6495380285838599
0.05893900334059061 0.6497690114008601
0.058145675352776725 0.64999479899486
0.057357123295672115 0.6502154705668599
0.056573343040601076 0.65043110262786
0.05579432627263398 0.65064177116186
0.055020100149059614 0.65084755261886
0.054250723588337414 0.6510485237908601
0.053486264365733324 0.65124476110786
0.05272670300907684 0.6514363382258599
0.05197202526426325 0.6516233284858599
0.05122225528428326 0.6518058056798599
0.05047745132233773 0.65198384393286
0.049737686732960716 0.6521575171598599
0.04900295022438575 0.65232689662186
0.048273218849984686 0.6524920528628599
0.04754851122026278 0.65265305687886
0.04682888298917196 0.65280997998586
0.046114409560116594 0.6529628933198599
0.04540506686571192 0.6531118652218599
0.0447008197852134 0.6532569633368599
0.04400167940451542 0.6533982557618601
0.04330769754229126 0.6535358109168601
0.04261895498740016 0.6536696972468601
0.0419354539370841 0.65379998088186
0.04125715099056735 0.6539267265578601
0.04058405062517785 0.65404999942886
0.03991620188339111 0.6541698649588601
0.03925368420924901 0.6542863885568599
0.03859647537402761 0.6543996330778601
0.037944524179546586 0.6545096603648599
0.0372978341959691 0.6546165326878599
0.036656457249676595 0.6547203126088601
0.036020479101688326 0.65482106266886
0.035389893668770114 0.6549188430978601
0.03476464194499096 0.65501371274586
0.03414472229054898 0.6551057308478601
0.03353018599453579 0.65519495691686
0.032921124848333295 0.6552814504398601
0.03231751311755234 0.65536526838386
0.03171927375739501 0.6554464664508599
0.03112639671679644 0.65552510076086
0.03053893097269502 0.6556012277068599
0.029956973056616494 0.6556749037498599
0.02938054149164176 0.6557461834698599
0.028809553536261186 0.6558151195008599
0.028243990422135108 0.6558817647908599
0.02768389901148986 0.65594617255086
0.02712938042802169 0.6560083960168599
0.0265804161055467 0.6560684861808599
0.026036905945034442 0.65612649253486
0.02549883079756386 0.6561824649488599
0.024966243765948377 0.6562364535348599
0.024439255507967373 0.65628850842986
0.02391788406857517 0.65633867791586
0.023402020772161837 0.65638700833486
0.02289163608009078 0.65643354631186
0.022386781737241474 0.6564783387108599
0.021887582924321938 0.6565214324528601
0.021394042399705132 0.6565628724488599
0.020906010254824203 0.65660270166086
0.02042343722681513 0.6566409634008601
0.019946368331348368 0.6566777012318601
0.01947492630501797 0.65671295878586
0.019009202779368004 0.6567467786388599
0.01854906643634045 0.65677920076186
0.018094448956375717 0.6568102651488601
0.017645390017130773 0.65684001204886
0.017202025171243796 0.6568684817878601
0.016764380490467783 0.6568957130558599
0.016332274581647113 0.65692174252086
0.015905648445209 0.65694660713286
0.015484562731606168 0.6569703440558601
0.015069171521917543 0.65699299045286
0.014659504261564524 0.6570145818648601
0.014255418772528498 0.6570351521058599
0.013856907006185255 0.65705473527586
0.013464068494783779 0.6570733654888601
0.013076879092888773 0.65709107543286
0.012695274960837536 0.65710789696886
0.01231933220569933 0.6571238621098601
0.011949068882580313 0.65713900187286
0.011584374038855694 0.6571533460238599
0.011225286552829472 0.65716692446586
0.01087189818020175 0.65717976670686
0.010524131005068297 0.6571919007928599
0.010182014658234616 0.65720335466786
0.009845540124625657 0.65721415546886
0.009514714615116441 0.6572243297848599
0.009189567999658128 0.65723390365986
0.008870001657189331 0.6572429020528601
0.008556098518040827 0.65725134998686
0.008247945331347643 0.65725927181986
0.007945351212808507 0.65726669041186
0.007648318520965483 0.6572736286748599
0.007357027174396353 0.6572801094588601
0.007071415160682743 0.65728615421986
0.006791379938936377 0.6572917837488601
0.006517074829855355 0.65729701893786
0.0062484796616842486 0.6573018795938601
0.005985394368287557 0.65730638455586
0.005727923102593639 0.65731055281486
0.005476258096451718 0.65731440293186
0.005230189085156382 0.6573179520018599
0.0049897063472999 0.65732121701586
0.0047550836932112334 0.6573242148788601
0.004526087960641609 0.6573269610238599
0.004302512416267818 0.65732947044686
0.0040845765380634735 0.65733175829086
0.003872505331993128 0.65733383908786
0.003666000003852893 0.6573357260428601
0.0034651394798269606 0.6573374323958601
0.003270185877038181 0.65733897100486
0.0030806782504032145 0.6573403534278599
0.0028966105018801004 0.6573415912348599
0.002718402526482735 0.6573426959078601
0.0025458879427964678 0.65734367777186
0.0023789276730801106 0.65734454672486
0.002217727246931024 0.6573453124608599
0.002062125523025697 0.6573459838848601
0.0019122993819325439 0.65734656965786
0.0017679671340182482 0.65734707769186
0.0016293815669390398 0.65734751575186
0.0014964122815636122 0.65734789091686
0.0013692338439204583 0.65734820995986
0.0012476390713672368 0.65734847905186
0.001131499497761809 0.65734870399486
0.0010212289015851335 0.65734889034086
0.0009165598403491042 0.6573490429848601
0.0008177642614514763 0.65734916656586
0.0007242006669696552 0.6573492651528601
0.0006365478500607131 0.65734934270286
0.0005544517028094056 0.6573494025858599
0.00047809036099405157 0.65734944790686
0.0004074872078342792 0.6573494813938601
0.0003423103323533697 0.6573495054168601
0.00028292147997715676 0.65734952209286
0.00022942106218253947 0.65734953318786
0.0001810751727473922 0.6573495401648599
0.00013865517687911813 0.65734954427986
0.00010189681578534527 0.65734954648686
7.080308661273176e-05 0.65734954752186
4.538013366770469e-05 0.65734954791586
2.5642054512680553e-05 0.6573495480168601
1.1625340756820203e-05 0.65734954802386
3.465525676554435e-06 0.65734954802086
2.0001649389725857e-06 0.65734954802086
0.0 0.65734954802086
