0.0 0.0
0.041768352163651955 0.0
0.0398381576606155 0.0315747526257778
0.03852367069608501 0.06439514241777777
0.03769809885099058 0.09796698011022231
0.037225307612140796 0.13189368106666666
0.036986625991181556 0.16589579686577782
0.03688592834292439 0.23349288257422224
0.03702974120939878 0.30006741322133335
0.0371834961024708 0.3328786020853334
0.037425100841696174 0.3653172893066667
0.0378015909379767 0.3973131174542222
0.03837657753215361 0.4287586874968889
0.039227284258218385 0.4595025943697778
0.04043789357152342 0.4893500123573334
0.04208844759278528 0.5180748243537778
0.04424075068299421 0.5454445317528889
0.0469252654525147 0.5712534688551112
0.05013396241991549 0.5953540639982222
0.05382185559035783 0.6176759309724444
0.057916301675092076 0.6382274063484444
0.06232991490426832 0.6570827864622222
0.06697279544985381 0.6743623581475555
0.07176140443324662 0.690212159104
0.07662338084917067 0.7047875676302222
0.0863429927884753 0.7227805408647222
0.09579597846119675 0.7354574200897221
0.10908015450174506 0.7519555867047223
0.12476785202170958 0.7709688813327222
0.1411796153062701 0.7919147613237223
0.15676769422231884 0.8145783663327222
0.16862743863834512 0.8354514667347221
0.17979385957086633 0.8612073229287223
0.1867773679642531 0.8849924056967222
0.19101246545286962 0.9122778220497223
0.19144948273039514 0.9370695302327223
0.18824992234376517 0.9637703391397223
0.18143851614476422 0.9892191300837223
0.1713767598811347 1.0129144539667223
0.157602077262705 1.0357283822477221
0.1414198083676434 1.0555290273377222
0.12254803169917641 1.0729508465827222
0.10082383790222325 1.0878903781847222
0.07661626938951498 1.0997501197607222
0.051962414173136746 1.1076707113967221
0.026575918599453307 1.112115869091722
0.0 1.1133969309317222
