0.0000000000000 0.000000000000
0.0991709609678 0.000000000000
0.0988546960510 0.031616449752
0.0987605300184 0.063133881928
0.0988005296758 0.094495250221
0.0989137709859 0.125668623710
0.0990599691968 0.156638734350
0.0992138240997 0.187400799167
0.0993604693290 0.217956224635
0.0994920615419 0.248309767130
0.0996052956330 0.278467701253
0.0996996665044 0.308436700266
0.0997762839202 0.338223189518
0.0998370874711 0.367833014616
0.0998843500822 0.397271283531
0.0999203510369 0.426542341575
0.0999472094700 0.455649802195
0.0999668424617 0.484596749977
0.0999808167882 0.513385553707
0.0999905245329 0.542018314086
0.0999969989210 0.570496596276
0.1000011379099 0.598821799366
0.1000035837717 0.626995011278
0.1000048583220 0.655017190095
0.1000053433019 0.682889149308
0.1000053128829 0.710611599830
0.1000049784587 0.738185197559
0.1000044708689 0.765610531802
0.1000038981130 0.792888174655
0.1000033121424 0.820018660308
0.1000027506743 0.847002515209
0.1000022458881 0.873840262305
0.1000018030888 0.900532411362
0.1000014223067 0.927079472454
0.1000011038063 0.953481955532
0.1000008425862 0.979740369210
0.1000006311503 1.005855225789
0.1000004628770 1.031827038235
0.1000003313441 1.057656318913
0.1000002302704 1.083343579649
0.1000001532617 1.108889334501
0.1000000959704 1.134294099992
0.1000000546727 1.159558391915
0.1000000257604 1.184682725229
0.1000000057492 1.209667614078
0.0999999921569 1.234513573228
0.0999999837240 1.259221117896
0.0999999792331 1.283790762205
0.0999999775058 1.308223019344
0.0999999774062 1.332518401582
0.0999999782598 1.356677420702
0.0999999798369 1.380700587897
0.0999999818730 1.404588413323
0.0999999841122 1.428341406181
0.0999999863072 1.451960074713
0.0999999883256 1.475444926286
0.0999999901840 1.498796467389
0.0999999918654 1.522015203510
0.0999999933533 1.545101639176
0.0999999946320 1.568056277954
0.0999999957097 1.590879622455
0.0999999966155 1.613572174326
0.0999999973679 1.636134434242
0.0999999979850 1.658566901918
0.0999999984842 1.680870076107
0.0999999988841 1.703044454599
0.0999999992013 1.725090534210
0.0999999994484 1.747008810797
0.0999999996376 1.768799779254
0.0999999997807 1.790463933515
0.0999999998882 1.812001766550
0.0999999999662 1.833413770366
0.1000000000197 1.854700436008
0.1000000000536 1.875862253559
0.1000000000727 1.896899712145
0.1000000000810 1.917813299928
0.1000000000801 1.938603504112
0.1000000000709 1.959270810936
0.1000000000546 1.979815705683
0.1000000000322 2.000238672674
0.1000000000046 2.020540195270
0.0999999999712 2.040720755872
0.0999999999316 2.060780835922
0.0999999998855 2.080720915900
0.0999999998323 2.100541475328
0.0999999997715 2.120242992767
0.0999999997022 2.139825945818
0.0999999996240 2.159290811123
0.0999999995362 2.178638064364
0.0999999994387 2.197868180263
0.0999999993306 2.216981632580
0.0999999992120 2.235978894119
0.0999999990846 2.254860436720
0.0999999989504 2.273626731264
0.0999999988111 2.292278247672
0.0999999986684 2.310815454906
0.0999999985256 2.329238820966
0.0999999983911 2.347548812889
0.0999999982737 2.365745896752
0.0999999981819 2.383830537672
0.0999999981233 2.401803199805
0.0999999981103 2.419664346347
0.0999999981663 2.437414439521
0.0999999983143 2.455053940590
0.0999999985766 2.472583309860
0.0999999989746 2.490003006676
0.0999999995373 2.507313489416
0.1000000003120 2.524515215477
0.1000000013457 2.541608641295
0.1000000026836 2.558594222350
0.1000000043690 2.575472413160
0.1000000064585 2.592243667273
0.1000000090298 2.608908437239
0.1000000121600 2.625467174648
0.1000000159226 2.641920330132
0.1000000203889 2.658268353370
0.1000000256445 2.674511693059
0.1000000317890 2.690650796889
0.1000000389175 2.706686111589
0.1000000471209 2.722618082934
0.1000000564878 2.738447155745
0.1000000671223 2.754173773857
0.1000000790983 2.769798380102
0.1000000924770 2.785321416361
0.1000001073162 2.800743323562
0.1000001236721 2.816064541681
0.1000001416103 2.831285509705
0.1000001610734 2.846406665673
0.1000001819639 2.861428446689
0.1000002041873 2.876351288904
0.1000002276543 2.891175627514
0.1000002522772 2.905901896728
0.1000002776474 2.920530529958
0.1000003032724 2.935061959720
0.1000003286788 2.949496617572
0.1000003534120 2.963834934112
0.1000003770011 2.978077338963
0.1000003984163 2.992224261181
0.1000004164171 3.006276129054
0.1000004298139 3.020233369887
0.1000004374675 3.034096410003
0.1000004382056 3.047865674753
0.1000004298778 3.061541589403
0.1000004100443 3.075124578579
0.1000003763694 3.088615065874
0.1000003266192 3.102013473853
0.1000002585001 3.115320224141
0.1000001683896 3.128535738794
0.1000000521911 3.141660439536
0.0999999059882 3.154694746975
0.0999997260415 3.167639080610
0.0999995085495 3.180493858977
0.0999992480119 3.193259501824
0.0999989384006 3.205936428848
0.0999985739635 3.218525058505
0.0999981492184 3.231025808011
0.0999976586782 3.243439093588
0.0999970951744 3.255765333111
0.0999964510243 3.268004944904
0.0999957189106 3.280158345899
0.0999948918753 3.292225951628
0.0999939629351 3.304208176574
0.0999929238502 3.316105437388
0.0999917664890 3.327918151151
0.0999904831432 3.339646733357
0.0999890665101 3.351291597913
0.0999875093468 3.362853157543
0.0999858041583 3.374331826938
0.0999839448833 3.385728020952
0.0999819258968 3.397042152684
0.0999797419203 3.408274633492
0.0999773875692 3.419425873507
0.0999748592869 3.430496283924
0.0999721575329 3.441486274659
0.0999692830368 3.452396253767
0.0999662366181 3.463226627504
0.0999630189570 3.473977800698
0.0999596345943 3.484650177601
0.0999560964014 3.495244158372
0.0999524175114 3.505760141142
0.0999486105910 3.516198522409
0.0999446874621 3.526559697602
0.0999406678579 3.536844058448
0.0999365855597 3.547051987451
0.0999324738861 3.557183865342
0.0999283647210 3.567240071747
0.0999242893481 3.577220984858
0.0999202937284 3.587126973301
0.0999164352763 3.596958396178
0.0999127690462 3.606715611890
0.0999093520231 3.616398975792
0.0999062603786 3.626008827639
0.0999035730654 3.635545502745
0.0999013665744 3.645009336252
0.0998997356415 3.654400647003
0.0998987871238 3.663719741324
0.0998986230143 3.672966927153
0.0998993547503 3.682142502293
0.0999011182012 3.691246740127
0.0999040459324 3.700279914114
0.0999082697293 3.709242296001
0.0999139512157 3.718134126143
0.0999212566554 3.726955636781
0.0999303446156 3.735707064764
0.0999413944597 3.744388622649
0.0999546059494 3.753000497188
0.0999701692654 3.761542881589
0.0999882804381 3.770015959234
0.1000091675341 3.778419871956
0.1000330525709 3.786754763686
0.1000601499897 3.795020783080
0.1000907041652 3.803218036560
0.1001249657006 3.811346615799
0.1001631712212 3.819406625064
0.1002055716653 3.827398143339
0.1002524380889 3.835321212313
0.1003040270407 3.843175886837
0.1003605902741 3.850962221661
0.1004224043869 3.858680221615
0.1004897372431 3.866329894131
0.1005628393627 3.873911268319
0.1006419744904 3.881424336841
0.1007274187066 3.888869044059
0.1008194299593 3.896245355557
0.1009182477019 3.903553259947
0.1010240993005 3.910792760573
0.1011372274283 3.917963799305
0.1012578637774 3.925066291925
0.1013862212971 3.932100180518
0.1015224951509 3.939065433364
0.1016668658003 3.945962039655
0.1018195100222 3.952789947800
0.1019805780708 3.959549086749
0.1021502024002 3.966239413351
0.1023285003999 3.972860912077
0.1025155771994 3.979413589504
0.1027115134483 3.985897430358
0.1029163448484 3.992312421293
0.1031300938512 3.998658576828
0.1033527725168 4.004935938318
0.1035843833067 4.011144570718
0.1038248923600 4.017284537947
0.1040742052639 4.023355924030
0.1043322179430 4.029358839735
0.1045988221006 4.035293419597
0.1048739056023 4.041159819120
0.1051573109670 4.046958211082
0.1054488099347 4.052688809125
0.1057481712235 4.058351849436
0.1060551663124 4.063947586823
0.1063695691237 4.069476293619
0.1066911144523 4.074938269015
0.1070194610172 4.080333867101
0.1073542676437 4.085663461871
0.1076952027860 4.090927439391
0.1080419439547 4.096126196879
0.1083941323827 4.101260164625
0.1087513391989 4.106329836657
0.1091131430205 4.111335719474
0.1094791381158 4.116278324520
0.1098489337555 4.121158167852
0.1102221161168 4.125975794438
0.1105982073959 4.130731814899
0.1109767399689 4.135426848372
0.1113572666301 4.140061512018
0.1117393598692 4.144636420874
0.1121225794130 4.149152212688
0.1125064311656 4.153609587099
0.1128904345715 4.158009246409
0.1132741328428 4.162351884855
0.1136570921914 4.166638188686
0.1140388808496 4.170868854009
0.1144190222108 4.175044630441
0.1147970518462 4.179166268753
0.1151725310400 4.183234506862
0.1155450459186 4.187250070085
0.1159141887481 4.191213688038
0.1162795174833 4.195126131633
0.1166406049998 4.198988166793
0.1169970506944 4.202800543224
0.1173484795438 4.206563994807
0.1176945285967 4.210279251727
0.1180348066042 4.213947074868
0.1183689353156 4.217568218251
0.1186965630698 4.221143417600
0.1190173638094 4.224673390835
0.1193310259910 4.228158847620
0.1196372132693 4.231600518299
0.1199356012616 4.234999123987
0.1202258917978 4.238355366544
0.1205078119064 4.241669929139
0.1207811066596 4.244943481576
0.1210455002728 4.248176705390
0.1213007229589 4.251370273796
0.1215465304346 4.254524840722
0.1217827029734 4.257641041413
0.1220090387859 4.260719496797
0.1222253149792 4.263760833028
0.1224313137371 4.266765666214
0.1226268420765 4.269734593877
0.1228117308657 4.272668195535
0.1229858298319 4.275567035338
0.1231489691699 4.278431677549
0.1233009781041 4.281262677184
0.1234417098120 4.284060571853
0.1235710407090 4.286825882303
0.1236888662478 4.289559114350
0.1237950610837 4.292260770605
0.1238894952533 4.294931344375
0.1239720622407 4.297571313065
0.1240426783208 4.300181138657
0.1241012776300 4.302761269147
0.1241477730857 4.305312147146
0.1241820820256 4.307834204050
0.1242041454667 4.310327856836
0.1242139122995 4.312793511084
0.1242113195776 4.315231563921
0.1241963221476 4.317642399993
0.1241688924297 4.320026391826
0.1241289902671 4.322383903349
0.1240765819673 4.324715287987
0.1240116552948 4.327020887607
0.1239341952769 4.329301034611
0.1238441790328 4.331556052349
0.1237416043780 4.333786253701
0.1236264768039 4.335991941912
0.1234987970690 4.338173411379
0.1233585750729 4.340330947270
0.1232058158619 4.342464826110
0.1230405442256 4.344575315747
0.1228627955172 4.346662675644
0.1226725892601 4.348727156968
0.1224699594265 4.350769003152
0.1222549620945 4.352788450352
0.1220276509807 4.354785727005
0.1217880602998 4.356761053507
0.1215362436572 4.358714643906
0.1212722759737 4.360646706306
0.1209962500735 4.362557443004
0.1207082376409 4.364447048450
0.1204082977302 4.366315710090
0.1200965104019 4.368163610715
0.1197729764197 4.369990928751
0.1194378145831 4.371797838331
0.1190911261446 4.373584506605
0.1187329943775 4.375351094170
0.1183635220763 4.377097758377
0.1179828321743 4.378824653626
0.1175910654182 4.380531931390
0.1171883447871 4.382219736919
0.1167747727575 4.383888209571
0.1163504707580 4.385537486725
0.1159155798973 4.387167704070
0.1154702592249 4.388778995645
0.1150146564660 4.390371490746
0.1145488919335 4.391945312822
0.1140731022088 4.393500584264
0.1135874431570 4.395037426846
0.1130920882377 4.396555961704
0.1125871977756 4.398056305889
0.1120729040508 4.399538571380
0.1115493557998 4.401002870048
0.1110167207153 4.402449314042
0.1104751838840 4.403878015767
0.1099249215739 4.405289084786
0.1093660766504 4.406682625616
0.1087988056991 4.408058743205
0.1082232841122 4.409417543519
0.1076397046923 4.410759133487
0.1070482525640 4.412083617989
0.1064490753504 4.413391097106
0.1058423335052 4.414681671857
0.1052282063420 4.415955444870
0.1046068905447 4.417212520314
0.1039785827622 4.418453001799
0.1033434383241 4.419676988059
0.1027016193040 4.420884578666
0.1020533067578 4.422075875253
0.1013986992488 4.423250981413
0.1007379933146 4.424410000343
0.1000713426429 4.425553030871
0.0993989096692 4.426680173165
0.0987208759769 4.427791529768
0.0980374406805 4.428887205474
0.0973488037734 4.429967305365
0.0966551201817 4.431031930202
0.0959565493297 4.432081181955
0.0952532701734 4.433115165190
0.0945454795460 4.434133986921
0.0938333758888 4.435137754695
0.0931171083108 4.436126571791
0.0923968302016 4.437100542797
0.0916727151213 4.438059775040
0.0909449550031 4.439004378406
0.0902137490238 4.439934464119
0.0894792488575 4.440850139388
0.0887416004840 4.441751511934
0.0880009707131 4.442638692277
0.0872575453682 4.443511793547
0.0865115173083 4.444370930144
0.0857630276304 4.445216212489
0.0850122143240 4.446047751747
0.0842592371368 4.446865661879
0.0835042755461 4.447670059431
0.0827475191818 4.448461062541
0.0819891081594 4.449238785625
0.0812291703260 4.450003343088
0.0804678560823 4.450754852069
0.0797053365219 4.451493432234
0.0789417948662 4.452219204862
0.0781773607364 4.452932287440
0.0774121492400 4.453632797240
0.0766462995680 4.454320854196
0.0758799728619 4.454996580683
0.0751133465630 4.455660100972
0.0743465545880 4.456311536327
0.0735797008915 4.456951006557
0.0728129133871 4.457578633941
0.0720463432780 4.458194543079
0.0712801587270 4.458798860265
0.0705144772714 4.459391708466
0.0697493906112 4.459973209520
0.0689850169037 4.460543487633
0.0682214989549 4.461102669180
0.0674589985390 4.461650882211
0.0666976321994 4.462188251814
0.0659374797941 4.462714901175
0.0651786477876 4.463230955623
0.0644212689862 4.463736542503
0.0636654974582 4.464231790708
0.0629114365765 4.464716825934
0.0621591500793 4.465191771845
0.0614087312421 4.465656754127
0.0606603017938 4.466111900342
0.0599140077431 4.466557339597
0.0591699602980 4.466993198747
0.0584282130512 4.467419601474
0.0576888463824 4.467836673109
0.0569519713820 4.468244540707
0.0562177256292 4.468643332686
0.0554862021792 4.469033174726
0.0547574387955 4.469414189641
0.0540315054071 4.469786501851
0.0533085049778 4.470150237341
0.0525885689681 4.470505523347
0.0518717954280 4.470852484914
0.0511582116988 4.471191243436
0.0504478743813 4.471521921558
0.0497408760271 4.471844643345
0.0490373415224 4.472159534014
0.0483373609917 4.472466716512
0.0476409417868 4.472766309823
0.0469481244964 4.473058434066
0.0462589893925 4.473343210672
0.0455736516014 4.473620762113
0.0448922180769 4.473891209801
0.0442146968718 4.474154670394
0.0435411142725 4.474411260940
0.0428715400703 4.474661099683
0.0422060830144 4.474904305799
0.0415448306865 4.475140996743
0.0408877685899 4.475371285575
0.0402349153099 4.475595286008
0.0395863365326 4.475813112816
0.0389421389272 4.476024881549
0.0383024168339 4.476230706341
0.0376671518292 4.476430696626
0.0370363503810 4.476624962082
0.0364100706574 4.476813613339
0.0357884169803 4.476996761721
0.0351714769768 4.477174516870
0.0345592052247 4.477346983555
0.0339515919174 4.477514266884
0.0333486850291 4.477676472849
0.0327505823159 4.477833708032
0.0321573924193 4.477986078256
0.0315690871673 4.478133684309
0.0309856404144 4.478276626338
0.0304070903571 4.478415005311
0.0298335313652 4.478548922728
0.0292650603356 4.478678478880
0.0287016115438 4.478803769016
0.0281431497490 4.478924888271
0.0275897108894 4.479041932515
0.0270413914159 4.479154998044
0.0264983045002 4.479264180330
0.0259604004817 4.479369569871
0.0254276268885 4.479471256295
0.0249000110454 4.479569329924
0.0243776484539 4.479663881459
0.0238606606553 4.479755000724
0.0233489548652 4.479842772204
0.0228424535596 4.479927279765
0.0223411713242 4.480008607958
0.0218451998864 4.480086841678
0.0213546797424 4.480162065515
0.0208695863142 4.480234359616
0.0203898211637 4.480303801959
0.0199153865670 4.480370471167
0.0194463722531 4.480434446182
0.0189829188999 4.480495805334
0.0185249203693 4.480554621978
0.0180722681634 4.480610968491
0.0176249716044 4.480664917851
0.0171831365848 4.480716543279
0.0167469057046 4.480765917258
0.0163161958996 4.480813107737
0.0158909362129 4.480858181887
0.0154711791946 4.480901207345
0.0150570036210 4.480942250839
0.0146483374592 4.480981376043
0.0142451874895 4.481018646470
0.0138476457177 4.481054125381
0.0134556444092 4.481087873076
0.0130691468638 4.481119949099
0.0126882438269 4.481150413148
0.0123129384308 4.481179322788
0.0119431938698 4.481206734052
0.0115790781391 4.481232702785
0.0112205240117 4.481257282459
0.0108675385116 4.481280526075
0.0105202345310 4.481302486302
0.0101785092045 4.481323212912
0.0098423164395 4.481342755047
0.0095117801412 4.481361161987
0.0091869106421 4.481378480936
0.0088675956586 4.481394757172
0.0085539202710 4.481410036194
0.0082459732333 4.481424362283
0.0079435655271 4.481437776992
0.0076467012414 4.481450321951
0.0073555618971 4.481462038664
0.0070700869735 4.481472966092
0.0067901753088 4.481483141985
0.0065159814880 4.481492604259
0.0062474865124 4.481501388852
0.0059844914015 4.481509529942
0.0057271012910 4.481517061971
0.0054755093089 4.481524018586
0.0052295060318 4.481530430778
0.0049890824942 4.481536329337
0.0047545131771 4.481541744890
0.0045255655593 4.481546705389
0.0043020334868 4.481551237998
0.0040841369326 4.481555370127
0.0038721013479 4.481559128084
0.0036656283744 4.481562535766
0.0034647973022 4.481565617128
0.0032698705597 4.481568395434
0.0030803875310 4.481570891586
0.0028963423783 4.481573126512
0.0027181551937 4.481575120968
0.0025456598111 4.481576893621
0.0023787173403 4.481578462365
0.0022175334482 4.481579844716
0.0020619471397 4.481581056766
0.0019121353956 4.481582114167
0.0017678166473 4.481583031209
0.0016292437453 4.481583821919
0.0014962863715 4.481584499086
0.0013691191368 4.481585074938
0.0012475349246 4.481585560621
0.0011314053196 4.481585966611
0.0010211440991 4.481586302933
0.0009164838693 4.481586578423
0.0008176965761 4.481586801459
0.0007241407911 4.481586979382
0.0006364952643 4.481587119338
0.0005544059264 4.481587227409
0.0004780509059 4.481587309200
0.0004074535893 4.481587369632
0.0003422820967 4.481587412986
0.0002828981459 4.481587443079
0.0002294021421 4.481587463101
0.0001810602402 4.481587475693
0.0001386437429 4.481587483119
0.0001018884131 4.481587487102
0.0000707972480 4.481587488970
0.0000453763915 4.481587489680
0.0000256399400 4.481587489862
0.0000116243821 4.481587489875
0.0000034652399 4.481587489871
0.0000020000000 4.481587489870
0.0000000000000 4.481587489870
