0.0000000000000 0.000000000000
0.0556850131323 0.000000000000
0.0531092142353 0.017760798352
0.0513532457563 0.036222267610
0.0502475088952 0.055106426312
0.0496097154398 0.074190195600
0.0492805341024 0.093316385737
0.0491395933385 0.112385493552
0.0491068772095 0.131339746448
0.0491376102400 0.150147110461
0.0492161741635 0.168787919937
0.0493515107626 0.187244213673
0.0495744038248 0.205490975235
0.0499358422536 0.223488628568
0.0505049178195 0.241176761717
0.0513642137572 0.258470209333
0.0526009087476 0.275259381951
0.0542932646657 0.291417088699
0.0564950114781 0.306812549111
0.0592228241089 0.321330076231
0.0624521774168 0.334886660999
0.0661230778277 0.347442711172
0.0701528191298 0.359002916071
0.0744502379009 0.369609067385
0.0789272171506 0.379328826458
0.0835057142038 0.388244339496
0.0881205949072 0.396443006792
0.0927202133900 0.404011018333
0.0972644246624 0.411029400203
0.1017227340558 0.417572410019
0.1060728244105 0.423706279428
0.1102980841370 0.429489735222
0.1143863664273 0.434974414696
0.1183299332617 0.440204446043
0.1221255722007 0.445216352650
0.1257732854946 0.450040116646
0.1292750888727 0.454700433670
0.1326342338426 0.459217740671
0.1358547161871 0.463608970507
0.1389409214893 0.467888246720
0.1418974218194 0.472067333335
0.1447288023134 0.476156391948
0.1474396270857 0.480163620662
0.1500343449455 0.484096479503
0.1525172398532 0.487960776304
0.1548924270414 0.491761665591
0.1571638964499 0.495503968254
0.1593354248643 0.499191422264
0.1614105855018 0.502827225671
0.1633928429899 0.506414435711
0.1652854955505 0.509955656429
0.1670916216049 0.513452971379
0.1688141975982 0.516908357674
0.1704561104384 0.520323662852
0.1720200298291 0.523700326073
0.1735084796707 0.527039601480
0.1749239155074 0.530342694342
0.1762687262363 0.533610762606
0.1775452054817 0.536844839523
0.1787554559751 0.540045704993
0.1799014923942 0.543214086760
0.1809852788129 0.546350686839
0.1820087298313 0.549456182267
0.1829737125423 0.552531213307
0.1838819580928 0.555576288777
0.1847350762656 0.558591845959
0.1855346391075 0.561578308872
0.1862821831680 0.564536089115
0.1869792102148 0.567465586235
0.1876271879353 0.570367188087
0.1882275475453 0.573241265035
0.1887816184314 0.576088113407
0.1892906339388 0.578907999433
0.1897558007076 0.581701185819
0.1901783021008 0.584467929949
0.1905592985793 0.587208484039
0.1908999280716 0.589923095284
0.1912013063386 0.592612006006
0.1914645099521 0.595275444900
0.1916905200545 0.597913604782
0.1918802991776 0.600526681388
0.1920347954956 0.603114868851
0.1921549416447 0.605678358902
0.1922416514386 0.608217339913
0.1922957873866 0.610731988456
0.1923181851388 0.613222477063
0.1923096693927 0.615688977217
0.1922710423469 0.618131656791
0.1922030704225 0.620550678239
0.1921065068303 0.622946202559
0.1919820951453 0.625318389571
0.1918305451855 0.627667394687
0.1916525379500 0.629993370289
0.1914487471044 0.632296468162
0.1912198392626 0.634576839532
0.1909664774179 0.636834634849
0.1906892822396 0.639070000315
0.1903888371898 0.641283079628
0.1900657218108 0.643474016279
0.1897205118122 0.645642953554
0.1893537788826 0.647790034524
0.1889660905103 0.649915402034
0.1885580097261 0.652019198478
0.1881300661687 0.654101562921
0.1876827426178 0.656162632352
0.1872165182563 0.658202543810
0.1867318716993 0.660221434369
0.1862292806976 0.662219441120
0.1857092218522 0.664196701146
0.1851721703402 0.666153351508
0.1846185973269 0.668089528953
0.1840489329646 0.670005367315
0.1834635761407 0.671900999416
0.1828629269599 0.673776558318
0.1822473872595 0.675632177217
0.1816173602295 0.677467989422
0.1809732500478 0.679284128324
0.1803154617975 0.681080727355
0.1796443826525 0.682857918568
0.1789603514646 0.684615831967
0.1782637041407 0.686354597600
0.1775547805174 0.688074345716
0.1768339238956 0.689775206741
0.1761014805917 0.691457311244
0.1753577995063 0.693120789914
0.1746032299561 0.694765773365
0.1738380855991 0.696392390057
0.1730626482567 0.698000767238
0.1722772041735 0.699591032411
0.1714820450133 0.701163313305
0.1706774673260 0.702717737844
0.1698637720348 0.704254434115
0.1690412641623 0.705773530336
0.1682102396001 0.707275153875
0.1673709417701 0.708759429628
0.1665236093144 0.710226482350
0.1656684882076 0.711676437072
0.1648058311341 0.713109419070
0.1639358968896 0.714525553824
0.1630589498039 0.715924966986
0.1621752589643 0.717307784324
0.1612850711908 0.718674130084
0.1603885887038 0.720024126319
0.1594860169603 0.721357895258
0.1585775698831 0.722675559423
0.1576634691717 0.723977241586
0.1567439436384 0.725263064736
0.1558192285764 0.726533152039
0.1548895590126 0.727787626279
0.1539551169456 0.729026607430
0.1530160719769 0.730250214868
0.1520726038961 0.731458568315
0.1511249018956 0.732651787796
0.1501731638150 0.733829993590
0.1492175954159 0.734993306195
0.1482584096389 0.736141846277
0.1472958031365 0.737275733245
0.1463299210824 0.738395083782
0.1453609105251 0.739500014606
0.1443889296688 0.740590642792
0.1434141470138 0.741667085728
0.1424367405300 0.742729461065
0.1414568968634 0.743777886676
0.1404748087639 0.744812480381
0.1394906187839 0.745833357124
0.1385044420891 0.746840630467
0.1375164066319 0.747834414384
0.1365266525074 0.748814823228
0.1355353310092 0.749781971669
0.1345426037235 0.750735974652
0.1335486416608 0.751676947344
0.1325536141211 0.752605004462
0.1315576329046 0.753520257433
0.1305607972518 0.754422817017
0.1295632204372 0.755312794418
0.1285650287358 0.756190301226
0.1275663603934 0.757055449355
0.1265673646383 0.757908350992
0.1255682009478 0.758749118475
0.1245689867462 0.759577861618
0.1235697969186 0.760394688073
0.1225707205164 0.761199705921
0.1215718614511 0.761993023683
0.1205733373252 0.762774750257
0.1195752783132 0.763544994859
0.1185778260913 0.764303866965
0.1175811226470 0.765051475651
0.1165852473293 0.765787926540
0.1155902632683 0.766513324382
0.1145962505017 0.767227774431
0.1136033047926 0.767931382381
0.1126115363526 0.768624254298
0.1116210686206 0.769306496556
0.1106320386787 0.769978215785
0.1096445465598 0.770639516346
0.1086586313664 0.771290499673
0.1076743472268 0.771931267598
0.1066917664792 0.772561922463
0.1057109781968 0.773182567047
0.1047320867811 0.773793304489
0.1037552106199 0.774394238227
0.1027804773380 0.774985471727
0.1018079590742 0.775567105379
0.1008376852923 0.776139237523
0.0998697042359 0.776701967034
0.0989040834269 0.777255393283
0.0979409080429 0.777799616065
0.0969802793702 0.778334735516
0.0960223151669 0.778860852088
0.0950671084551 0.779378064563
0.0941146717298 0.779886468135
0.0931650304427 0.780386158235
0.0922182321025 0.780877230851
0.0912743444000 0.781359782441
0.0903334534261 0.781833909851
0.0893956619776 0.782299710230
0.0884610850538 0.782757280797
0.0875297789360 0.783206715743
0.0866017444108 0.783648106865
0.0856770039723 0.784081546488
0.0847556035277 0.784507127469
0.0838376103144 0.784924943109
0.0829231109241 0.785335087060
0.0820122109133 0.785737653288
0.0811050109231 0.786132734855
0.0802014999972 0.786520420389
0.0793016692948 0.786900798303
0.0784055376692 0.787273957629
0.0775131491879 0.787639987909
0.0766245707846 0.787998979099
0.0757398900375 0.788351021478
0.0748592130677 0.788696205562
0.0739825993353 0.789034619611
0.0731100287746 0.789366348598
0.0722415222609 0.789691478647
0.0713771269610 0.790010096351
0.0705169140106 0.790322288676
0.0696609469619 0.790628141801
0.0688092261086 0.790927739388
0.0679617673378 0.791221165197
0.0671186145840 0.791508503450
0.0662798370086 0.791789838727
0.0654455013357 0.792065254996
0.0646156062826 0.792334833603
0.0637901608053 0.792598655809
0.0629692040284 0.792856803334
0.0621528023935 0.793109358257
0.0613410203656 0.793356402021
0.0605338450316 0.793598013329
0.0597312765323 0.793834270833
0.0589333477931 0.794065253650
0.0581401210563 0.794291041244
0.0573516684410 0.794511712816
0.0565679858685 0.794727344877
0.0557890650726 0.794938013411
0.0550149332545 0.795143794868
0.0542456493722 0.795344766040
0.0534812812383 0.795541003357
0.0527218094245 0.795732580475
0.0519672197187 0.795919570735
0.0512175363111 0.796102047929
0.0504728174878 0.796280086182
0.0497331366337 0.796453759409
0.0489984824938 0.796623138871
0.0482688321581 0.796788295112
0.0475442042689 0.796949299128
0.0468246545076 0.797106222235
0.0461102583023 0.797259135569
0.0454009916181 0.797408107471
0.0446968193667 0.797553205586
0.0439977526614 0.797694498011
0.0433038433438 0.797832053166
0.0426151722223 0.797965939496
0.0419317415197 0.798096223131
0.0412535078639 0.798222968807
0.0405804757559 0.798346241678
0.0399126942572 0.798466107208
0.0392502428275 0.798582630806
0.0385930992618 0.798695875327
0.0379412123874 0.798805902614
0.0372945857945 0.798912774937
0.0366532713247 0.799016554858
0.0360173547507 0.799117304918
0.0353868300082 0.799215085347
0.0347616381141 0.799309954995
0.0341417774459 0.799401973097
0.0335272993049 0.799491199166
0.0329182954907 0.799577692689
0.0323147402866 0.799661510633
0.0317165566693 0.799742708700
0.0311237346030 0.799821343010
0.0305363230744 0.799897469956
0.0299544186203 0.799971145999
0.0293780397752 0.800042425719
0.0288071038171 0.800111361750
0.0282415919913 0.800178007040
0.0276815511677 0.800242414800
0.0271270824727 0.800304638266
0.0265781673525 0.800364728430
0.0260347057269 0.800422734784
0.0254966784586 0.800478707198
0.0249641386556 0.800532695784
0.0244371969757 0.800584750679
0.0239158714713 0.800634920165
0.0234000534845 0.800683250584
0.0228897134874 0.800729788561
0.0223849032285 0.800774580960
0.0218857478857 0.800817674702
0.0213922502245 0.800859114698
0.0209042603559 0.800898943910
0.0204217290279 0.800937205650
0.0199447012589 0.800973943481
0.0194732997815 0.801009201035
0.0190076162256 0.801043020888
0.0185475192898 0.801075443011
0.0180929406657 0.801106507398
0.0176439200329 0.801136254298
0.0172005929378 0.801164724037
0.0167629854548 0.801191955305
0.0163309162104 0.801217984770
0.0159043262143 0.801242849382
0.0154832761161 0.801266586305
0.0150679199881 0.801289232702
0.0146582872771 0.801310824114
0.0142542358205 0.801331394355
0.0138557575738 0.801350977525
0.0134629520643 0.801369607738
0.0130757951517 0.801387317682
0.0126942230046 0.801404139218
0.0123183117266 0.801420104359
0.0119480793740 0.801435244122
0.0115834150059 0.801449588273
0.0112243574998 0.801463166715
0.0108709986061 0.801476008956
0.0105232604175 0.801488143042
0.0101811725644 0.801499596917
0.0098447260344 0.801510397718
0.0095139280396 0.801520572034
0.0091888084492 0.801530145909
0.0088692686519 0.801539144302
0.0085553915727 0.801547592236
0.0082472639550 0.801555514069
0.0079446949316 0.801562932661
0.0076476868621 0.801569870924
0.0073564196514 0.801576351708
0.0070708312933 0.801582396469
0.0067908192564 0.801588025998
0.0065165368497 0.801593261187
0.0062479639040 0.801598121843
0.0059849003705 0.801602626805
0.0057274503943 0.801606795064
0.0054758061921 0.801610645181
0.0052297575172 0.801614194251
0.0049892946496 0.801617459265
0.0047546913776 0.801620457128
0.0045257145587 0.801623203273
0.0043021574771 0.801625712696
0.0040842395931 0.801628000540
0.0038721858945 0.801630081337
0.0036656976121 0.801631968292
0.0034648536659 0.801633674645
0.0032699161517 0.801635213254
0.0030804241627 0.801636595677
0.0028963716016 0.801637833484
0.0027181783290 0.801638938157
0.0025456779774 0.801639920021
0.0023787314807 0.801640788974
0.0022175443517 0.801641554710
0.0020619554625 0.801642226134
0.0019121416792 0.801642811907
0.0017678213355 0.801643319941
0.0016292471983 0.801643758001
0.0014962888793 0.801644133166
0.0013691209302 0.801644452209
0.0012475361855 0.801644721301
0.0011314061897 0.801644946244
0.0010211446872 0.801645132590
0.0009164842576 0.801645285234
0.0008176968259 0.801645408815
0.0007241409471 0.801645507402
0.0006364953584 0.801645584952
0.0005544059811 0.801645644835
0.0004780509363 0.801645690156
0.0004074536053 0.801645723643
0.0003422821045 0.801645747666
0.0002828981495 0.801645764342
0.0002294021435 0.801645775437
0.0001810602408 0.801645782414
0.0001386437430 0.801645786529
0.0001018884131 0.801645788736
0.0000707972480 0.801645789771
0.0000453763915 0.801645790165
0.0000256399400 0.801645790266
0.0000116243821 0.801645790273
0.0000034652399 0.801645790270
0.0000020000000 0.801645790270
0.0000000000000 0.801645790270
