1e-08  3999.800004999917
2.99999999999727e-05  3442.831905700701
4.99999999999545e-05  3115.2031322863286
8.00000000000409e-05  2681.280184142009
0.000100000000000023  2426.122638850255
0.000129999999999995  2088.1831070441167
0.000149999999999977  1889.4662109642763
0.00017999999999995  1626.2786389628031
0.000200000000000045  1471.5177646854384
0.000230000000000018  1266.5470775160993
0.00025  1146.0191874407603
0.000279999999999973  986.3878557665591
0.000299999999999955  892.5206405939203
0.000330000000000041  768.1996344828591
0.000350000000000023  695.0957738017007
0.000379999999999995  598.2744768905554
0.000399999999999977  541.3411329465132
0.00042999999999995  465.9366310941045
0.000450000000000045  421.5968982473627
0.000480000000000018  362.8718131576174
0.0005  328.3399944955952
0.000529999999999973  282.6048522417567
0.000549999999999954  255.7114448268893
0.000580000000000041  220.09288022558385
0.000600000000000023  199.14827347143293
0.000629999999999995  171.40850746816503
0.000649999999999977  155.09683132690594
0.00067999999999995  133.49307984133776
0.000700000000000045  120.78953368924684
0.000730000000000018  103.96451511501208
0.00075  94.07098342403646
0.000779999999999973  80.96764578322855
0.000799999999999955  73.26255555495321
0.000830000000000041  63.05766593940508
0.000850000000000023  57.05693563599044
0.000879999999999995  49.10935961227502
0.000899999999999977  44.43598615297437
0.00092999999999995  38.246407722183605
0.000950000000000045  34.606780812474774
0.000980000000000018  29.786332283694716
0.001  26.951787996341874
0.00102999999999997  23.197618907372053
0.00104999999999995  20.99007359673078
0.00108000000000004  18.066323770447095
0.00110000000000002  16.347085753854635
0.00113  14.070067099648533
0.00114999999999998  12.73112318603995
0.00117999999999995  10.957779275076222
0.00120000000000005  9.915008706662961
0.00123000000000002  8.533927080149986
0.00125  7.7218165449108405
0.00127999999999997  6.6462290926967365
0.00129999999999995  6.013756771911793
0.00133000000000004  5.176088421862368
0.00135000000000002  4.68351848316423
0.00138  4.031141716194047
0.00139999999999998  3.6475278622184324
0.00142999999999995  3.139456325244514
0.00145000000000005  2.840697555369488
0.00148000000000002  2.445011044518047
0.0015  2.2123374805913354
0.00152999999999997  1.9041765160893642
0.00154999999999995  1.722970162303181
0.00158000000000004  1.4829741618360601
0.00160000000000002  1.3418505116099146
0.00163  1.1549414385128147
0.00164999999999998  1.0450342292067745
0.00167999999999995  0.8994692967156185
0.00170000000000005  0.8138734760423748
0.00173000000000002  0.7005073926305644
0.00175  0.6338453004630054
0.00177999999999997  0.5455557059281282
0.00179999999999995  0.49363921634684205
0.00183000000000004  0.42487921098575065
0.00185000000000002  0.3844466082455407
0.00188  0.3308962622265297
0.00189999999999998  0.2994073195508324
0.00192999999999995  0.25770226813748637
0.00195000000000005  0.23317865492341738
0.00198000000000002  0.2006987282246813
0.002  0.18159971904993952
0.00202999999999997  0.156304326702856
0.00204999999999995  0.14143000340167544
0.00208000000000004  0.12172993203359035
0.00210000000000002  0.11014579739897792
0.00213  0.09480336639100809
0.00214999999999998  0.08578163326636541
0.00217999999999995  0.07383293598314064
0.00220000000000005  0.06680680316096607
0.00223000000000002  0.05750114836011082
0.00225  0.05202919061627052
0.00227999999999997  0.04478193937037055
0.00229999999999995  0.040520374394533015
0.00233000000000004  0.034876209449088556
0.00235000000000002  0.031557299308797776
0.00238  0.0271616192295179
0.00239999999999998  0.024576849413315345
0.00242999999999995  0.02115349032544117
0.00245000000000005  0.01914046956851129
0.00248000000000002  0.016474354830141202
0.0025  0.014906612688314695
0.00252999999999997  0.012830240442313363
0.00254999999999995  0.011609281634604531
0.00258000000000004  0.00999220130346456
0.00260000000000002  0.00904131762792334
0.00263  0.0077819341997468735
0.00264999999999998  0.007041385248625395
0.00267999999999995  0.0060605764485745185
0.00270000000000005  0.005483836345534978
0.00273000000000002  0.004719981684012297
0.00275  0.004270816040139134
0.00277999999999997  0.003675925431592387
0.00279999999999995  0.003326114876415107
0.00283000000000004  0.002862813604635241
0.00285000000000002  0.002590380870336628
0.00288  0.0022295614770778405
0.00289999999999998  0.002017390650271758
0.00292999999999995  0.0017363842242544949
0.00295000000000005  0.001571145418192026
0.00298000000000002  0.0013522973935617612
0.003  0.001223609282007304
0.00302999999999997  0.0010531702690515852
0.00304999999999995  0.0009529478670009667
0.00308000000000004  0.0008202098302446082
0.00310000000000002  0.0007421565450463195
0.00313  0.0006387800580774933
0.00314999999999998  0.0005779920984437569
0.00317999999999995  0.0004974824094412728
0.00320000000000005  0.0004501406988769249
0.00323000000000002  0.00038743969003697765
0.00325  0.0003505699287777458
0.00327999999999997  0.00030173833399381564
0.00329999999999995  0.00027302413505346393
0.00333000000000004  0.00023499405079696292
0.00335000000000002  0.0002126314101769559
0.00338  0.000183013550777832
0.00339999999999998  0.0001655975087514239
0.00342999999999995  0.00014253109665848983
0.00345000000000005  0.00012896746949023736
0.00348000000000002  0.00011100332968961932
0.0035  0.00010043996622975936
0.00352999999999997  8.644948008583067e-05
0.00354999999999995  7.822272435142179e-05
0.00358000000000004  6.732692278693706e-05
0.00360000000000002  6.091991897884451e-05
0.00363  5.243426018826503e-05
0.00364999999999998  4.7444480605380256e-05
0.00367999999999995  4.083584289440075e-05
0.00370000000000005  3.6949798647873225e-05
0.00373000000000002  3.1802986423528985e-05
0.00375  2.8776532121301565e-05
0.00377999999999997  2.4768190730659877e-05
0.00379999999999995  2.2411185750154745e-05
0.00383000000000004  1.9289486336293107e-05
0.00385000000000002  1.7453849011773087e-05
0.00388  1.5022667063753172e-05
0.00389999999999998  1.35930712779817e-05
0.00392999999999995  1.1699664873074923e-05
0.00395000000000005  1.0586294555633848e-05
0.00398000000000002  9.111708164820587e-06
0.004  8.24461448975424e-06
0.00402999999999997  7.096205453882152e-06
0.00404999999999995  6.420912220744073e-06
0.00408000000000004  5.52653036431707e-06
0.00410000000000002  5.000611465546479e-06
0.00413  4.304066175398887e-06
0.00414999999999998  3.894480125204231e-06
0.00417999999999995  3.3520101077926333e-06
0.00420000000000005  3.033024171164012e-06
0.00423000000000002  2.6105480968112583e-06
0.00425  2.3621215995776188e-06
0.00427999999999997  2.0330969020426863e-06
0.00429999999999995  1.839622151461393e-06
0.00433000000000004  1.5833774593703345e-06
0.00435000000000002  1.4326991721131312e-06
0.00438  1.2331356052554734e-06
0.00439999999999998  1.1157872371476865e-06
0.00442999999999995  9.603669750064323e-07
0.00445000000000005  8.689759740313917e-07
0.00448000000000002  7.479345521706628e-07
0.0045  6.76759169046053e-07
0.00452999999999997  5.824920149168198e-07
0.00454999999999995  5.270605708039522e-07
0.00458000000000004  4.5364523734990166e-07
0.00460000000000002  4.1047518526803533e-07
0.00463  3.53299266084787e-07
0.00464999999999998  3.196783957181907e-07
0.00467999999999995  2.751497450854532e-07
0.00470000000000005  2.489657849162497e-07
0.00473000000000002  2.1428683693437378e-07
0.00475  1.9389474825081047e-07
0.00477999999999997  1.6688675640642625e-07
0.00479999999999995  1.510053817712022e-07
0.00483000000000004  1.299715365735263e-07
0.00485000000000002  1.1760310957136735e-07
0.00488  1.0122193446047616e-07
0.00489999999999998  9.158939382583168e-08
0.00492999999999995  7.883172182184086e-08
0.00495000000000005  7.132989163256792e-08
0.00498000000000002  6.139420668569545e-08
0.005  5.555177545985616e-08
0.00502999999999997  4.781385624287918e-08
0.00504999999999995  4.326376622915374e-08
0.00508000000000004  3.7237468683604916e-08
0.00510000000000002  3.369385501787129e-08
0.00513  2.90005697703942e-08
0.00514999999999998  2.6240800672617854e-08
0.00517999999999995  2.2585666446705533e-08
0.00520000000000005  2.0436356112248243e-08
0.00523000000000002  1.75897347148777e-08
0.00525  1.5915850143348984e-08
0.00527999999999997  1.3698899169968434e-08
0.00529999999999995  1.2395276554890448e-08
0.00533000000000004  1.0668713400783956e-08
0.00535000000000002  9.65345108733191e-09
0.00538  8.30880235089656e-09
0.00539999999999998  7.518115266157118e-09
0.00542999999999995  6.470901777265381e-09
0.00545000000000005  5.855114056502189e-09
0.00548000000000002  5.039543371310668e-09
0.0055  4.559967412177428e-09
0.00552999999999997  3.9248003239000335e-09
0.00554999999999995  3.551306191384765e-09
0.00558000000000004  3.0566375656511852e-09
0.00560000000000002  2.7657600427758105e-09
0.00563  2.380511729695089e-09
0.00564999999999998  2.1539760871018397e-09
0.00567999999999995  1.853944399197661e-09
0.00570000000000005  1.6775182633514034e-09
0.00573000000000002  1.443853349865481e-09
0.00575  1.3064525371149809e-09
0.00577999999999997  1.1244741195157872e-09
0.00579999999999995  1.0174662589510275e-09
0.00583000000000004  8.757413248221187e-10
0.00585000000000002  7.924035192195143e-10
0.00588  6.820280295395914e-10
0.00589999999999998  6.171244812768198e-10
0.00592999999999995  5.311639634822131e-10
0.00595000000000005  4.806170292707528e-10
0.00598000000000002  4.1367091069911465e-10
0.006  3.743049187536076e-10
0.00602999999999997  3.2216722918641183e-10
0.00604999999999995  2.9150896383286175e-10
0.00608000000000004  2.509040903702349e-10
0.00610000000000002  2.270274093052867e-10
0.00613  1.9540430205619636e-10
0.00614999999999998  1.7680912414566544e-10
0.00617999999999995  1.5218102345692494e-10
0.00620000000000005  1.3769908433876506e-10
0.00623000000000002  1.1851870023681968e-10
0.00625  1.0724015471127232e-10
0.00627999999999997  9.230245655306322e-11
0.00629999999999995  8.351871646585855e-11
0.00633000000000004  7.188522544291519e-11
0.00635000000000002  6.504444178470639e-11
0.00638  5.5984269866217766e-11
0.00639999999999998  5.065666219638201e-11
0.00642999999999995  4.36005932115021e-11
0.00645000000000005  3.9451448186312067e-11
0.00648000000000002  3.395617613548379e-11
0.0065  3.072481874080843e-11
0.00652999999999997  2.6445096564431905e-11
0.00654999999999995  2.3928512895074533e-11
0.00658000000000004  2.0595461912771313e-11
0.00660000000000002  1.8635544580411768e-11
0.00663  1.6039761865386784e-11
0.00664999999999998  1.4513376712189646e-11
0.00667999999999995  1.2491779101045193e-11
0.00670000000000005  1.1303029148459655e-11
0.00673000000000002  9.728607345845618e-12
0.00675  8.802807951901483e-12
0.00677999999999997  7.576647019140673e-12
0.00679999999999995  6.85563372616977e-12
0.00683000000000004  5.900698631560329e-12
0.00685000000000002  5.339172914389891e-12
0.00688  4.595468714928466e-12
0.00689999999999998  4.158152046681309e-12
0.00692999999999995  3.5789546337673213e-12
0.00695000000000005  3.238372070084241e-12
0.00698000000000002  2.7872926713540527e-12
0.007  2.5220467040588002e-12
0.00702999999999997  2.170745715100264e-12
0.00704999999999995  1.964171948064138e-12
0.00708000000000004  1.6905784627683936e-12
0.00710000000000002  1.529698651238705e-12
0.00713  1.3166238306479388e-12
0.00714999999999998  1.1913305074482121e-12
0.00717999999999995  1.0253876703193426e-12
0.00720000000000005  9.27809132097199e-13
0.00723000000000002  7.985727205961894e-13
0.00725  7.225784786182787e-13
0.00727999999999997  6.219290601399292e-13
0.00729999999999995  5.627446849785998e-13
0.00733000000000004  4.843588390516711e-13
0.00735000000000002  4.3826600133045193e-13
0.00738  3.7721904314107313e-13
0.00739999999999998  3.4132190502979727e-13
0.00742999999999995  2.9377848618778683e-13
0.00745000000000005  2.6582176691653724e-13
0.00748000000000002  2.287949150925006e-13
0.0075  2.0702220023207515e-13
0.00752999999999997  1.7818565903683938e-13
0.00754999999999995  1.612290516539454e-13
0.00758000000000004  1.3877113078993657e-13
0.00760000000000002  1.2556531168190897e-13
0.00763  1.0807506532692844e-13
0.00764999999999998  9.779036306449517e-14
0.00767999999999995  8.416894550712604e-14
0.00770000000000005  7.615921133143931e-14
0.00773000000000002  6.555084067122133e-14
0.00775  5.931285342304029e-14
0.00777999999999997  5.1051046045748766e-14
0.00779999999999995  4.619289669207473e-14
0.00783000000000004  3.975859463702965e-14
0.00785000000000002  3.597506411611178e-14
0.00787999999999999  3.0964024637145165e-14
0.00789999999999998  2.801740810467743e-14
0.00792999999999995  2.4114806634455725e-14
0.00795000000000005  2.181997937154631e-14
0.00798000000000002  1.878063029052296e-14
0.008  1.6993417021166393e-14
0.00802999999999997  1.4626369576837567e-14
0.00804999999999995  1.3234486483146713e-14
0.00808000000000004  1.1391028079928743e-14
0.00810000000000002  1.0307028436618922e-14
0.00812999999999999  8.871341588639134e-15
0.00814999999999998  8.02712181757965e-15
0.00817999999999995  6.909007776127454e-15
0.00820000000000005  6.2515287573384585e-15
0.00823000000000002  5.380740666292614e-15
0.00825  4.8686954916097744e-15
0.00827999999999997  4.190525044413912e-15
0.00829999999999995  3.791743861402881e-15
0.00833000000000004  3.263584186068706e-15
0.00835000000000002  2.953013088465707e-15
0.00838  2.5416819197302853e-15
0.00839999999999998  2.299808905717658e-15
0.00842999999999995  1.97946386940487e-15
0.00845000000000005  1.7910929766868922e-15
0.00848000000000002  1.5416080115535294e-15
0.0085  1.3949046127977818e-15
0.00852999999999997  1.2006055265873471e-15
0.00854999999999996  1.0863528047570512e-15
0.00858000000000004  9.350325242657435e-16
0.00860000000000002  8.4605241503635e-16
0.00863  7.282040620955435e-16
0.00864999999999998  6.589062833498938e-16
0.00867999999999995  5.671258937959281e-16
0.00870000000000005  5.131567294433912e-16
0.00873000000000002  4.4167809018818554e-16
0.00875  3.9964686272897064e-16
0.00877999999999997  3.4397924250412703e-16
0.00879999999999995  3.1124528964543e-16
0.00883000000000004  2.6789130342243144e-16
0.00885000000000002  2.4239807530306444e-16
0.00888  2.0863395688344895e-16
0.00889999999999998  1.8877981086106415e-16
0.00892999999999995  1.6248428899615618e-16
0.00895000000000004  1.470218645266246e-16
0.00898000000000002  1.2654289150696281e-16
0.009  1.14500743221976e-16
0.00902999999999997  9.855170299776699e-17
0.00904999999999995  8.917326848355495e-17
0.00908000000000004  7.675214346765527e-17
0.00910000000000002  6.944821132400554e-17
0.00913  5.977462943503063e-17
0.00914999999999998  5.408632136205469e-17
0.00917999999999995  4.655252821181615e-17
0.00920000000000004  4.212246943020697e-17
0.00923000000000002  3.6255145425303456e-17
0.00925  3.280501217715303e-17
0.00927999999999997  2.823553564760102e-17
0.00929999999999995  2.5548569172240107e-17
0.00933000000000004  2.1989857272784744e-17
0.00935000000000002  1.989724567768776e-17
0.00938  1.712571806367659e-17
0.00939999999999998  1.549599051475044e-17
0.00942999999999995  1.3337522638654655e-17
0.00945000000000005  1.2068289547350418e-17
0.00948000000000002  1.0387273075213218e-17
0.0095  9.398793349811292e-18
0.00952999999999997  8.089616404954588e-18
0.00954999999999995  7.319787620761221e-18
0.00958000000000004  6.300199590923767e-18
0.00960000000000002  5.700656330963229e-18
0.00963  4.90660037491855e-18
0.00964999999999998  4.4396756145760075e-18
0.00967999999999995  3.821264214205939e-18
0.00970000000000005  3.4576228452135865e-18
0.00973000000000002  2.9760035623452855e-18
0.00975  2.69279937941859e-18
0.00977999999999997  2.3177139047783917e-18
0.00979999999999995  2.0971542653459276e-18
0.00983000000000004  1.805037403976241e-18
0.00985000000000002  1.6332653840723651e-18
0.00987999999999999  1.4057645436902318e-18
0.00989999999999998  1.2719883600792296e-18
0.00992999999999995  1.0948105274401865e-18
0.00995000000000005  9.906255308870713e-19
0.00998000000000002  8.526392960849382e-19
0.01  7.714999391855693e-19
0.01003  6.640361514684626e-19
0.01005  6.008447567772625e-19
0.01008  5.171518747513644e-19
0.0101  4.679383670824832e-19
0.01013  4.027582850232077e-19
0.01015  3.6443076671299243e-19
0.0101799999999999  3.1366846776473074e-19
0.0102  2.83818966491389e-19
0.01023  2.4428524831985675e-19
0.01025  2.2103843335401053e-19
0.01028  1.9024954268429704e-19
0.0103  1.7214490498497994e-19
0.01033  1.4816649282150613e-19
0.01035  1.3406658680405593e-19
0.01038  1.153921806343327e-19
0.0104  1.0441116278670849e-19
0.0104299999999999  8.986752063837999e-20
0.01045  8.131549533968507e-20
0.01048  6.998889544582117e-20
0.0105  6.332857144638546e-20
0.01053  5.450740657950859e-20
0.01055  4.932034103323841e-20
0.01058  4.2450410927312435e-20
0.0106  3.841072021803509e-20
0.01063  3.3060413271893845e-20
0.01065  2.9914298984142157e-20
0.0106799999999999  2.5747475744828e-20
0.0107  2.329727947388221e-20
0.01073  2.0052154272174078e-20
0.01075  1.8143939497692702e-20
0.01078  1.56166334494379e-20
0.0108  1.413051428880327e-20
0.01083  1.2162246359361244e-20
0.01085  1.1004855593321739e-20
0.01088  9.47196698857788e-21
0.0109  8.57059015366664e-21
0.01093  7.37677530793095e-21
0.01095  6.6747823230596986e-21
0.01098  5.745038386358428e-21
0.011  5.198325700030027e-21
0.01103  4.4742403940712554e-21
0.01105  4.048460125843594e-21
0.01108  3.4845419225523795e-21
0.0111  3.152943916240372e-21
0.01113  2.7137639779289516e-21
0.01115  2.4555151909482065e-21
0.01118  2.113481511082008e-21
0.0112  1.9123571535542072e-21
0.01123  1.6459810558376158e-21
0.01125  1.4893452487002087e-21
0.01128  1.2818913352070418e-21
0.0113  1.159903245951407e-21
0.01133  9.98337975671686e-22
0.01135  9.033335562340072e-22
0.01138  7.775063972230358e-22
0.0114  7.035168809697268e-22
0.01143  6.055225910003228e-22
0.01145  5.478994978031795e-22
0.01148  4.715814680384774e-22
0.0115  4.267045579335427e-22
0.01153  3.6726801659032627e-22
0.01155  3.3231784385878305e-22
0.01158  2.860286189176298e-22
0.0116  2.5880939702582105e-22
0.01163  2.2275931239388417e-22
0.01165  2.0156096106994612e-22
0.01168  1.7348512692880343e-22
0.0117  1.56975834317899e-22
0.01173  1.351103527033942e-22
0.01175  1.2225290269006685e-22
0.01178  1.0522404848645635e-22
0.0118  9.5210656347777e-23
0.01183  8.194857135919626e-23
0.01185  7.415013372039115e-23
0.01188  6.382161154612496e-23
0.0119  5.77481822062896e-23
0.0119299999999999  4.970432104902585e-23
0.01195  4.4974329523208517e-23
0.01198  3.8709764154994865e-23
0.012  3.50260430507862e-23
0.01203  3.0147194636418976e-23
0.01205  2.7278309755845025e-23
0.01208  2.347865879024932e-23
0.0121  2.1244368998716602e-23
0.01213  1.8285197851312495e-23
0.01215  1.6545131212058365e-23
0.0121799999999999  1.4240526405225026e-23
0.0122  1.2885361143970106e-23
0.01223  1.1090533115732596e-23
0.01225  1.0035129349081772e-23
0.01228  8.637315875211953e-24
0.0123  7.815366595287723e-24
0.01233  6.7267483672501e-24
0.01235  6.0866136244002206e-24
0.01238  5.238796895938671e-24
0.0124  4.74025945693594e-24
0.0124299999999999  4.0799791249111114e-24
0.01245  3.691717777023369e-24
0.01248  3.1774909373941783e-24
0.0125  2.875112695624405e-24
0.01253  2.474632430244896e-24
0.01255  2.2391400187708245e-24
0.01258  1.927245674488619e-24
0.0126  1.7438440000252507e-24
0.01263  1.5009404404627034e-24
0.01265  1.3581070727740266e-24
0.0126799999999999  1.1689335903764744e-24
0.0127  1.057694851771233e-24
0.01273  9.103663955432143e-25
0.01275  8.2373357881002375e-25
0.01278  7.089940617309526e-25
0.0128  6.415243562194574e-25
0.01283  5.521651304690417e-25
0.01285  4.996196709830923e-25
0.01288  4.300266359940081e-25
0.0129  3.891041909995099e-25
0.01293  3.349050808537002e-25
0.01295  3.030346486467881e-25
0.01298  2.608243392234539e-25
0.013  2.360036216638833e-25
0.01303  2.0313019963130765e-25
0.01305  1.8379980535951987e-25
0.01308  1.581979585383132e-25
0.0131  1.431434323423659e-25
0.01313  1.2320469398993595e-25
0.01315  1.114802171997632e-25
0.01318  9.595191215743358e-26
0.0132  8.682088045214712e-26
0.01323  7.472742432540898e-26
0.01325  6.761616968308004e-26
0.01328  5.819777658153767e-26
0.0133  5.265952589747248e-26
0.01333  4.5324473974716206e-26
0.01335  4.1011280005119905e-26
0.01338  3.5298735823808487e-26
0.0134  3.193961698274803e-26
0.01343  2.74906831010127e-26
0.01345  2.4874598717165263e-26
0.01348  2.140976552623653e-26
0.0135  1.9372356959514994e-26
0.01353  1.6673942157207942e-26
0.01355  1.508720677000927e-26
0.01358  1.2985679208921042e-26
0.0136  1.1749928446843255e-26
0.01363  1.0113257136621765e-26
0.01365  9.150853475434504e-27
0.0136799999999999  7.876212577407423e-27
0.0137  7.126691852440079e-27
0.01373  6.134000522918699e-27
0.01375  5.5502731953889334e-27
0.01378  4.777164410609422e-27
0.0138  4.322557110829191e-27
0.01383  3.720459383843517e-27
0.01385  3.366410862784596e-27
0.01388  2.897496681522646e-27
0.0139  2.621763416076764e-27
0.0139299999999999  2.2565726845177882e-27
0.01395  2.0418314014685165e-27
0.01398  1.7574205737591216e-27
0.014  1.5901798943634647e-27
0.01403  1.3686805190293822e-27
0.01405  1.2384333469546703e-27
0.01408  1.0659294599946748e-27
0.0141  9.64492860390038e-28
0.01413  8.301466981427206e-28
0.01415  7.511477949385515e-28
0.0141799999999999  6.4651889857802285e-28
0.0142  5.849944909004945e-28
0.01423  5.035094244827759e-28
0.01425  4.55594167605763e-28
0.01428  3.9213353407101826e-28
0.0143  3.5481709449413314e-28
0.01433  3.053939034030665e-28
0.01435  2.7633183103915153e-28
0.01438  2.378410111155378e-28
0.0144  2.1520744640084636e-28
0.0144299999999999  1.852307657033703e-28
0.01445  1.6760372777977893e-28
0.01448  1.4425786537862895e-28
0.0145  1.3052991444057653e-28
0.01453  1.1234813852108553e-28
0.01455  1.0165679958056452e-28
0.01458  8.749681825683608e-29
0.0146  7.917039511787649e-29
0.01463  6.814259057467938e-29
0.01465  6.165796571387473e-29
0.01468  5.306950290007519e-29
0.0147  4.801927198055617e-29
0.01473  4.1330570415788737e-29
0.01475  3.7397446620975386e-29
0.01478  3.218828060460411e-29
0.0148  2.912516071328669e-29
0.01483  2.50682581405878e-29
0.01485  2.2682697970588192e-29
0.01488  1.9523179070125615e-29
0.0149  1.766530294166625e-29
0.01493  1.520466714785731e-29
0.01495  1.3757751764163463e-29
0.01498  1.1841406681091336e-29
0.015  1.0714547847232355e-29
0.01503  9.2220967959009e-30
0.01505  8.344498253680712e-30
0.01508  7.182176206207914e-30
0.0151  6.498701774304416e-30
0.01513  5.593484453551535e-30
0.01515  5.0611940307758074e-30
0.01518  4.3562100725236026e-30
0.0152  3.9416618744445746e-30
0.01523  3.392619815704971e-30
0.01525  3.0697693544200932e-30
0.01528  2.642174969134597e-30
0.0153  2.3907387770710036e-30
0.01533  2.0577279349736893e-30
0.01535  1.8619092317020438e-30
0.01538  1.602560127105414e-30
0.0154  1.4500563676574298e-30
0.01543  1.2480750819087067e-30
0.01545  1.1293050346292832e-30
0.01548  9.720018511224085e-31
0.0155  8.795036452957657e-31
0.01553  7.5699580280097605e-31
0.01555  6.849581276705072e-31
0.01558  5.895489240031753e-31
0.0156  5.334459262009068e-31
0.01563  4.591411636725706e-31
0.01565  4.154481050515171e-31
0.01568  3.575794978085191e-31
0.0157  3.2355130953965737e-31
0.01573  2.7848319290355444e-31
0.01575  2.519820132332601e-31
0.01578  2.168829287055133e-31
0.0158  1.9624378922597205e-31
0.01583  1.689085947106734e-31
0.01585  1.5283481672208677e-31
0.01588  1.31546145828163e-31
0.0159  1.190278749437358e-31
0.01593  1.0244824138099856e-31
0.01595  9.269900221350803e-32
0.01598  7.978677061180999e-32
0.016  7.219405551381691e-32
0.01603  6.213799943121706e-32
0.01605  5.622478696726188e-32
0.01608  4.8393122615520983e-32
0.0161  4.3787908118125854e-32
0.01613  3.768860178823879e-32
0.01615  3.410205713145515e-32
0.01618  2.935191258554672e-32
0.0162  2.655870879832343e-32
0.01623  2.2859292506267208e-32
0.01625  2.0683943209499405e-32
0.01628  1.780283490433945e-32
0.0163  1.6108671168562835e-32
0.01633  1.3864861764390112e-32
0.01635  1.2545445720316318e-32
0.01638  1.0797965199283954e-32
0.0164  9.770402950962154e-33
0.01643  8.40946375278012e-33
0.01645  7.609197469132599e-33
0.01648  6.549296955875752e-33
0.0165  5.9260489475053356e-33
0.01653  5.100597597803132e-33
0.01655  4.615211560836696e-33
0.01658  3.972349403301206e-33
0.0166  3.594330377619768e-33
0.01663  3.093668825924251e-33
0.01665  2.799267312707614e-33
0.0166799999999999  2.4093517041945985e-33
0.0167  2.180071575162908e-33
0.01673  1.8764049939202707e-33
0.01675  1.6978414498885596e-33
0.01678  1.4613456786241601e-33
0.0168  1.3222802507042997e-33
0.01683  1.1380971588505094e-33
0.01685  1.0297928946883622e-33
0.01688  8.863509585241304e-34
0.0169  8.020035127846767e-34
0.0169299999999999  6.902908205750264e-34
0.01695  6.246009637827236e-34
0.01698  5.375990316105735e-34
0.017  4.864397197011324e-34
0.01703  4.186825467967316e-34
0.01705  3.788396346202766e-34
0.01708  3.2607029530362477e-34
0.0171  2.9504060410075636e-34
0.01713  2.5394380131879075e-34
0.01715  2.2977785351153264e-34
0.0171799999999999  1.9777163132330187e-34
0.0172  1.789511722472482e-34
0.01723  1.5402470134382008e-34
0.01725  1.3936731307770078e-34
0.01728  1.1995455801890465e-34
0.0173  1.08539372559471e-34
0.01733  9.34207037181072e-35
0.01735  8.453054834339497e-35
0.01738  7.275611721074464e-35
0.0174  6.58324572432922e-35
0.0174299999999999  5.666252105699102e-35
0.01745  5.127036925259074e-35
0.01748  4.4128815769962627e-35
0.0175  3.992940372227718e-35
0.01753  3.4367556277660164e-35
0.01755  3.109705088648374e-35
0.01758  2.6765479741292693e-35
0.0176  2.421840758160486e-35
0.01763  2.0844976581800574e-35
0.01765  1.886131478929658e-35
0.0176799999999999  1.623408408501946e-35
0.0177  1.4689206727660448e-35
0.01773  1.2643117397853895e-35
0.01775  1.1439965702199541e-35
0.01778  9.846469729912177e-36
0.0178  8.909454247183017e-36
0.01783  7.668438336144596e-36
0.01785  6.938689944444988e-36
0.01788  5.972185781124194e-36
0.0179  5.4038571622235165e-36
0.0179299999999999  4.651142962989745e-36
0.01795  4.2085281895456944e-36
0.01798  3.6223137817516665e-36
0.018  3.2776050495962216e-36
0.01803  2.8210608097584995e-36
0.01805  2.5526013792243284e-36
0.01808  2.1970443677320025e-36
0.0181  1.9879679530090552e-36
0.01813  1.7110598740323027e-36
0.01815  1.548230998524332e-36
0.0181799999999999  1.3325747697790796e-36
0.0182  1.2057635140261728e-36
0.01823  1.0378102742046282e-36
0.01825  9.39049568922499e-37
0.01828  8.082474542301024e-37
0.0183  7.313325396197074e-37
0.01833  6.29463750269882e-37
0.01835  5.695623545414274e-37
0.01838  4.902268616252475e-37
0.0184  4.43575607724863e-37
0.0184299999999999  3.817890637165698e-37
0.01845  3.4545703064748784e-37
0.01848  2.973376217904152e-37
0.0185  2.6904220598578964e-37
0.01853  2.315667726869613e-37
0.01855  2.095302807009912e-37
0.01858  1.8034438390192602e-37
0.0186  1.6318234668710552e-37
0.01863  1.4045234740535006e-37
0.01865  1.2708653938334727e-37
0.01868  1.0938439814350362e-37
0.0187  9.897509638958298e-38
0.01873  8.518865492995494e-38
0.01875  7.708188257277609e-38
0.01878  6.634499116824766e-38
0.0188  6.00314305082961e-38
0.01883  5.166953107469746e-38
0.01885  4.675252508875829e-38
0.01888  4.0240271261906094e-38
0.0189  3.6410903149690464e-38
0.01893  3.133915476977866e-38
0.01895  2.83568398853152e-38
0.01898  2.440695827549957e-38
0.019  2.2084329108114244e-38
0.01903  1.9008158217350445e-38
0.01905  1.719929280300599e-38
0.01908  1.4803568504417475e-38
0.0191  1.3394822703255638e-38
0.01913  1.1529030743491352e-38
0.01915  1.0431898410398122e-38
0.01918  8.978818171085493e-39
0.0192  8.1243706509394e-39
0.01923  6.992710622697141e-39
0.01925  6.327266224913854e-39
0.01928  5.445928508748343e-39
0.0193  4.927679890664162e-39
0.01933  4.241293387164038e-39
0.01935  3.8376809575745185e-39
0.01938  3.303122611158877e-39
0.0194  2.9887889349372116e-39
0.01943  2.572474476151433e-39
0.01945  2.3276711629642837e-39
0.01948  2.0034451364579382e-39
0.0195  1.8127921244492858e-39
0.01953  1.560284641114062e-39
0.01955  1.4118039260667796e-39
0.01958  1.215150900313883e-39
0.0196  1.0995140031641075e-39
0.01963  9.463604727143746e-40
0.01965  8.563023666621699e-40
0.01968  7.370262772177902e-40
0.0197  6.668889537024046e-40
0.01973  5.739966418414174e-40
0.01975  5.193736393650952e-40
0.01978  4.47029034146459e-40
0.0198  4.044885970441816e-40
0.01983  3.481465618489061e-40
0.01985  3.15016036121467e-40
0.01988  2.7113681499154928e-40
0.0199  2.45334735611445e-40
0.01993  2.111615638349052e-40
0.01995  1.9106688420881216e-40
0.01998  1.644527912692066e-40
0.02  1.4880303904083424e-40
0.02003  1.2807596261873824e-40
0.02005  1.158879233284082e-40
0.02008  9.974565998009446e-41
0.0201  9.025360543668194e-41
0.02013  7.768199810047277e-41
0.02015  7.028957858910549e-41
0.02018  6.049880095119957e-41
0.0202  5.474157884695519e-41
0.02023  4.711651355567528e-41
0.02025  4.263278447257315e-41
0.02028  3.669437765275385e-41
0.0203  3.3202445931754874e-41
0.02033  2.857761005028256e-41
0.02035  2.5858090891536314e-41
0.02038  2.2256265085469625e-41
0.0204  2.013830143506004e-41
0.02043  1.7333196676808512e-41
0.02045  1.5683724927352978e-41
0.02048  1.3499107145029144e-41
0.0205  1.2214497254898838e-41
0.02053  1.0513115215313343e-41
0.02055  9.512660026938876e-42
0.02058  8.187622362205934e-42
0.0206  7.408467078071943e-42
0.02063  6.376526707179018e-42
0.02065  5.769719961761153e-42
0.0206799999999999  4.966043992829215e-42
0.0207  4.4934624243223645e-42
0.02073  3.8675589503805704e-42
0.02075  3.499512054764141e-42
0.02078  3.0120579391311234e-42
0.0208  2.725422728618135e-42
0.02083  2.3457930816517606e-42
0.02085  2.1225613552484082e-42
0.02088  1.8269054889139012e-42
0.0209  1.6530524455845864e-42
0.0209299999999999  1.4227954253643016e-42
0.02095  1.2873985390793767e-42
0.02098  1.1080741914235953e-42
0.021  1.002626990359987e-42
0.02103  8.629690479818855e-43
0.02105  7.808466852208838e-43
0.02108  6.72080970334677e-43
0.0211  6.081240099087351e-43
0.02113  5.234171859840436e-43
0.02115  4.736074551214523e-43
0.0211799999999999  4.076377143176071e-43
0.0212  3.688458569170424e-43
0.02123  3.174685711198321e-43
0.02125  2.872574421996318e-43
0.02128  2.4724477178868174e-43
0.0213  2.2371632092816215e-43
0.02133  1.9255442187933886e-43
0.02135  1.7423044592470635e-43
0.02138  1.4996153454349076e-43
0.0214  1.356908077210433e-43
0.0214299999999999  1.1679016053311821e-43
0.02145  1.0567610730873997e-43
0.02148  9.095626847818233e-44
0.0215  8.230063512398334e-44
0.02153  7.083681311606032e-44
0.02155  6.409579908183218e-44
0.02158  5.516776552507132e-44
0.0216  4.991785851651834e-44
0.02163  4.296469899122521e-44
0.02165  3.887606730191263e-44
0.0216799999999999  3.346094121881003e-44
0.0217  3.02767116574662e-44
0.02173  2.605940722350254e-44
0.02175  2.357952674766147e-44
0.02178  2.0295086752040114e-44
0.0218  1.8363753895531892e-44
0.02183  1.580582945499116e-44
0.02185  1.4301705913970797e-44
0.02188  1.2309592356640194e-44
0.0219  1.1138179765057559e-44
0.0219299999999999  9.586720166645931e-45
0.02195  8.674423123016903e-45
0.02198  7.466145172866567e-45
0.022  6.755647520898169e-45
0.02203  5.814639707153188e-45
0.02205  5.2613035794298884e-45
0.02208  4.5284459572090525e-45
0.0221  4.097507347636383e-45
0.02213  3.526757257570948e-45
0.02215  3.191141930980096e-45
0.0221799999999999  2.7466413139003806e-45
0.0222  2.4852638347392937e-45
0.02223  2.1390864060808242e-45
0.02225  1.9355254206339767e-45
0.02228  1.6659221681131195e-45
0.0223  1.5073887132443514e-45
0.02233  1.2974214890625287e-45
0.02235  1.173955510267715e-45
0.02238  1.0104328716555655e-45
0.0224  9.142774706874874e-46
0.0224299999999999  7.869259116868342e-46
0.02245  7.120400101159383e-46
0.02248  6.128585162405808e-46
0.0225  5.545373174564716e-46
0.02253  4.772946923601368e-46
0.02255  4.3187409707741636e-46
0.02258  3.7171748016590515e-46
0.0226  3.3634388499215255e-46
0.02263  2.894938646345322e-46
0.02265  2.6194488101316696e-46
0.02268  2.254580484717442e-46
0.0227  2.040028784545946e-46
0.02273  1.7558690469954516e-46
0.02275  1.5887760148926116e-46
0.02278  1.3674721887708795e-46
0.0228  1.2373400045234318e-46
0.02283  1.064988411443144e-46
0.02285  9.63641364448438e-47
0.02288  8.294138087938803e-47
0.0229  7.504846492324406e-47
0.02293  6.459481237789196e-47
0.02295  5.844780325052768e-47
0.02298  5.030649046225273e-47
0.023  4.5519194940315e-47
0.02303  3.9178734165577146e-47
0.02305  3.545038466429726e-47
0.02308  3.051242884789746e-47
0.0231  2.7608787336737617e-47
0.02313  2.3763103480152725e-47
0.02315  2.1501745197502838e-47
0.02318  1.8506723598550032e-47
0.0232  1.674557599721727e-47
0.02323  1.4413050830636812e-47
0.02325  1.3041467699614344e-47
0.02328  1.122489527334807e-47
0.0233  1.0156705256860086e-47
0.02333  8.741957228777865e-48
0.02335  7.910050007468202e-48
0.02338  6.808243135348832e-48
0.0234  6.160353139950119e-48
0.02343  5.302265085150264e-48
0.02345  4.79768784938961e-48
0.02348  4.129408200367194e-48
0.0235  3.736443054036739e-48
0.02353  3.2159863400674975e-48
0.02355  2.9099447763855237e-48
0.02358  2.5046126799914373e-48
0.0236  2.2662672705436222e-48
0.02363  1.9505943164679014e-48
0.02365  1.7649707249484434e-48
0.02368  1.519124381119855e-48
0.0237  1.3745605826879724e-48
0.02373  1.1830952575990062e-48
0.02375  1.0705088581764642e-48
0.02378  9.213955130661847e-49
0.0238  8.337131370327058e-49
0.02383  7.175835470944032e-49
0.02385  6.492964439779888e-49
0.02388  5.588546283962854e-49
0.0239  5.056725790155362e-49
0.02393  4.3523642221810605e-49
0.02395  3.938182005150421e-49
0.02398  3.3896246644465755e-49
0.024  3.06705922948882e-49
0.02403  2.639842342989179e-49
0.02405  2.388628129652306e-49
0.0240799999999999  2.055911283906018e-49
0.0240999999999999  1.8602654578405265e-49
0.0241300000000001  1.6011453178297514e-49
0.0241500000000001  1.4487761952854464e-49
0.0241800000000001  1.2469732273369241e-49
0.0242  1.1283080353840776e-49
0.02423  9.711437259195564e-50
0.02425  8.787271815028653e-50
0.02428  7.563274942210214e-50
0.0243  6.843534170605699e-50
0.0243299999999999  5.890284447580664e-50
0.0243499999999999  5.329749771046285e-50
0.0243800000000001  4.587358140284575e-50
0.0244000000000001  4.1508132952613593e-50
0.0244300000000001  3.572638111882611e-50
0.02445  3.2326566447343536e-50
0.02448  2.7823733591663455e-50
0.0245  2.5175955263200586e-50
0.02453  2.1669145509157037e-50
0.02455  1.9607053673551557e-50
0.0245799999999999  1.6875947491028353e-50
0.0245999999999999  1.5269988754692613e-50
0.0246300000000001  1.314300112107172e-50
0.0246500000000001  1.1892279199634322e-50
0.0246800000000001  1.0235779564998859e-50
0.0247  9.261716353183597e-51
0.02473  7.971633140571588e-51
0.02475  7.213031948444519e-51
0.02478  6.208314132234938e-51
0.0248  5.617514929767653e-51
0.0248299999999999  4.835039907740244e-51
0.0248499999999999  4.374925026220594e-51
0.0248800000000001  3.765532866325903e-51
0.0249000000000001  3.4071950362958954e-51
0.0249300000000001  2.9325999449756835e-51
0.02495  2.6535261623455674e-51
0.02498  2.2839111335833896e-51
0.025  2.0665682531351582e-51
0.02503  1.7787117793002183e-51
0.02505  1.6094449738121664e-51
0.0250799999999999  1.3852621265780312e-51
0.0250999999999999  1.2534370059158755e-51
0.0251300000000001  1.0788432289370724e-51
0.0251500000000001  9.761777217370038e-52
0.0251800000000001  8.40203951507463e-52
0.0252  7.602479741060166e-52
0.02523  6.543514953740356e-52
0.02525  5.920817175622064e-52
0.02528  5.0960945700123645e-52
0.0253  4.611137052797088e-52
0.0253299999999999  3.968842441733538e-52
0.0253499999999999  3.591157147569728e-52
0.0253800000000001  3.090937601506031e-52
0.0254000000000001  2.796795998657034e-52
0.0254300000000001  2.4072246244777813e-52
0.02545  2.1781469138461536e-52
0.02548  1.8747484225729966e-52
0.0255  1.6963425221479242e-52
0.02553  1.4600555395617103e-52
0.02555  1.3211128846061253e-52
0.0255799999999999  1.137092397538968e-52
0.0255999999999999  1.0288837490574847e-52
0.0256300000000001  8.855684496270212e-53
0.0256500000000001  8.012954694546262e-53
0.0256800000000001  6.896814020328542e-53
0.0257  6.240495390831334e-53
0.02573  5.371244159732307e-53
0.02575  4.860102697132936e-53
0.02578  4.183129157667231e-53
0.0258  3.7850517863345778e-53
0.0258299999999999  3.257824263681733e-53
0.0258499999999999  2.9478012951646965e-53
0.0258800000000001  2.5371960876618325e-53
0.0259000000000001  2.2957499570108184e-53
0.0259300000000001  1.97597029987674e-53
0.02595  1.787931864257084e-53
0.02598  1.5388872168705872e-53
0.026  1.392442735961734e-53
0.02603  1.1984865695573885e-53
0.02605  1.084435493149088e-53
0.0260799999999999  9.333822788723332e-54
0.0260999999999999  8.445592112553668e-54
0.0261300000000001  7.269188496900224e-54
0.0261500000000001  6.577433750751748e-54
0.0261800000000001  5.661249693679543e-54
0.0262  5.122510555688369e-54
0.02623  4.40898569460251e-54
0.02625  3.989415232061639e-54
0.02628  3.433721511507056e-54
0.0263  3.106959706726595e-54
0.0263299999999999  2.6741850020121916e-54
0.0263499999999999  2.4197026525712127e-54
0.0263800000000001  2.0826573736428294e-54
0.0264000000000001  1.884466320620488e-54
0.0264300000000001  1.621975193462471e-54
0.02645  1.4676238461716758e-54
0.02648  1.2631955507915762e-54
0.0265  1.1429866006527682e-54
0.02653  9.837776841287941e-55
0.02655  8.90158859628499e-55
0.0265799999999999  7.6616683076807e-55
0.0265999999999999  6.932564169369783e-55
0.0266300000000001  5.9669132776491594e-55
0.0266500000000001  5.399086403792427e-55
0.0266800000000001  4.647036733152328e-55
0.0267  4.2048127191458685e-55
0.02673  3.619115846742366e-55
0.02675  3.2747114383394056e-55
0.02678  2.8185702554690845e-55
0.0268  2.5503478325116162e-55
0.0268299999999999  2.195104722102216e-55
0.0268499999999999  1.9862128890655227e-55
0.0268800000000001  1.7095492764952438e-55
0.0269000000000001  1.5468641533491638e-55
0.0269300000000001  1.3313983152336494e-55
0.02695  1.2046990139340308e-55
0.02698  1.0368940504844162e-55
0.027  9.382205354171724e-56
0.02703  8.075338984793672e-56
0.02705  7.306868876765667e-56
0.0270799999999999  6.289080324927394e-56
0.0270999999999999  5.69059520302809e-56
0.0271300000000001  4.897940681847548e-56
0.0271500000000001  4.431840000256122e-56
0.0271800000000001  3.814520038460161e-56
0.0272  3.4515204626484082e-56
0.02723  2.9707511929957738e-56
0.02725  2.688046839097558e-56
0.02728  2.3136233554154846e-56
0.0273  2.0934529832217928e-56
0.0273299999999999  1.8018516809307417e-56
0.0273499999999999  1.630382822657135e-56
0.0273800000000001  1.4032835000859928e-56
0.0274000000000001  1.2697434189902449e-56
0.0274300000000001  1.0928782887381528e-56
0.02745  9.888771690098716e-57
0.02748  8.511344670714217e-57
0.0275  7.70138313586322e-57
0.02753  6.628641894543049e-57
0.02755  5.997843216943188e-57
0.0275799999999999  5.162391498172542e-57
0.0275999999999999  4.6711249940972585e-57
0.0276300000000001  4.0204745412939394e-57
0.0276500000000001  3.637875803223634e-57
0.0276800000000001  3.131148721078367e-57
0.0277  2.8331805242685315e-57
0.02773  2.4385410758900386e-57
0.02775  2.2064832108829857e-57
0.02778  1.8991376994550022e-57
0.0278  1.718410852469626e-57
0.0278299999999999  1.4790499274966966e-57
0.0278499999999999  1.338299717542392e-57
0.0278800000000001  1.151885241734986e-57
0.0279000000000001  1.0422688680052179e-57
0.0279300000000001  8.970891282716016e-58
0.02795  8.117198105738027e-58
0.02798  6.986537155831049e-58
0.028  6.3216802410945e-58
0.02803  5.441120607918687e-58
0.02805  4.923329522091564e-58
0.0280799999999999  4.2375489902351996e-58
0.0280999999999999  3.834292887125328e-58
0.0281300000000001  3.300206471895332e-58
0.0281500000000001  2.9861503030153523e-58
0.0281800000000001  2.570203384609403e-58
0.0282  2.3256161943583933e-58
0.02823  2.0016764085875454e-58
0.02825  1.8111917132898574e-58
0.02828  1.5589071544635377e-58
0.0283  1.4105575246026204e-58
0.0283299999999999  1.2140781126324398e-58
0.0283499999999999  1.098543304728314e-58
0.0283800000000001  9.455249848270567e-59
0.0284000000000001  8.555463859594087e-59
0.0284300000000001  7.36375598596869e-59
0.02845  6.6630019533942e-59
0.02848  5.734898928222259e-59
0.0285  5.189151138909702e-59
0.02853  4.466343776134729e-59
0.02855  4.0413149704587485e-59
0.0285799999999999  3.4783920303216017e-59
0.0285999999999999  3.1473792636330747e-59
0.0286300000000001  2.7089744370411023e-59
0.0286500000000001  2.4511814351377024e-59
0.0286800000000001  2.109751412887969e-59
0.0287  1.908982021136255e-59
0.02873  1.6430760524440404e-59
0.02875  1.4867166929301487e-59
0.02878  1.2796289162892547e-59
0.0288  1.157856124659329e-59
0.0288299999999999  9.965760020473947e-60
0.0288499999999999  9.01739256569169e-60
0.0288800000000001  7.761341707839089e-60
0.0289000000000001  7.022752391415965e-60
0.0289300000000001  6.044538999749666e-60
0.02895  5.469325061753979e-60
0.02898  4.7074917063130944e-60
0.029  4.259514640966059e-60
0.02903  3.666198227178782e-60
0.02905  3.31731333788848e-60
0.0290799999999999  2.855238050223293e-60
0.0290999999999999  2.583526225242087e-60
0.0291300000000001  2.2236616293669593e-60
0.0291500000000001  2.0120522473020459e-60
0.0291800000000001  1.731789418236775e-60
0.0292  1.5669878657801705e-60
0.02923  1.3487189550382627e-60
0.02925  1.2203713769329863e-60
0.02928  1.0503833783270459e-60
0.0293  9.504261839933381e-61
0.0293299999999999  8.180393975667099e-61
0.0293499999999999  7.401926563459576e-61
0.0293800000000001  6.3708972340758e-61
0.0294000000000001  5.7646262038536166e-61
0.0294300000000001  4.961659754765681e-61
0.02945  4.489495401677306e-61
0.02948  3.8641445023472546e-61
0.0295  3.496422534421757e-61
0.02953  3.0093987643291055e-61
0.02955  2.7230166077561704e-61
0.0295799999999999  2.3437221142348247e-61
0.0295999999999999  2.120687466438031e-61
0.0296300000000001  1.8252926178660345e-61
0.0296500000000001  1.6515930595099627e-61
0.0296800000000001  1.421539320128522e-61
0.0297  1.2862619680623142e-61
0.02973  1.1070959356834205e-61
0.02975  1.0017418279618966e-61
0.02978  8.622071816454175e-62
0.0298  7.801573200521056e-62
0.0298299999999999  6.714876282355838e-62
0.0298499999999999  6.075871317757794e-62
0.0298800000000001  5.229550906921129e-62
0.0299000000000001  4.731893340106016e-62
0.0299300000000001  4.07277834142195e-62
0.02995  3.6852022386868167e-62
0.02998  3.1718829615772046e-62
0.03  2.8700383892657875e-62
0.03003  2.470264934287174e-62
0.03005  2.2351881450051886e-62
0.0300799999999999  1.9238442652176678e-62
0.0300999999999999  1.7407662776428524e-62
0.0301300000000001  1.498291420257461e-62
0.0301500000000001  1.3557101401711608e-62
0.0301800000000001  1.166870531365678e-62
0.0302  1.0558281187836842e-62
0.03023  9.087596835709753e-63
0.03025  8.222797656975416e-63
0.03028  7.077427531887977e-63
0.0303  6.403921254290168e-63
0.0303299999999999  5.511906103968297e-63
0.0303499999999999  4.987378887571346e-63
0.0303800000000001  4.2926767899822956e-63
0.0304000000000001  3.8841745831103833e-63
0.0304300000000001  3.3431400455106564e-63
0.03045  3.0249982069139617e-63
0.03048  2.603640085362329e-63
0.0305  2.355870972334189e-63
0.03053  2.0277169373162817e-63
0.03055  1.8347541580690586e-63
0.0305799999999999  1.5791875386298786e-63
0.0305999999999999  1.4289079750484298e-63
0.0306300000000001  1.2298724917003308e-63
0.0306500000000001  1.1128346499035541e-63
0.0306800000000001  9.578256596141972e-64
0.0307  8.666764967743239e-64
0.03073  7.459553737537823e-64
0.03075  6.749683343574254e-64
0.03078  5.809506292157846e-64
0.0308  5.256658673459647e-64
0.0308299999999999  4.524448049592971e-64
0.0308499999999999  4.09388989123156e-64
0.0308800000000001  3.52364368398539e-64
0.0309000000000001  3.1883246530959854e-64
0.0309300000000001  2.744216460352432e-64
0.03095  2.483069736518289e-64
0.03098  2.137197928240946e-64
0.031  1.9338166552213505e-64
0.03103  1.66445142009268e-64
0.03105  1.5060579254029127e-64
0.0310799999999999  1.2962760693531174e-64
0.0310999999999999  1.1729190916552837e-64
0.0311300000000001  1.0095408178879262e-64
0.0311500000000001  9.134703070596013e-65
0.0311800000000001  7.862311795136636e-65
0.0312  7.114113904508583e-65
0.03123  6.123174582806913e-65
0.03125  5.540477479690453e-65
0.03128  4.768733159972947e-65
0.0313  4.314928199772409e-65
0.0313299999999999  3.7138931192474057e-65
0.0313499999999999  3.3604694608813584e-65
0.0313800000000001  2.892382869510505e-65
0.0314000000000001  2.6171362476192657e-65
0.0314300000000001  2.2525900437171623e-65
0.03145  2.0382277590514853e-65
0.03148  1.7543188899865742e-65
0.0315  1.5873733748271715e-65
0.03153  1.3662649252785016e-65
0.03155  1.2362476273420997e-65
0.0315799999999999  1.0640481936904359e-65
0.0315999999999999  9.627906202446861e-66
0.0316300000000001  8.28681566471001e-66
0.0316500000000001  7.49822088979598e-66
0.0316800000000001  6.453778528844724e-66
0.0317  5.839620300618462e-66
0.03173  5.026207772035977e-66
0.03175  4.5479008629613316e-66
0.03178  3.9144145487411993e-66
0.0318  3.5419087534054027e-66
0.0318299999999999  3.048549115827306e-66
0.0318499999999999  2.758441310721003e-66
0.0318800000000001  2.374212438635583e-66
0.0319000000000001  2.1482762528438313e-66
0.0319300000000001  1.8490385063873145e-66
0.03195  1.6730792279693348e-66
0.03198  1.4400326367042764e-66
0.032  1.3029954128830195e-66
0.03203  1.1214985451136702e-66
0.03205  1.0147738478917443e-66
0.0320799999999999  8.734239451484145e-67
0.0320999999999999  7.903066673788774e-67
0.0321300000000001  6.802232524342243e-67
0.0321500000000001  6.154914514205923e-67
0.0321800000000001  5.2975840165915184e-67
0.0322  4.793452243403581e-67
0.03223  4.125762580510026e-67
0.03225  3.7331443607780906e-67
0.03228  3.213147128467908e-67
0.0323  2.9073757514925768e-67
0.0323299999999999  2.502401499775723e-67
0.0323499999999999  2.2642665119463914e-67
0.0323800000000001  1.9488722475824525e-67
0.0324000000000001  1.7634125325844038e-67
0.0324300000000001  1.517783232523343e-67
0.03245  1.3733470612553655e-67
0.03248  1.1820507700223989e-67
0.0325  1.0695637667344911e-67
0.03253  9.205820653236013e-68
0.03255  8.32977099077623e-68
0.0325799999999999  7.169500333558787e-68
0.0325999999999999  6.48723217042532e-68
0.0326300000000001  5.583612474000727e-68
0.0326500000000001  5.052261494288079e-68
0.0326800000000001  4.348521767119031e-68
0.0327  3.934705208035076e-68
0.03273  3.3866321574369866e-68
0.03275  3.0643514971728522e-68
0.03278  2.637511776186877e-68
0.0328  2.386519345604249e-68
0.0328299999999999  2.0540962366553254e-68
0.0328499999999999  1.8586231351725963e-68
0.0328800000000001  1.5997317576096475e-68
0.0329000000000001  1.4474971531055668e-68
0.0329300000000001  1.245872345530553e-68
0.03295  1.1273119163328212e-68
0.03298  9.702863583066713e-69
0.033  8.779514032057274e-69
0.03303  7.556597756527803e-69
0.03305  6.837492403152592e-69
0.0330799999999999  5.88508425014215e-69
0.0330999999999999  5.325044437822746e-69
0.0331300000000001  4.583308222447469e-69
0.0331500000000001  4.147148778062139e-69
0.0331800000000001  3.5694840326995964e-69
0.0332  3.229802715870067e-69
0.03323  2.7799169598286654e-69
0.03325  2.515372884285758e-69
0.03328  2.1650015051881665e-69
0.0333  1.9589743719983264e-69
0.0333299999999999  1.6861048675920812e-69
0.0333499999999999  1.525650774929891e-69
0.0333800000000001  1.3131397912199513e-69
0.0334000000000001  1.188178018207679e-69
0.0334300000000001  1.0226742976842902e-69
0.03345  9.253539710088438e-70
0.03348  7.96459543863909e-70
0.0335  7.206663972399215e-70
0.03353  6.202833164459415e-70
0.03355  5.612555545036991e-70
0.0335799999999999  4.8307713257444694e-70
0.0335999999999999  4.3710626535088e-70
0.0336300000000001  3.762208491325046e-70
0.0336500000000001  3.404187017403343e-70
0.0336800000000001  2.930010919121751e-70
0.0337  2.6511835148765904e-70
0.03373  2.2818947982208894e-70
0.03375  2.064743797451888e-70
0.03378  1.777141455741095e-70
0.0338  1.608024086297402e-70
0.0338299999999999  1.3840391573604505e-70
0.0338499999999999  1.2523304176067024e-70
0.0338800000000001  1.0778907795527647e-70
0.0339000000000001  9.753159098952689e-71
0.0339300000000001  8.394621831811163e-71
0.03395  7.595767943688023e-71
0.03398  6.537738056206004e-71
0.034  5.915590022572907e-71
0.03403  5.09159551768896e-71
0.03405  4.6070661419093015e-71
0.0340799999999999  3.965338576261046e-71
0.0340999999999999  3.587986718982453e-71
0.0341300000000001  3.0882087883323684e-71
0.0341500000000001  2.7943268663905557e-71
0.0341800000000001  2.405099422641174e-71
0.0342  2.176223951703481e-71
0.03423  1.8730933137184887e-71
0.03425  1.6948449177254183e-71
0.03428  1.45876653948973e-71
0.0343  1.319946549109184e-71
0.0343299999999999  1.1360885232735464e-71
0.0343499999999999  1.027975406059128e-71
0.0343800000000001  8.847866315630191e-72
0.0344000000000001  8.005880512161978e-72
0.0344300000000001  6.890725215123702e-72
0.03445  6.23498601205086e-72
0.03448  5.366502193470959e-72
0.0345  4.855811988624466e-72
0.03453  4.179436110629476e-72
0.03455  3.781710179188358e-72
0.0345799999999999  3.254948115756716e-72
0.0345999999999999  2.945198848902419e-72
0.0346300000000001  2.534956141405747e-72
0.0346500000000001  2.293723169823922e-72
0.0346800000000001  1.9742258279784063e-72
0.0347  1.7863534008087586e-72
0.03473  1.537528620790162e-72
0.03475  1.3912134273921286e-72
0.03478  1.197428493866041e-72
0.0348  1.0834781066724735e-72
0.0348299999999999  9.325582486953364e-73
0.0348499999999999  8.438135979176532e-73
0.0348800000000001  7.262770943429448e-73
0.0349000000000001  6.571626908239142e-73
0.0349300000000001  5.656251698010939e-73
0.03495  5.117988182192232e-73
0.03498  4.405093251662136e-73
0.035  3.985893204041507e-73
0.03503  3.4306900738969355e-73
0.03505  3.104216748546604e-73
0.0350799999999999  2.6718241160275198e-73
0.0350999999999999  2.4175664345926337e-73
0.0351300000000001  2.080818713789286e-73
0.0351500000000001  1.8828026323860147e-73
0.0351800000000001  1.6205432437287296e-73
0.0352  1.4663281644718393e-73
0.03523  1.2620803472176546e-73
0.03525  1.1419775227303241e-73
0.03528  9.82909162712112e-74
0.0353  8.893729889523448e-74
0.0353299999999999  7.654904256086217e-74
0.0353499999999999  6.926443802389767e-74
0.0353800000000001  5.961645428970814e-74
0.0354000000000001  5.394319857195863e-74
0.0354300000000001  4.642934128476532e-74
0.03545  4.201100528923797e-74
0.03548  3.615920735008323e-74
0.0355  3.2718203816875466e-74
0.03553  2.816081899948532e-74
0.03555  2.548096275327316e-74
0.0355799999999999  2.1931667888741866e-74
0.0355999999999999  1.984459374567203e-74
0.0356300000000001  1.7080400125797643e-74
0.0356500000000001  1.5454985148847906e-74
0.0356800000000001  1.3302228993144126e-74
0.0357  1.2036354536285497e-74
0.03573  1.0359786356461092e-74
0.03575  9.373922338184202e-75
0.03578  8.068209726864125e-75
0.0358  7.300418057428599e-75
0.0358299999999999  6.283528053269321e-75
0.0358499999999999  5.685571299876764e-75
0.0358800000000001  4.89361656833242e-75
0.0359000000000001  4.427927380547925e-75
0.0359300000000001  3.8111524154684893e-75
0.03595  3.448473311355704e-75
0.03598  2.968128485572854e-75
0.036  2.685673715284663e-75
0.03603  2.311580788820616e-75
0.03605  2.0916047925380444e-75
0.0360799999999999  1.8002609284672328e-75
0.0360999999999999  1.6289434503053193e-75
0.0361300000000001  1.4020446208217405e-75
0.0361500000000001  1.268622434675557e-75
0.0361800000000001  1.0919134485970225e-75
0.0362  9.880041455477531e-76
0.03623  8.503830488139943e-76
0.03625  7.694584022303844e-76
0.03628  6.622789843269686e-76
0.0363  5.992548061979124e-76
0.0363299999999999  5.157833916058417e-76
0.0363499999999999  4.667001123264627e-76
0.0363800000000001  4.0169250927745505e-76
0.0364000000000001  3.6346641293900026e-76
0.0364300000000001  3.128384407791995e-76
0.03645  2.830679270171847e-76
0.03648  2.436388226538026e-76
0.0365  2.2045352322338276e-76
0.03653  1.897461058693712e-76
0.03655  1.7168937651722553e-76
0.0365799999999999  1.4777441583589158e-76
0.0365999999999999  1.337118208767211e-76
0.0366300000000001  1.1508683077079731e-76
0.0366500000000001  1.0413487080459025e-76
0.0366800000000001  8.962971392550318e-77
0.0367  8.110031892769363e-77
0.03673  6.98036913916836e-77
0.03675  6.316099188822848e-77
0.03678  5.436316951711632e-77
0.0368  4.918982994212039e-77
0.0368299999999999  4.2338078990195386e-77
0.0368499999999999  3.8309078078092196e-77
0.0368800000000001  3.2972929071270356e-77
0.0369000000000001  2.9835140005931266e-77
0.0369300000000001  2.5679342980863244e-77
0.03695  2.3235630399676157e-77
0.03698  1.9999092422265708e-77
0.037  1.809592715042502e-77
0.03703  1.557530883917749e-77
0.03705  1.4093122235154503e-77
0.0370799999999999  1.213006272053661e-77
0.0370999999999999  1.097573463266497e-77
0.0371300000000001  9.44690234544977e-78
0.0371500000000001  8.54791072669467e-78
0.0371800000000001  7.357254944235373e-78
0.0372  6.657119567577675e-78
0.03723  5.729835911829404e-78
0.03725  5.184569932229319e-78
0.03728  4.46240069500327e-78
0.0373  4.037747123108769e-78
0.0373299999999999  3.4753211556487063e-78
0.0373499999999999  3.14460062132303e-78
0.0373800000000001  2.7065828374411404e-78
0.0374000000000001  2.4490174263306965e-78
0.0374300000000001  2.107888833246785e-78
0.03745  1.9072966893828387e-78
0.03748  1.6416254739609055e-78
0.0375  1.4854041552408106e-78
0.03753  1.2784992046306834e-78
0.03755  1.1568339192790948e-78
0.0375799999999999  9.956961817230539e-79
0.0375999999999999  9.009431622185823e-79
0.0376300000000001  7.754489660263509e-79
0.0376500000000001  7.016552402379418e-79
0.0376800000000001  6.039202619732333e-79
0.0377  5.464496505437433e-79
0.03773  4.7033357293768267e-79
0.03775  4.2557541575255074e-79
0.03778  3.6629615490862856e-79
0.0378  3.314384670440346e-79
0.0378299999999999  2.852717322790305e-79
0.0378499999999999  2.5812453767401225e-79
0.0378800000000001  2.221698484868241e-79
0.0379000000000001  2.010275920702594e-79
0.0379300000000001  1.73026051976394e-79
0.03795  1.5656044612335707e-79
0.03798  1.3475282477103819e-79
0.038  1.2192939803887551e-79
0.03803  1.0494560545276537e-79
0.03805  9.495871067210396e-80
0.0380799999999999  8.173171970655817e-80
0.0380999999999999  7.395391823092338e-80
0.0381300000000001  6.365272730917676e-80
0.0381500000000001  5.759536942938283e-80
0.0381800000000001  4.9572793873016044e-80
0.0382  4.485531881291316e-80
0.03823  3.8607330687363094e-80
0.03825  3.493335741641329e-80
0.03828  3.00674193716142e-80
0.0383  2.720612611121671e-80
0.0383299999999999  2.341652975156145e-80
0.0383499999999999  2.118815231976581e-80
0.0383800000000001  1.823681170731276e-80
0.0384000000000001  1.6501349618452934e-80
0.0384300000000001  1.4202843238380541e-80
0.03845  1.2851264004592748e-80
0.03848  1.1061185435897146e-80
0.0385  1.0008574470233905e-80
0.03853  8.614459879174471e-81
0.03855  7.794685634846637e-81
0.0385799999999999  6.708948099641711e-81
0.0385999999999999  6.070507276217269e-81
0.0386300000000001  5.22493403358118e-81
0.0386500000000001  4.727715820353834e-81
0.0386800000000001  4.0691827168493416e-81
0.0387  3.681948783032519e-81
0.03873  3.1690826863445156e-81
0.03875  2.86750459545445e-81
0.03878  2.4680840777431397e-81
0.0388  2.233214824400778e-81
0.0388299999999999  1.922145812433407e-81
0.0388499999999999  1.7392294540108854e-81
0.0388800000000001  1.4969686638990697e-81
0.0389000000000001  1.3545132607231823e-81
0.0389300000000001  1.165840367677917e-81
0.03895  1.054895988132356e-81
0.03898  9.07957391284281e-82
0.039  8.21553821616339e-82
0.03903  7.07117927327668e-82
0.03905  6.3982675961011e-82
0.0390799999999999  5.507039955268982e-82
0.0390999999999999  4.982975814146481e-82
0.0391300000000001  4.288887029564732e-82
0.0391500000000001  3.880745466079291e-82
0.0391800000000001  3.340188577129805e-82
0.0392  3.022327607884902e-82
0.03923  2.6013414794761106e-82
0.03925  2.3537911077190202e-82
0.03928  2.0259267812521217e-82
0.0393  1.8331343578780828e-82
0.0393299999999999  1.5777933636852903e-82
0.0393499999999999  1.427646473391278e-82
0.0393800000000001  1.2287867071617479e-82
0.0394000000000001  1.1118521914251194e-82
0.0394300000000001  9.569800497653022e-83
0.03945  8.659113573420082e-83
0.03948  7.452968121412895e-83
0.0395  6.743724431683599e-83
0.03953  5.80437740916258e-83
0.03955  5.2520178682129514e-83
0.0395799999999999  4.520453671500102e-83
0.0395999999999999  4.090275628471349e-83
0.0396300000000001  3.5205328591987844e-83
0.0396500000000001  3.1855098624281103e-83
0.0396800000000001  2.7417937475726253e-83
0.0397  2.4808775753420353e-83
0.03973  2.135311117630874e-83
0.03975  1.9321093983806104e-83
0.03978  1.662981970512002e-83
0.0398  1.5047283124384404e-83
0.0398299999999999  1.2951316608690372e-83
0.0398499999999999  1.1718835880373705e-83
0.0398800000000001  1.0086495516643721e-83
0.0399000000000001  9.12663856031098e-84
0.0399300000000001  7.855370606808344e-84
0.03995  7.107833257583506e-84
0.03998  6.117768779901392e-84
0.04  5.53558610694701e-84
0.04003  4.764523116436997e-84
0.04005  4.31111879484952e-84
0.0400799999999999  3.710614334044842e-84
0.0400999999999999  3.3575026933443755e-84
0.0401300000000001  2.889829349027228e-84
0.0401500000000001  2.614825726738275e-84
0.0401800000000001  2.250601359965133e-84
0.0402  2.0364283235800656e-84
0.04023  1.7527701015232612e-84
0.04025  1.5859719730729434e-84
0.04028  1.3650587276104617e-84
0.0403  1.2351562145585096e-84
0.0403299999999999  1.0631088060020272e-84
0.0403499999999999  9.619406271141714e-85
0.0403800000000001  8.279499706036614e-85
0.0404000000000001  7.491601136639485e-85
0.0404300000000001  6.44808085450078e-85
0.04045  5.834464831676442e-85
0.04048  5.021770418795368e-85
0.0405  4.543885779712186e-85
0.04053  3.910958734562872e-85
0.04055  3.5387818034268715e-85
0.0405799999999999  3.0458577250389006e-85
0.0405999999999999  2.7560060396290955e-85
0.0406300000000001  2.3721163813820914e-85
0.0406500000000001  2.146379661810465e-85
0.0406800000000001  1.8474060953568272e-85
0.0407  1.6716021613873826e-85
0.04073  1.4387613137154788e-85
0.04075  1.3018450722723465e-85
0.04078  1.1205084377745218e-85
0.0408  1.0138779617233531e-85
0.0408299999999999  8.72652848777311e-86
0.0408499999999999  7.896089505293912e-86
0.0408800000000001  6.796227219766053e-86
0.0409000000000001  6.1494806899185084e-86
0.0409300000000001  5.292907080684848e-86
0.04095  4.789220376793468e-86
0.04098  4.1221201791635354e-86
0.041  3.729848579748282e-86
0.04103  3.2103104234471836e-86
0.04105  2.904808994645729e-86
0.0410799999999999  2.5001922716840968e-86
0.0410999999999999  2.2622675197041118e-86
0.0411300000000001  1.9471516990147676e-86
0.0411500000000001  1.761855715860764e-86
0.0411800000000001  1.5164432679514744e-86
0.0412  1.3721346111718957e-86
0.04123  1.181007204564539e-86
0.04125  1.0686195096600499e-86
0.04128  9.197693357278862e-87
0.0413  8.322417109286277e-87
0.0413299999999999  7.163170789102694e-87
0.0413499999999999  6.481504961762325e-87
0.0413800000000001  5.578683019822e-87
0.0414000000000001  5.047801139696531e-87
0.0414300000000001  4.3446827043444e-87
0.04145  3.931231480386399e-87
0.04148  3.3836422923418427e-87
0.0415  3.0616461553598863e-87
0.04153  2.6351832669095e-87
0.04155  2.384412423281903e-87
0.0415799999999999  2.052282791806715e-87
0.0415999999999999  1.8569822624180295e-87
0.0416300000000001  1.598319445341494e-87
0.0416500000000001  1.4462192401194317e-87
0.0416800000000001  1.244772435630174e-87
0.0417  1.1263166766984897e-87
0.04173  9.694297476149478e-88
0.04175  8.771763097991661e-88
0.04178  7.549926465752357e-88
0.0418  6.831455969632953e-88
0.0418299999999999  5.879888643662468e-88
0.0418499999999999  5.320343258670538e-88
0.0418800000000001  4.5792618800525654e-88
0.0419000000000001  4.143487496057163e-88
0.0419300000000001  3.5663327380738706e-88
0.04195  3.2269513065774526e-88
0.04198  2.77746272910646e-88
0.042  2.513152204495813e-88
0.04203  2.1630901483797522e-88
0.04205  1.9572449048390226e-88
0.0420799999999999  1.684616301413054e-88
0.0420999999999999  1.5243038645518845e-88
0.0421300000000001  1.3119804947140724e-88
0.0421500000000001  1.1871290433505953e-88
0.0421800000000001  1.0217714366576999e-88
0.0422  9.245370285686981e-89
0.04223  7.957563949894181e-89
0.04225  7.200301618278118e-89
0.04228  6.197357035518194e-89
0.0423  5.6076005386654624e-89
0.0423299999999999  4.826506512236982e-89
0.0423499999999999  4.3672036906664045e-89
0.0423800000000001  3.758887051225871e-89
0.0424000000000001  3.401181654119942e-89
0.0424300000000001  2.9274241789715892e-89
0.04245  2.6488429355979864e-89
0.04248  2.2798802429664042e-89
0.0425  2.0629209524768708e-89
0.04253  1.77557251853121e-89
0.04255  1.606604453203441e-89
0.0425799999999999  1.382817267832841e-89
0.0425999999999999  1.2512248062414506e-89
0.0426300000000001  1.0769391710318674e-89
0.0426500000000001  9.744548588982394e-90
0.0426800000000001  8.38721069719864e-90
0.0427  7.589062071780508e-90
0.04273  6.531966258766506e-90
0.04275  5.9103674842801575e-90
0.04278  5.087100437323206e-90
0.0428  4.602998824997287e-90
0.0428299999999999  3.9618378041521125e-90
0.0428499999999999  3.584819089386375e-90
0.0428800000000001  3.0854823842725786e-90
0.0429000000000001  2.7918599139806522e-90
0.0429300000000001  2.40297609702451e-90
0.04295  2.1743026872348483e-90
0.04298  1.8714396660655138e-90
0.043  1.6933486354527595e-90
0.04303  1.457478677402669e-90
0.04305  1.3187812433035414e-90
0.0430799999999999  1.1350855352716226e-90
0.0430999999999999  1.0270678649851752e-90
0.0431300000000001  8.840055037217103e-91
0.0431500000000001  7.998812575171347e-91
0.0431800000000001  6.884641785378997e-91
0.0432  6.229481497187855e-91
0.04323  5.361764413622021e-91
0.04325  4.85152506813873e-91
0.04328  4.1757463239731033e-91
0.0433  3.778371522157101e-91
0.0433299999999999  3.252074507019364e-91
0.0433499999999999  2.942598700192068e-91
0.0433800000000001  2.532718172670787e-91
0.0434000000000001  2.2916981719722008e-91
0.0434300000000001  1.972482896175186e-91
0.04345  1.7847763308961196e-91
0.04348  1.5361712241369734e-91
0.0435  1.3899852041092066e-91
0.04353  1.1963713522895994e-91
0.04355  1.0825215654179477e-91
0.0435799999999999  9.317349460078125e-92
0.0435999999999999  8.430686428395879e-92
0.0436300000000001  7.256359055651556e-92
0.0436500000000001  6.565825192257645e-92
0.0436800000000001  5.651258114788712e-92
0.0437  5.113469801242682e-92
0.04373  4.401204245138332e-92
0.04375  3.982374285419782e-92
0.04378  3.427661312570827e-92
0.0438  3.101476211968441e-92
0.0438299999999999  2.669465314335085e-92
0.0438499999999999  2.415432102559523e-92
0.0438800000000001  2.0789816771840502e-92
0.0439000000000001  1.8811404129272955e-92
0.0439300000000001  1.6191125581820408e-92
0.04395  1.4650336266557513e-92
0.04398  1.2609661281935641e-92
0.044  1.1409693356654393e-92
0.04403  9.820414080636374e-93
0.04405  8.8858781207673e-93
0.0440799999999999  7.648146176088972e-93
0.0440999999999999  6.920328838733981e-93
0.0441300000000001  5.956382230976736e-93
0.0441500000000001  5.389557518712289e-93
0.0441800000000001  4.6388351457572845e-93
0.0442  4.197391615983537e-93
0.04423  3.6127284440567758e-93
0.04425  3.2689318773853277e-93
0.04428  2.813595741255675e-93
0.0443  2.5458467059148435e-93
0.0443299999999999  2.1912305665374106e-93
0.0443499999999999  1.9827074081471946e-93
0.0443800000000001  1.706532081107636e-93
0.0444000000000001  1.5441340820649746e-93
0.0444300000000001  1.3290485211031011e-93
0.04445  1.2025728322800285e-93
0.04448  1.035064028975517e-93
0.0445  9.365646634800834e-94
0.04453  8.061086762951531e-94
0.04455  7.293972933153165e-94
0.0445799999999999  6.277980683396402e-94
0.0445999999999999  5.680551832044223e-94
0.0446300000000001  4.889296272331406e-94
0.0446500000000001  4.4240182150692175e-94
0.0446800000000001  3.8077877655598006e-94
0.0447  3.4454288502198276e-94
0.04473  2.965508093589205e-94
0.04475  2.6833026865679356e-94
0.04478  2.309540025491796e-94
0.0448  2.0897582335167726e-94
0.0448299999999999  1.7986715803886835e-94
0.0448499999999999  1.6275053486936107e-94
0.0448800000000001  1.4008068352935945e-94
0.0449000000000001  1.267502440014187e-94
0.0449300000000001  1.0909494602584279e-94
0.04495  9.871318928284702e-95
0.04498  8.496322939410248e-95
0.045  7.687790911295488e-95
0.04503  6.616942958440053e-95
0.04505  5.987257581806327e-95
0.0450799999999999  5.153280357574569e-95
0.0450999999999999  4.662880893163358e-95
0.0451300000000001  4.013378777861571e-95
0.0451500000000001  3.6314552909605986e-95
0.0451800000000001  3.125622534960749e-95
0.0452  2.828180224290358e-95
0.04523  2.4342372778143064e-95
0.04525  2.2025889733443297e-95
0.04528  1.8957858981433328e-95
0.0453  1.7153780172250543e-95
0.0453299999999999  1.4764395420105096e-95
0.0453499999999999  1.3359377430790298e-95
0.0453800000000001  1.1498522714742273e-95
0.0454000000000001  1.0404293604435292e-95
0.0454300000000001  8.95505849440562e-96
0.04545  8.10287200644316e-96
0.04548  6.974206567896901e-96
0.0455  6.31052306374512e-96
0.04553  5.431517536379687e-96
0.04555  4.914640303634999e-96
0.0455799999999999  4.230070110600732e-96
0.0455999999999999  3.827525716987183e-96
0.0456300000000001  3.2943819145795174e-96
0.0456500000000001  2.9808800256125084e-96
0.0456800000000001  2.5656672148108025e-96
0.0457  2.321511698190119e-96
0.04573  1.998143635996305e-96
0.04575  1.8079951284598402e-96
0.04578  1.5561558284030225e-96
0.0458  1.4080680218338485e-96
0.0458299999999999  1.2119353777420247e-96
0.0458499999999999  1.0966044780225664e-96
0.0458800000000001  9.438562212164887e-97
0.0459000000000001  8.5403642620271e-97
0.0459300000000001  7.350759641902187e-97
0.04595  6.651242374985151e-97
0.04598  5.724777365286031e-97
0.046  5.179992770035999e-97
0.04603  4.458461094994089e-97
0.04605  4.034182425608365e-97
0.0460799999999999  3.472252992076565e-97
0.0460999999999999  3.141824432118302e-97
0.0461300000000001  2.704193349248568e-97
0.0461500000000001  2.446855328004102e-97
0.0461800000000001  2.10602789797121e-97
0.0462  1.9056128455130088e-97
0.04623  1.640176176111089e-97
0.04625  1.484092776316417e-97
0.04628  1.2773704903303421e-97
0.0463  1.155812616345841e-97
0.0463299999999999  9.948171381420838e-98
0.0463499999999999  9.001477706944363e-98
0.0463800000000001  7.747643661971381e-98
0.0464000000000001  7.01035788696089e-98
0.0464300000000001  6.033870950901347e-98
0.04645  5.459672211978734e-98
0.04648  4.699183421516176e-98
0.0465  4.251996994002107e-98
0.04653  3.659727728472961e-98
0.04655  3.3114585885461006e-98
0.0465799999999999  2.850198820764334e-98
0.0465999999999999  2.5789665418695514e-98
0.0466300000000001  2.21973707351825e-98
0.0466500000000001  2.0085011623209613e-98
0.0466800000000001  1.728732971068593e-98
0.0467  1.564222278016192e-98
0.04673  1.346338591590265e-98
0.04675  1.2182175350167125e-98
0.04678  1.0485295494097507e-98
0.0468  9.487487702223324e-99
0.0468299999999999  8.16595634154239e-99
0.0468499999999999  7.388862851875627e-99
0.0468800000000001  6.359653193313791e-99
0.0469000000000001  5.754452175042228e-99
0.0469300000000001  4.9529028870153415e-99
0.04695  4.481571860072129e-99
0.04698  3.8573246468860335e-99
0.047  3.490251674014848e-99
0.04703  3.0040874555554732e-99
0.04705  2.7182107368390457e-99
0.0470799999999999  2.339585662802783e-99
0.0470999999999999  2.116944650404432e-99
0.0471300000000001  1.8220711462516272e-99
0.0471500000000001  1.648678151452153e-99
0.0471800000000001  1.4190304355125796e-99
0.0472  1.2839918353843098e-99
0.04723  1.1051420143798874e-99
0.04725  9.999738468545625e-100
0.04728  8.606854662041662e-100
0.0473  7.787804149812583e-100
0.0473299999999999  6.703025150583247e-100
0.0473499999999999  6.06514797028388e-100
0.0473800000000001  5.220321236216361e-100
0.0474000000000001  4.723541988696195e-100
0.0474300000000001  4.0655902666495873e-100
0.04745  3.678698199669244e-100
0.04748  3.1662848833157096e-100
0.0475  2.864973038585693e-100
0.04753  2.465905146553427e-100
0.04755  2.231243245929e-100
0.0475799999999999  1.9204488591165987e-100
0.0475999999999999  1.7376939871531773e-100
0.0476300000000001  1.4956470753271055e-100
0.0476500000000001  1.3533174379319816e-100
0.0476800000000001  1.164811113463206e-100
0.0477  1.0539646804061538e-100
0.04773  9.071558072958582e-101
0.04775  8.208285184299156e-101
0.04778  7.064936530897869e-101
0.0478  6.392618929205593e-101
0.0478299999999999  5.5021781026158496e-101
0.0478499999999999  4.978576627944949e-101
0.0478800000000001  4.285100614911298e-101
0.0479000000000001  3.8773193764205534e-101
0.0479300000000001  3.3372397144326775e-101
0.04795  3.0196593665758025e-101
0.04798  2.5990449028984163e-101
0.048  2.351713079298138e-101
0.04803  2.0241382056150303e-101
0.04805  1.8315159877166548e-101
0.0480799999999999  1.5764004195785403e-101
0.0480999999999999  1.4263860854422578e-101
0.0481300000000001  1.2277018812006371e-101
0.0481500000000001  1.1108706003034496e-101
0.0481800000000001  9.561351864572932e-102
0.0482  8.651468934077708e-102
0.04823  7.446388319354234e-102
0.04825  6.737770780577651e-102
0.04828  5.799253054166839e-102
0.0483  5.247381160069506e-102
0.0483299999999999  4.516462819816683e-102
0.0483499999999999  4.086664556538358e-102
0.0483800000000001  3.5174247807827182e-102
0.0484000000000001  3.1826975567789732e-102
0.0484300000000001  2.7393731736682676e-102
0.04845  2.478687349500179e-102
0.04848  2.1334259727786772e-102
0.0485  1.930403648779925e-102
0.04853  1.6615138182250018e-102
0.04855  1.5033998733137025e-102
0.0485799999999999  1.29398826271818e-102
0.0485999999999999  1.1708489986067616e-102
0.0486300000000001  1.0077590722891513e-102
0.0486500000000001  9.11858116972383e-103
0.0486800000000001  7.848435546460813e-103
0.0487  7.10155815548472e-103
0.04873  6.112367749472084e-103
0.04875  5.530699052518621e-103
0.04878  4.76031678970953e-103
0.0488  4.3073127530337794e-103
0.0488299999999999  3.707338443495424e-103
0.0488499999999999  3.354538544997872e-103
0.0488800000000001  2.8872780829021695e-103
0.0489000000000001  2.612517245684881e-103
0.0489300000000001  2.2486144319090505e-103
0.04895  2.034630476727976e-103
0.04898  1.7512226803972768e-103
0.049  1.5845718085366935e-103
0.04903  1.3638535948258812e-103
0.04905  1.234065765321249e-103
0.0490799999999999  1.06217024764563e-103
0.0490999999999999  9.610913843942929e-104
0.0491300000000001  8.272190206207654e-104
0.0491500000000001  7.484987227686902e-104
0.0491800000000001  6.442388210309943e-104
0.0492  5.829313914205005e-104
0.04923  5.0173369830417943e-104
0.04925  4.5398742411518944e-104
0.04928  3.9075059713262917e-104
0.0493  3.535657614054896e-104
0.0493299999999999  3.0431687103264906e-104
0.0493499999999999  2.753572918499658e-104
0.0493800000000001  2.3700221746183778e-104
0.0494000000000001  2.1444847451696144e-104
0.0494300000000001  1.8457751254893342e-104
0.04945  1.6701263988235848e-104
0.04948  1.4374911131055087e-104
0.0495  1.3006957472320331e-104
0.04953  1.1195192045447554e-104
0.04955  1.0129828664819825e-104
0.0495799999999999  8.718824331633778e-105
0.0495999999999999  7.889118496544655e-105
0.0496300000000001  6.790227216931844e-105
0.0496500000000001  6.14405166284597e-105
0.0496800000000001  5.2882342737791354e-105
0.0497  4.7849922462579205e-105
0.04973  4.1184809934862224e-105
0.04975  3.726555708376269e-105
0.04978  3.2074762227917676e-105
0.0498  2.9022445038427346e-105
0.0498299999999999  2.4979849939944188e-105
0.0498499999999999  2.2602702922584946e-105
0.0498800000000001  1.945432669421592e-105
0.0499000000000001  1.7603002735621978e-105
0.0499300000000001  1.5151044863581862e-105
0.04995  1.3709232314917104e-105
0.04998  1.1799645604113579e-105
