1e-08  1999.9000024999584
2.99999999999727e-05  1721.4159528503505
4.99999999999545e-05  1557.6015661431643
8.00000000000409e-05  1340.6400920710046
0.000100000000000023  1213.0613194251275
0.000129999999999995  1044.0915535220583
0.000149999999999977  944.7331054821382
0.00017999999999995  813.1393194814016
0.000200000000000045  735.7588823427192
0.000230000000000018  633.2735387580497
0.00025  573.0095937203802
0.000279999999999973  493.19392788327957
0.000299999999999955  446.2603202969602
0.000330000000000041  384.09981724142955
0.000350000000000023  347.54788690085036
0.000379999999999995  299.1372384452777
0.000399999999999977  270.6705664732566
0.00042999999999995  232.96831554705224
0.000450000000000045  210.79844912368134
0.000480000000000018  181.4359065788087
0.0005  164.1699972477976
0.000529999999999973  141.30242612087835
0.000549999999999954  127.85572241344465
0.000580000000000041  110.04644011279193
0.000600000000000023  99.57413673571646
0.000629999999999995  85.70425373408251
0.000649999999999977  77.54841566345297
0.00067999999999995  66.74653992066888
0.000700000000000045  60.39476684462342
0.000730000000000018  51.98225755750604
0.00075  47.03549171201823
0.000779999999999973  40.483822891614274
0.000799999999999955  36.631277777476605
0.000830000000000041  31.52883296970254
0.000850000000000023  28.52846781799522
0.000879999999999995  24.55467980613751
0.000899999999999977  22.217993076487186
0.00092999999999995  19.123203861091802
0.000950000000000045  17.303390406237387
0.000980000000000018  14.893166141847358
0.001  13.475893998170937
0.00102999999999997  11.598809453686027
0.00104999999999995  10.49503679836539
0.00108000000000004  9.033161885223548
0.00110000000000002  8.173542876927318
0.00113  7.035033549824266
0.00114999999999998  6.365561593019975
0.00117999999999995  5.478889637538111
0.00120000000000005  4.957504353331481
0.00123000000000002  4.266963540074993
0.00125  3.8609082724554202
0.00127999999999997  3.3231145463483682
0.00129999999999995  3.0068783859558965
0.00133000000000004  2.588044210931184
0.00135000000000002  2.341759241582115
0.00138  2.0155708580970235
0.00139999999999998  1.8237639311092162
0.00142999999999995  1.569728162622257
0.00145000000000005  1.420348777684744
0.00148000000000002  1.2225055222590235
0.0015  1.1061687402956677
0.00152999999999997  0.9520882580446821
0.00154999999999995  0.8614850811515905
0.00158000000000004  0.7414870809180301
0.00160000000000002  0.6709252558049573
0.00163  0.5774707192564074
0.00164999999999998  0.5225171146033872
0.00167999999999995  0.44973464835780924
0.00170000000000005  0.4069367380211874
0.00173000000000002  0.3502536963152822
0.00175  0.3169226502315027
0.00177999999999997  0.2727778529640641
0.00179999999999995  0.24681960817342102
0.00183000000000004  0.21243960549287533
0.00185000000000002  0.19222330412277036
0.00188  0.16544813111326484
0.00189999999999998  0.1497036597754162
0.00192999999999995  0.12885113406874318
0.00195000000000005  0.11658932746170869
0.00198000000000002  0.10034936411234065
0.002  0.09079985952496976
0.00202999999999997  0.078152163351428
0.00204999999999995  0.07071500170083772
0.00208000000000004  0.060864966016795176
0.00210000000000002  0.05507289869948896
0.00213  0.047401683195504044
0.00214999999999998  0.042890816633182706
0.00217999999999995  0.03691646799157032
0.00220000000000005  0.033403401580483036
0.00223000000000002  0.02875057418005541
0.00225  0.02601459530813526
0.00227999999999997  0.022390969685185277
0.00229999999999995  0.020260187197266508
0.00233000000000004  0.017438104724544278
0.00235000000000002  0.015778649654398888
0.00238  0.01358080961475895
0.00239999999999998  0.012288424706657673
0.00242999999999995  0.010576745162720586
0.00245000000000005  0.009570234784255645
0.00248000000000002  0.008237177415070601
0.0025  0.007453306344157347
0.00252999999999997  0.006415120221156681
0.00254999999999995  0.005804640817302266
0.00258000000000004  0.00499610065173228
0.00260000000000002  0.00452065881396167
0.00263  0.0038909670998734367
0.00264999999999998  0.0035206926243126976
0.00267999999999995  0.0030302882242872592
0.00270000000000005  0.002741918172767489
0.00273000000000002  0.0023599908420061486
0.00275  0.002135408020069567
0.00277999999999997  0.0018379627157961934
0.00279999999999995  0.0016630574382075535
0.00283000000000004  0.0014314068023176204
0.00285000000000002  0.001295190435168314
0.00288  0.0011147807385389202
0.00289999999999998  0.001008695325135879
0.00292999999999995  0.0008681921121272474
0.00295000000000005  0.000785572709096013
0.00298000000000002  0.0006761486967808806
0.003  0.000611804641003652
0.00302999999999997  0.0005265851345257926
0.00304999999999995  0.00047647393350048334
0.00308000000000004  0.0004101049151223041
0.00310000000000002  0.00037107827252315975
0.00313  0.00031939002903874663
0.00314999999999998  0.00028899604922187844
0.00317999999999995  0.0002487412047206364
0.00320000000000005  0.00022507034943846244
0.00323000000000002  0.00019371984501848882
0.00325  0.0001752849643888729
0.00327999999999997  0.00015086916699690782
0.00329999999999995  0.00013651206752673196
0.00333000000000004  0.00011749702539848146
0.00335000000000002  0.00010631570508847795
0.00338  9.1506775388916e-05
0.00339999999999998  8.279875437571195e-05
0.00342999999999995  7.126554832924491e-05
0.00345000000000005  6.448373474511868e-05
0.00348000000000002  5.550166484480966e-05
0.0035  5.021998311487968e-05
0.00352999999999997  4.322474004291533e-05
0.00354999999999995  3.9111362175710895e-05
0.00358000000000004  3.366346139346853e-05
0.00360000000000002  3.0459959489422255e-05
0.00363  2.6217130094132515e-05
0.00364999999999998  2.3722240302690128e-05
0.00367999999999995  2.0417921447200376e-05
0.00370000000000005  1.8474899323936613e-05
0.00373000000000002  1.5901493211764492e-05
0.00375  1.4388266060650782e-05
0.00377999999999997  1.2384095365329939e-05
0.00379999999999995  1.1205592875077373e-05
0.00383000000000004  9.644743168146554e-06
0.00385000000000002  8.726924505886543e-06
0.00388  7.511333531876586e-06
0.00389999999999998  6.79653563899085e-06
0.00392999999999995  5.849832436537462e-06
0.00395000000000005  5.293147277816924e-06
0.00398000000000002  4.555854082410293e-06
0.004  4.12230724487712e-06
0.00402999999999997  3.548102726941076e-06
0.00404999999999995  3.2104561103720366e-06
0.00408000000000004  2.763265182158535e-06
0.00410000000000002  2.5003057327732395e-06
0.00413  2.1520330876994436e-06
0.00414999999999998  1.9472400626021155e-06
0.00417999999999995  1.6760050538963166e-06
0.00420000000000005  1.516512085582006e-06
0.00423000000000002  1.3052740484056292e-06
0.00425  1.1810607997888094e-06
0.00427999999999997  1.0165484510213431e-06
0.00429999999999995  9.198110757306965e-07
0.00433000000000004  7.916887296851672e-07
0.00435000000000002  7.163495860565656e-07
0.00438  6.165678026277367e-07
0.00439999999999998  5.578936185738432e-07
0.00442999999999995  4.801834875032161e-07
0.00445000000000005  4.3448798701569586e-07
0.00448000000000002  3.739672760853314e-07
0.0045  3.383795845230265e-07
0.00452999999999997  2.912460074584099e-07
0.00454999999999995  2.635302854019761e-07
0.00458000000000004  2.2682261867495083e-07
0.00460000000000002  2.0523759263401766e-07
0.00463  1.766496330423935e-07
0.00464999999999998  1.5983919785909534e-07
0.00467999999999995  1.375748725427266e-07
0.00470000000000005  1.2448289245812486e-07
0.00473000000000002  1.0714341846718689e-07
0.00475  9.694737412540523e-08
0.00477999999999997  8.344337820321313e-08
0.00479999999999995  7.55026908856011e-08
0.00483000000000004  6.498576828676315e-08
0.00485000000000002  5.880155478568368e-08
0.00488  5.061096723023808e-08
0.00489999999999998  4.579469691291584e-08
0.00492999999999995  3.941586091092043e-08
0.00495000000000005  3.566494581628396e-08
0.00498000000000002  3.0697103342847726e-08
0.005  2.777588772992808e-08
0.00502999999999997  2.390692812143959e-08
0.00504999999999995  2.163188311457687e-08
0.00508000000000004  1.8618734341802458e-08
0.00510000000000002  1.6846927508935645e-08
0.00513  1.45002848851971e-08
0.00514999999999998  1.3120400336308927e-08
0.00517999999999995  1.1292833223352767e-08
0.00520000000000005  1.0218178056124122e-08
0.00523000000000002  8.79486735743885e-09
0.00525  7.957925071674492e-09
0.00527999999999997  6.849449584984217e-09
0.00529999999999995  6.197638277445224e-09
0.00533000000000004  5.334356700391978e-09
0.00535000000000002  4.826725543665955e-09
0.00538  4.15440117544828e-09
0.00539999999999998  3.759057633078559e-09
0.00542999999999995  3.2354508886326904e-09
0.00545000000000005  2.9275570282510945e-09
0.00548000000000002  2.519771685655334e-09
0.0055  2.279983706088714e-09
0.00552999999999997  1.9624001619500167e-09
0.00554999999999995  1.7756530956923824e-09
0.00558000000000004  1.5283187828255926e-09
0.00560000000000002  1.3828800213879052e-09
0.00563  1.1902558648475445e-09
0.00564999999999998  1.0769880435509199e-09
0.00567999999999995  9.269721995988305e-10
0.00570000000000005  8.387591316757017e-10
0.00573000000000002  7.219266749327405e-10
0.00575  6.532262685574904e-10
0.00577999999999997  5.622370597578936e-10
0.00579999999999995  5.087331294755138e-10
0.00583000000000004  4.3787066241105933e-10
0.00585000000000002  3.9620175960975715e-10
0.00588  3.410140147697957e-10
0.00589999999999998  3.085622406384099e-10
0.00592999999999995  2.6558198174110653e-10
0.00595000000000005  2.403085146353764e-10
0.00598000000000002  2.0683545534955732e-10
0.006  1.871524593768038e-10
0.00602999999999997  1.6108361459320591e-10
0.00604999999999995  1.4575448191643088e-10
0.00608000000000004  1.2545204518511744e-10
0.00610000000000002  1.1351370465264335e-10
0.00613  9.770215102809818e-11
0.00614999999999998  8.840456207283272e-11
0.00617999999999995  7.609051172846247e-11
0.00620000000000005  6.884954216938253e-11
0.00623000000000002  5.925935011840984e-11
0.00625  5.362007735563616e-11
0.00627999999999997  4.615122827653161e-11
0.00629999999999995  4.1759358232929276e-11
0.00633000000000004  3.5942612721457595e-11
0.00635000000000002  3.2522220892353194e-11
0.00638  2.7992134933108883e-11
0.00639999999999998  2.5328331098191005e-11
0.00642999999999995  2.180029660575105e-11
0.00645000000000005  1.9725724093156033e-11
0.00648000000000002  1.6978088067741895e-11
0.0065  1.5362409370404215e-11
0.00652999999999997  1.3222548282215953e-11
0.00654999999999995  1.1964256447537267e-11
0.00658000000000004  1.0297730956385656e-11
0.00660000000000002  9.317772290205884e-12
0.00663  8.019880932693392e-12
0.00664999999999998  7.256688356094823e-12
0.00667999999999995  6.245889550522596e-12
0.00670000000000005  5.651514574229828e-12
0.00673000000000002  4.864303672922809e-12
0.00675  4.401403975950742e-12
0.00677999999999997  3.7883235095703365e-12
0.00679999999999995  3.427816863084885e-12
0.00683000000000004  2.9503493157801644e-12
0.00685000000000002  2.6695864571949455e-12
0.00688  2.297734357464233e-12
0.00689999999999998  2.0790760233406545e-12
0.00692999999999995  1.7894773168836606e-12
0.00695000000000005  1.6191860350421205e-12
0.00698000000000002  1.3936463356770263e-12
0.007  1.2610233520294001e-12
0.00702999999999997  1.085372857550132e-12
0.00704999999999995  9.82085974032069e-13
0.00708000000000004  8.452892313841968e-13
0.00710000000000002  7.648493256193525e-13
0.00713  6.583119153239694e-13
0.00714999999999998  5.956652537241061e-13
0.00717999999999995  5.126938351596713e-13
0.00720000000000005  4.639045660485995e-13
0.00723000000000002  3.992863602980947e-13
0.00725  3.6128923930913935e-13
0.00727999999999997  3.109645300699646e-13
0.00729999999999995  2.813723424892999e-13
0.00733000000000004  2.4217941952583554e-13
0.00735000000000002  2.1913300066522597e-13
0.00738  1.8860952157053656e-13
0.00739999999999998  1.7066095251489863e-13
0.00742999999999995  1.4688924309389342e-13
0.00745000000000005  1.3291088345826862e-13
0.00748000000000002  1.143974575462503e-13
0.0075  1.0351110011603757e-13
0.00752999999999997  8.909282951841969e-14
0.00754999999999995  8.06145258269727e-14
0.00758000000000004  6.938556539496828e-14
0.00760000000000002  6.278265584095448e-14
0.00763  5.403753266346422e-14
0.00764999999999998  4.8895181532247585e-14
0.00767999999999995  4.208447275356302e-14
0.00770000000000005  3.8079605665719657e-14
0.00773000000000002  3.2775420335610665e-14
0.00775  2.9656426711520146e-14
0.00777999999999997  2.5525523022874383e-14
0.00779999999999995  2.3096448346037363e-14
0.00783000000000004  1.9879297318514824e-14
0.00785000000000002  1.798753205805589e-14
0.00787999999999999  1.5482012318572583e-14
0.00789999999999998  1.4008704052338715e-14
0.00792999999999995  1.2057403317227862e-14
0.00795000000000005  1.0909989685773155e-14
0.00798000000000002  9.39031514526148e-15
0.008  8.496708510583196e-15
0.00802999999999997  7.313184788418784e-15
0.00804999999999995  6.617243241573357e-15
0.00808000000000004  5.695514039964371e-15
0.00810000000000002  5.153514218309461e-15
0.00812999999999999  4.435670794319567e-15
0.00814999999999998  4.013560908789825e-15
0.00817999999999995  3.454503888063727e-15
0.00820000000000005  3.1257643786692293e-15
0.00823000000000002  2.690370333146307e-15
0.00825  2.4343477458048872e-15
0.00827999999999997  2.095262522206956e-15
0.00829999999999995  1.8958719307014404e-15
0.00833000000000004  1.631792093034353e-15
0.00835000000000002  1.4765065442328535e-15
0.00838  1.2708409598651426e-15
0.00839999999999998  1.149904452858829e-15
0.00842999999999995  9.89731934702435e-16
0.00845000000000005  8.955464883434461e-16
0.00848000000000002  7.708040057767647e-16
0.0085  6.974523063988909e-16
0.00852999999999997  6.003027632936736e-16
0.00854999999999996  5.431764023785256e-16
0.00858000000000004  4.675162621328718e-16
0.00860000000000002  4.23026207518175e-16
0.00863  3.6410203104777173e-16
0.00864999999999998  3.294531416749469e-16
0.00867999999999995  2.8356294689796407e-16
0.00870000000000005  2.565783647216956e-16
0.00873000000000002  2.2083904509409277e-16
0.00875  1.9982343136448532e-16
0.00877999999999997  1.7198962125206352e-16
0.00879999999999995  1.55622644822715e-16
0.00883000000000004  1.3394565171121572e-16
0.00885000000000002  1.2119903765153222e-16
0.00888  1.0431697844172447e-16
0.00889999999999998  9.438990543053208e-17
0.00892999999999995  8.124214449807809e-17
0.00895000000000004  7.35109322633123e-17
0.00898000000000002  6.327144575348141e-17
0.009  5.7250371610988e-17
0.00902999999999997  4.9275851498883493e-17
0.00904999999999995  4.4586634241777475e-17
0.00908000000000004  3.8376071733827633e-17
0.00910000000000002  3.472410566200277e-17
0.00913  2.9887314717515313e-17
0.00914999999999998  2.7043160681027344e-17
0.00917999999999995  2.3276264105908076e-17
0.00920000000000004  2.1061234715103485e-17
0.00923000000000002  1.8127572712651728e-17
0.00925  1.6402506088576515e-17
0.00927999999999997  1.411776782380051e-17
0.00929999999999995  1.2774284586120053e-17
0.00933000000000004  1.0994928636392372e-17
0.00935000000000002  9.94862283884388e-18
0.00938  8.562859031838294e-18
0.00939999999999998  7.74799525737522e-18
0.00942999999999995  6.668761319327328e-18
0.00945000000000005  6.034144773675209e-18
0.00948000000000002  5.193636537606609e-18
0.0095  4.699396674905646e-18
0.00952999999999997  4.044808202477294e-18
0.00954999999999995  3.6598938103806105e-18
0.00958000000000004  3.1500997954618834e-18
0.00960000000000002  2.8503281654816146e-18
0.00963  2.453300187459275e-18
0.00964999999999998  2.2198378072880038e-18
0.00967999999999995  1.9106321071029693e-18
0.00970000000000005  1.7288114226067933e-18
0.00973000000000002  1.4880017811726428e-18
0.00975  1.346399689709295e-18
0.00977999999999997  1.1588569523891959e-18
0.00979999999999995  1.0485771326729638e-18
0.00983000000000004  9.025187019881204e-19
0.00985000000000002  8.1663269203618255e-19
0.00987999999999999  7.028822718451159e-19
0.00989999999999998  6.359941800396148e-19
0.00992999999999995  5.474052637200932e-19
0.00995000000000005  4.953127654435356e-19
0.00998000000000002  4.263196480424691e-19
0.01  3.8574996959278465e-19
0.01003  3.320180757342313e-19
0.01005  3.0042237838863123e-19
0.01008  2.585759373756822e-19
0.0101  2.339691835412416e-19
0.01013  2.0137914251160384e-19
0.01015  1.8221538335649622e-19
0.0101799999999999  1.5683423388236537e-19
0.0102  1.419094832456945e-19
0.01023  1.2214262415992838e-19
0.01025  1.1051921667700527e-19
0.01028  9.512477134214852e-20
0.0103  8.607245249248997e-20
0.01033  7.408324641075307e-20
0.01035  6.703329340202796e-20
0.01038  5.769609031716635e-20
0.0104  5.2205581393354246e-20
0.0104299999999999  4.493376031918999e-20
0.01045  4.0657747669842533e-20
0.01048  3.4994447722910584e-20
0.0105  3.166428572319273e-20
0.01053  2.7253703289754297e-20
0.01055  2.4660170516619206e-20
0.01058  2.1225205463656217e-20
0.0106  1.9205360109017544e-20
0.01063  1.6530206635946922e-20
0.01065  1.4957149492071078e-20
0.0106799999999999  1.2873737872414e-20
0.0107  1.1648639736941105e-20
0.01073  1.0026077136087039e-20
0.01075  9.071969748846351e-21
0.01078  7.80831672471895e-21
0.0108  7.065257144401636e-21
0.01083  6.081123179680622e-21
0.01085  5.502427796660869e-21
0.01088  4.73598349428894e-21
0.0109  4.28529507683332e-21
0.01093  3.688387653965475e-21
0.01095  3.3373911615298493e-21
0.01098  2.872519193179214e-21
0.011  2.5991628500150137e-21
0.01103  2.2371201970356277e-21
0.01105  2.024230062921797e-21
0.01108  1.7422709612761898e-21
0.0111  1.576471958120186e-21
0.01113  1.3568819889644758e-21
0.01115  1.2277575954741032e-21
0.01118  1.056740755541004e-21
0.0112  9.561785767771036e-22
0.01123  8.229905279188079e-22
0.01125  7.4467262435010435e-22
0.01128  6.409456676035209e-22
0.0113  5.799516229757035e-22
0.01133  4.99168987835843e-22
0.01135  4.516667781170036e-22
0.01138  3.887531986115179e-22
0.0114  3.517584404848634e-22
0.01143  3.027612955001614e-22
0.01145  2.7394974890158977e-22
0.01148  2.357907340192387e-22
0.0115  2.1335227896677135e-22
0.01153  1.8363400829516314e-22
0.01155  1.6615892192939153e-22
0.01158  1.430143094588149e-22
0.0116  1.2940469851291053e-22
0.01163  1.1137965619694208e-22
0.01165  1.0078048053497306e-22
0.01168  8.674256346440172e-23
0.0117  7.84879171589495e-23
0.01173  6.75551763516971e-23
0.01175  6.112645134503342e-23
0.01178  5.2612024243228176e-23
0.0118  4.76053281738885e-23
0.01183  4.097428567959813e-23
0.01185  3.7075066860195573e-23
0.01188  3.191080577306248e-23
0.0119  2.88740911031448e-23
0.0119299999999999  2.4852160524512926e-23
0.01195  2.2487164761604258e-23
0.01198  1.9354882077497432e-23
0.012  1.75130215253931e-23
0.01203  1.5073597318209488e-23
0.01205  1.3639154877922512e-23
0.01208  1.173932939512466e-23
0.0121  1.0622184499358301e-23
0.01213  9.142598925656247e-24
0.01215  8.272565606029183e-24
0.0121799999999999  7.120263202612513e-24
0.0122  6.442680571985053e-24
0.01223  5.545266557866298e-24
0.01225  5.017564674540886e-24
0.01228  4.3186579376059765e-24
0.0123  3.9076832976438614e-24
0.01233  3.36337418362505e-24
0.01235  3.0433068122001103e-24
0.01238  2.6193984479693354e-24
0.0124  2.37012972846797e-24
0.0124299999999999  2.0399895624555557e-24
0.01245  1.8458588885116844e-24
0.01248  1.5887454686970892e-24
0.0125  1.4375563478122025e-24
0.01253  1.237316215122448e-24
0.01255  1.1195700093854123e-24
0.01258  9.636228372443095e-25
0.0126  8.719220000126253e-25
0.01263  7.504702202313517e-25
0.01265  6.790535363870133e-25
0.0126799999999999  5.844667951882372e-25
0.0127  5.288474258856165e-25
0.01273  4.551831977716072e-25
0.01275  4.1186678940501187e-25
0.01278  3.544970308654763e-25
0.0128  3.207621781097287e-25
0.01283  2.7608256523452086e-25
0.01285  2.4980983549154614e-25
0.01288  2.1501331799700405e-25
0.0129  1.9455209549975496e-25
0.01293  1.674525404268501e-25
0.01295  1.5151732432339405e-25
0.01298  1.3041216961172694e-25
0.013  1.1800181083194164e-25
0.01303  1.0156509981565383e-25
0.01305  9.189990267975993e-26
0.01308  7.90989792691566e-26
0.0131  7.157171617118295e-26
0.01313  6.160234699496798e-26
0.01315  5.57401085998816e-26
0.01318  4.797595607871679e-26
0.0132  4.341044022607356e-26
0.01323  3.736371216270449e-26
0.01325  3.380808484154002e-26
0.01328  2.9098888290768836e-26
0.0133  2.632976294873624e-26
0.01333  2.2662236987358103e-26
0.01335  2.0505640002559953e-26
0.01338  1.7649367911904243e-26
0.0134  1.5969808491374016e-26
0.01343  1.374534155050635e-26
0.01345  1.2437299358582631e-26
0.01348  1.0704882763118265e-26
0.0135  9.686178479757497e-27
0.01353  8.336971078603971e-27
0.01355  7.543603385004635e-27
0.01358  6.492839604460521e-27
0.0136  5.874964223421628e-27
0.01363  5.056628568310883e-27
0.01365  4.575426737717252e-27
0.0136799999999999  3.9381062887037114e-27
0.0137  3.5633459262200394e-27
0.01373  3.0670002614593494e-27
0.01375  2.7751365976944667e-27
0.01378  2.388582205304711e-27
0.0138  2.1612785554145954e-27
0.01383  1.8602296919217585e-27
0.01385  1.683205431392298e-27
0.01388  1.448748340761323e-27
0.0139  1.310881708038382e-27
0.0139299999999999  1.1282863422588941e-27
0.01395  1.0209157007342582e-27
0.01398  8.787102868795608e-28
0.014  7.950899471817323e-28
0.01403  6.843402595146911e-28
0.01405  6.192166734773351e-28
0.01408  5.329647299973374e-28
0.0141  4.82246430195019e-28
0.01413  4.150733490713603e-28
0.01415  3.7557389746927576e-28
0.0141799999999999  3.2325944928901143e-28
0.0142  2.9249724545024727e-28
0.01423  2.5175471224138795e-28
0.01425  2.277970838028815e-28
0.01428  1.9606676703550913e-28
0.0143  1.7740854724706657e-28
0.01433  1.5269695170153325e-28
0.01435  1.3816591551957577e-28
0.01438  1.189205055577689e-28
0.0144  1.0760372320042318e-28
0.0144299999999999  9.261538285168515e-29
0.01445  8.380186388988946e-29
0.01448  7.212893268931447e-29
0.0145  6.526495722028826e-29
0.01453  5.617406926054277e-29
0.01455  5.082839979028226e-29
0.01458  4.374840912841804e-29
0.0146  3.9585197558938247e-29
0.01463  3.407129528733969e-29
0.01465  3.0828982856937367e-29
0.01468  2.6534751450037594e-29
0.0147  2.4009635990278086e-29
0.01473  2.0665285207894369e-29
0.01475  1.8698723310487693e-29
0.01478  1.6094140302302055e-29
0.0148  1.4562580356643345e-29
0.01483  1.25341290702939e-29
0.01485  1.1341348985294096e-29
0.01488  9.761589535062808e-30
0.0149  8.832651470833125e-30
0.01493  7.602333573928654e-30
0.01495  6.878875882081732e-30
0.01498  5.920703340545668e-30
0.015  5.3572739236161774e-30
0.01503  4.61104839795045e-30
0.01505  4.172249126840356e-30
0.01508  3.591088103103957e-30
0.0151  3.249350887152208e-30
0.01513  2.7967422267757674e-30
0.01515  2.5305970153879037e-30
0.01518  2.1781050362618013e-30
0.0152  1.9708309372222873e-30
0.01523  1.6963099078524856e-30
0.01525  1.5348846772100466e-30
0.01528  1.3210874845672986e-30
0.0153  1.1953693885355018e-30
0.01533  1.0288639674868446e-30
0.01535  9.309546158510219e-31
0.01538  8.01280063552707e-31
0.0154  7.250281838287149e-31
0.01543  6.240375409543533e-31
0.01545  5.646525173146416e-31
0.01548  4.860009255612043e-31
0.0155  4.397518226478828e-31
0.01553  3.7849790140048803e-31
0.01555  3.424790638352536e-31
0.01558  2.9477446200158765e-31
0.0156  2.667229631004534e-31
0.01563  2.295705818362853e-31
0.01565  2.0772405252575854e-31
0.01568  1.7878974890425956e-31
0.0157  1.6177565476982869e-31
0.01573  1.3924159645177722e-31
0.01575  1.2599100661663005e-31
0.01578  1.0844146435275665e-31
0.0158  9.812189461298602e-32
0.01583  8.44542973553367e-32
0.01585  7.641740836104338e-32
0.01588  6.57730729140815e-32
0.0159  5.95139374718679e-32
0.01593  5.122412069049928e-32
0.01595  4.6349501106754014e-32
0.01598  3.9893385305904997e-32
0.016  3.6097027756908457e-32
0.01603  3.106899971560853e-32
0.01605  2.811239348363094e-32
0.01608  2.4196561307760492e-32
0.0161  2.1893954059062927e-32
0.01613  1.8844300894119394e-32
0.01615  1.7051028565727575e-32
0.01618  1.467595629277336e-32
0.0162  1.3279354399161716e-32
0.01623  1.1429646253133604e-32
0.01625  1.0341971604749703e-32
0.01628  8.901417452169725e-33
0.0163  8.054335584281417e-33
0.01633  6.932430882195056e-33
0.01635  6.272722860158159e-33
0.01638  5.398982599641977e-33
0.0164  4.885201475481077e-33
0.01643  4.20473187639006e-33
0.01645  3.8045987345662995e-33
0.01648  3.274648477937876e-33
0.0165  2.9630244737526678e-33
0.01653  2.550298798901566e-33
0.01655  2.307605780418348e-33
0.01658  1.986174701650603e-33
0.0166  1.797165188809884e-33
0.01663  1.5468344129621255e-33
0.01665  1.399633656353807e-33
0.0166799999999999  1.2046758520972993e-33
0.0167  1.090035787581454e-33
0.01673  9.382024969601353e-34
0.01675  8.489207249442798e-34
0.01678  7.306728393120801e-34
0.0168  6.611401253521498e-34
0.01683  5.690485794252547e-34
0.01685  5.148964473441811e-34
0.01688  4.431754792620652e-34
0.0169  4.010017563923384e-34
0.0169299999999999  3.451454102875132e-34
0.01695  3.123004818913618e-34
0.01698  2.6879951580528675e-34
0.017  2.432198598505662e-34
0.01703  2.093412733983658e-34
0.01705  1.894198173101383e-34
0.01708  1.6303514765181238e-34
0.0171  1.4752030205037818e-34
0.01713  1.2697190065939538e-34
0.01715  1.1488892675576632e-34
0.0171799999999999  9.888581566165094e-35
0.0172  8.94755861236241e-35
0.01723  7.701235067191004e-35
0.01725  6.968365653885039e-35
0.01728  5.997727900945233e-35
0.0173  5.42696862797355e-35
0.01733  4.67103518590536e-35
0.01735  4.2265274171697487e-35
0.01738  3.637805860537232e-35
0.0174  3.29162286216461e-35
0.0174299999999999  2.833126052849551e-35
0.01745  2.563518462629537e-35
0.01748  2.2064407884981313e-35
0.0175  1.996470186113859e-35
0.01753  1.7183778138830082e-35
0.01755  1.554852544324187e-35
0.01758  1.3382739870646347e-35
0.0176  1.210920379080243e-35
0.01763  1.0422488290900287e-35
0.01765  9.43065739464829e-36
0.0176799999999999  8.11704204250973e-36
0.0177  7.344603363830224e-36
0.01773  6.321558698926948e-36
0.01775  5.7199828510997706e-36
0.01778  4.9232348649560886e-36
0.0178  4.4547271235915084e-36
0.01783  3.834219168072298e-36
0.01785  3.469344972222494e-36
0.01788  2.986092890562097e-36
0.0179  2.7019285811117583e-36
0.0179299999999999  2.3255714814948724e-36
0.01795  2.1042640947728472e-36
0.01798  1.8111568908758332e-36
0.018  1.6388025247981108e-36
0.01803  1.4105304048792497e-36
0.01805  1.2763006896121642e-36
0.01808  1.0985221838660012e-36
0.0181  9.939839765045276e-37
0.01813  8.555299370161514e-37
0.01815  7.74115499262166e-37
0.0181799999999999  6.662873848895398e-37
0.0182  6.028817570130864e-37
0.01823  5.189051371023141e-37
0.01825  4.695247844612495e-37
0.01828  4.041237271150512e-37
0.0183  3.656662698098537e-37
0.01833  3.14731875134941e-37
0.01835  2.847811772707137e-37
0.01838  2.4511343081262374e-37
0.0184  2.217878038624315e-37
0.0184299999999999  1.908945318582849e-37
0.01845  1.7272851532374392e-37
0.01848  1.486688108952076e-37
0.0185  1.3452110299289482e-37
0.01853  1.1578338634348065e-37
0.01855  1.047651403504956e-37
0.01858  9.017219195096301e-38
0.0186  8.159117334355276e-38
0.01863  7.022617370267503e-38
0.01865  6.354326969167364e-38
0.01868  5.469219907175181e-38
0.0187  4.948754819479149e-38
0.01873  4.259432746497747e-38
0.01875  3.8540941286388044e-38
0.01878  3.317249558412383e-38
0.0188  3.001571525414805e-38
0.01883  2.583476553734873e-38
0.01885  2.3376262544379144e-38
0.01888  2.0120135630953047e-38
0.0189  1.8205451574845232e-38
0.01893  1.566957738488933e-38
0.01895  1.41784199426576e-38
0.01898  1.2203479137749785e-38
0.019  1.1042164554057122e-38
0.01903  9.504079108675223e-39
0.01905  8.599646401502996e-39
0.01908  7.401784252208738e-39
0.0191  6.697411351627819e-39
0.01913  5.764515371745676e-39
0.01915  5.215949205199061e-39
0.01918  4.4894090855427466e-39
0.0192  4.0621853254697e-39
0.01923  3.4963553113485706e-39
0.01925  3.163633112456927e-39
0.01928  2.7229642543741714e-39
0.0193  2.463839945332081e-39
0.01933  2.120646693582019e-39
0.01935  1.9188404787872592e-39
0.01938  1.6515613055794384e-39
0.0194  1.4943944674686058e-39
0.01943  1.2862372380757165e-39
0.01945  1.1638355814821419e-39
0.01948  1.0017225682289691e-39
0.0195  9.063960622246429e-40
0.01953  7.80142320557031e-40
0.01955  7.059019630333898e-40
0.01958  6.075754501569415e-40
0.0196  5.497570015820537e-40
0.01963  4.731802363571873e-40
0.01965  4.2815118333108495e-40
0.01968  3.685131386088951e-40
0.0197  3.334444768512023e-40
0.01973  2.869983209207087e-40
0.01975  2.596868196825476e-40
0.01978  2.235145170732295e-40
0.0198  2.022442985220908e-40
0.01983  1.7407328092445306e-40
0.01985  1.575080180607335e-40
0.01988  1.3556840749577464e-40
0.0199  1.226673678057225e-40
0.01993  1.055807819174526e-40
0.01995  9.553344210440608e-41
0.01998  8.22263956346033e-41
0.02  7.440151952041712e-41
0.02003  6.403798130936912e-41
0.02005  5.79439616642041e-41
0.02008  4.987282999004723e-41
0.0201  4.512680271834097e-41
0.02013  3.8840999050236385e-41
0.02015  3.5144789294552747e-41
0.02018  3.0249400475599787e-41
0.0202  2.7370789423477596e-41
0.02023  2.355825677783764e-41
0.02025  2.1316392236286576e-41
0.02028  1.8347188826376925e-41
0.0203  1.6601222965877437e-41
0.02033  1.428880502514128e-41
0.02035  1.2929045445768157e-41
0.02038  1.1128132542734813e-41
0.0204  1.006915071753002e-41
0.02043  8.666598338404256e-42
0.02045  7.841862463676489e-42
0.02048  6.749553572514572e-42
0.0205  6.107248627449419e-42
0.02053  5.2565576076566716e-42
0.02055  4.756330013469438e-42
0.02058  4.093811181102967e-42
0.0206  3.704233539035972e-42
0.02063  3.188263353589509e-42
0.02065  2.884859980880576e-42
0.0206799999999999  2.4830219964146076e-42
0.0207  2.2467312121611823e-42
0.02073  1.9337794751902852e-42
0.02075  1.7497560273820706e-42
0.02078  1.5060289695655617e-42
0.0208  1.3627113643090675e-42
0.02083  1.1728965408258803e-42
0.02085  1.0612806776242041e-42
0.02088  9.134527444569506e-43
0.0209  8.265262227922932e-43
0.0209299999999999  7.113977126821508e-43
0.02095  6.4369926953968835e-43
0.02098  5.540370957117976e-43
0.021  5.013134951799935e-43
0.02103  4.314845239909427e-43
0.02105  3.904233426104419e-43
0.02108  3.360404851673385e-43
0.0211  3.0406200495436754e-43
0.02113  2.617085929920218e-43
0.02115  2.3680372756072617e-43
0.0211799999999999  2.0381885715880355e-43
0.0212  1.844229284585212e-43
0.02123  1.5873428555991605e-43
0.02125  1.436287210998159e-43
0.02128  1.2362238589434087e-43
0.0213  1.1185816046408108e-43
0.02133  9.627721093966943e-44
0.02135  8.711522296235318e-44
0.02138  7.498076727174538e-44
0.0214  6.784540386052165e-44
0.0214299999999999  5.839508026655911e-44
0.02145  5.283805365436998e-44
0.02148  4.547813423909116e-44
0.0215  4.115031756199167e-44
0.02153  3.541840655803016e-44
0.02155  3.204789954091609e-44
0.02158  2.758388276253566e-44
0.0216  2.495892925825917e-44
0.02163  2.1482349495612604e-44
0.02165  1.9438033650956314e-44
0.0216799999999999  1.6730470609405015e-44
0.0217  1.51383558287331e-44
0.02173  1.302970361175127e-44
0.02175  1.1789763373830735e-44
0.02178  1.0147543376020057e-44
0.0218  9.181876947765946e-45
0.02183  7.90291472749558e-45
0.02185  7.150852956985399e-45
0.02188  6.154796178320097e-45
0.0219  5.5690898825287796e-45
0.0219299999999999  4.7933600833229656e-45
0.02195  4.337211561508451e-45
0.02198  3.7330725864332835e-45
0.022  3.3778237604490846e-45
0.02203  2.907319853576594e-45
0.02205  2.6306517897149442e-45
0.02208  2.2642229786045263e-45
0.0221  2.0487536738181915e-45
0.02213  1.763378628785474e-45
0.02215  1.595570965490048e-45
0.0221799999999999  1.3733206569501903e-45
0.0222  1.2426319173696468e-45
0.02223  1.0695432030404121e-45
0.02225  9.677627103169883e-46
0.02228  8.329610840565597e-46
0.0223  7.536943566221757e-46
0.02233  6.487107445312643e-46
0.02235  5.869777551338575e-46
0.02238  5.0521643582778275e-46
0.0224  4.571387353437437e-46
0.0224299999999999  3.934629558434171e-46
0.02245  3.560200050579691e-46
0.02248  3.064292581202904e-46
0.0225  2.772686587282358e-46
0.02253  2.386473461800684e-46
0.02255  2.1593704853870818e-46
0.02258  1.8585874008295257e-46
0.0226  1.6817194249607628e-46
0.02263  1.447469323172661e-46
0.02265  1.3097244050658348e-46
0.02268  1.127290242358721e-46
0.0227  1.020014392272973e-46
0.02273  8.779345234977258e-47
0.02275  7.943880074463058e-47
0.02278  6.837360943854397e-47
0.0228  6.186700022617159e-47
0.02283  5.32494205721572e-47
0.02285  4.81820682224219e-47
0.02288  4.1470690439694015e-47
0.0229  3.752423246162203e-47
0.02293  3.229740618894598e-47
0.02295  2.922390162526384e-47
0.02298  2.5153245231126366e-47
0.023  2.27595974701575e-47
0.02303  1.9589367082788573e-47
0.02305  1.772519233214863e-47
0.02308  1.525621442394873e-47
0.0231  1.3804393668368809e-47
0.02313  1.1881551740076362e-47
0.02315  1.0750872598751419e-47
0.02318  9.253361799275016e-48
0.0232  8.372787998608635e-48
0.02323  7.206525415318406e-48
0.02325  6.520733849807172e-48
0.02328  5.612447636674036e-48
0.0233  5.078352628430043e-48
0.02333  4.3709786143889325e-48
0.02335  3.955025003734101e-48
0.02338  3.404121567674416e-48
0.0234  3.0801765699750594e-48
0.02343  2.651132542575132e-48
0.02345  2.398843924694805e-48
0.02348  2.064704100183597e-48
0.0235  1.8682215270183694e-48
0.02353  1.6079931700337487e-48
0.02355  1.4549723881927618e-48
0.02358  1.2523063399957186e-48
0.0236  1.1331336352718111e-48
0.02363  9.752971582339507e-49
0.02365  8.824853624742217e-49
0.02368  7.595621905599275e-49
0.0237  6.872802913439862e-49
0.02373  5.915476287995031e-49
0.02375  5.352544290882321e-49
0.02378  4.6069775653309234e-49
0.0238  4.168565685163529e-49
0.02383  3.587917735472016e-49
0.02385  3.246482219889944e-49
0.02388  2.794273141981427e-49
0.0239  2.528362895077681e-49
0.02393  2.1761821110905303e-49
0.02395  1.9690910025752103e-49
0.02398  1.6948123322232877e-49
0.024  1.53352961474441e-49
0.02403  1.3199211714945895e-49
0.02405  1.194314064826153e-49
0.0240799999999999  1.027955641953009e-49
0.0240999999999999  9.301327289202633e-50
0.0241300000000001  8.005726589148757e-50
0.0241500000000001  7.243880976427232e-50
0.0241800000000001  6.234866136684621e-50
0.0242  5.641540176920388e-50
0.02423  4.855718629597782e-50
0.02425  4.3936359075143265e-50
0.02428  3.781637471105107e-50
0.0243  3.4217670853028496e-50
0.0243299999999999  2.945142223790332e-50
0.0243499999999999  2.6648748855231427e-50
0.0243800000000001  2.2936790701422873e-50
0.0244000000000001  2.0754066476306796e-50
0.0244300000000001  1.7863190559413054e-50
0.02445  1.6163283223671768e-50
0.02448  1.3911866795831727e-50
0.0245  1.2587977631600293e-50
0.02453  1.0834572754578518e-50
0.02455  9.803526836775779e-51
0.0245799999999999  8.437973745514176e-51
0.0245999999999999  7.634994377346306e-51
0.0246300000000001  6.57150056053586e-51
0.0246500000000001  5.946139599817161e-51
0.0246800000000001  5.1178897824994295e-51
0.0247  4.6308581765917984e-51
0.02473  3.985816570285794e-51
0.02475  3.6065159742222594e-51
0.02478  3.104157066117469e-51
0.0248  2.8087574648838266e-51
0.0248299999999999  2.417519953870122e-51
0.0248499999999999  2.187462513110297e-51
0.0248800000000001  1.8827664331629516e-51
0.0249000000000001  1.7035975181479477e-51
0.0249300000000001  1.4662999724878417e-51
0.02495  1.3267630811727837e-51
0.02498  1.1419555667916948e-51
0.025  1.0332841265675791e-51
0.02503  8.893558896501091e-52
0.02505  8.047224869060832e-52
0.0250799999999999  6.926310632890156e-52
0.0250999999999999  6.2671850295793774e-52
0.0251300000000001  5.394216144685362e-52
0.0251500000000001  4.880888608685019e-52
0.0251800000000001  4.201019757537315e-52
0.0252  3.801239870530083e-52
0.02523  3.271757476870178e-52
0.02525  2.960408587811032e-52
0.02528  2.5480472850061823e-52
0.0253  2.305568526398544e-52
0.0253299999999999  1.984421220866769e-52
0.0253499999999999  1.795578573784864e-52
0.0253800000000001  1.5454688007530154e-52
0.0254000000000001  1.398397999328517e-52
0.0254300000000001  1.2036123122388906e-52
0.02545  1.0890734569230768e-52
0.02548  9.373742112864983e-53
0.0255  8.481712610739621e-53
0.02553  7.300277697808551e-53
0.02555  6.605564423030626e-53
0.0255799999999999  5.68546198769484e-53
0.0255999999999999  5.1444187452874235e-53
0.0256300000000001  4.427842248135106e-53
0.0256500000000001  4.006477347273131e-53
0.0256800000000001  3.448407010164271e-53
0.0257  3.120247695415667e-53
0.02573  2.6856220798661535e-53
0.02575  2.430051348566468e-53
0.02578  2.0915645788336155e-53
0.0258  1.8925258931672889e-53
0.0258299999999999  1.6289121318408665e-53
0.0258499999999999  1.4739006475823483e-53
0.0258800000000001  1.2685980438309162e-53
0.0259000000000001  1.1478749785054092e-53
0.0259300000000001  9.8798514993837e-54
0.02595  8.93965932128542e-54
0.02598  7.694436084352936e-54
0.026  6.96221367980867e-54
0.02603  5.992432847786942e-54
0.02605  5.42217746574544e-54
0.0260799999999999  4.666911394361666e-54
0.0260999999999999  4.222796056276834e-54
0.0261300000000001  3.634594248450112e-54
0.0261500000000001  3.288716875375874e-54
0.0261800000000001  2.8306248468397715e-54
0.0262  2.5612552778441844e-54
0.02623  2.204492847301255e-54
0.02625  1.9947076160308196e-54
0.02628  1.716860755753528e-54
0.0263  1.5534798533632976e-54
0.0263299999999999  1.3370925010060958e-54
0.0263499999999999  1.2098513262856063e-54
0.0263800000000001  1.0413286868214147e-54
0.0264000000000001  9.42233160310244e-55
0.0264300000000001  8.109875967312356e-55
0.02645  7.338119230858379e-55
0.02648  6.315977753957881e-55
0.0265  5.714933003263841e-55
0.02653  4.9188884206439706e-55
0.02655  4.450794298142495e-55
0.0265799999999999  3.83083415384035e-55
0.0265999999999999  3.4662820846848916e-55
0.0266300000000001  2.9834566388245797e-55
0.0266500000000001  2.6995432018962134e-55
0.0266800000000001  2.323518366576164e-55
0.0267  2.1024063595729343e-55
0.02673  1.809557923371183e-55
0.02675  1.6373557191697028e-55
0.02678  1.4092851277345422e-55
0.0268  1.2751739162558081e-55
0.0268299999999999  1.097552361051108e-55
0.0268499999999999  9.931064445327613e-56
0.0268800000000001  8.547746382476219e-56
0.0269000000000001  7.734320766745819e-56
0.0269300000000001  6.656991576168247e-56
0.02695  6.023495069670154e-56
0.02698  5.184470252422081e-56
0.027  4.691102677085862e-56
0.02703  4.037669492396836e-56
0.02705  3.6534344383828335e-56
0.0270799999999999  3.144540162463697e-56
0.0270999999999999  2.845297601514045e-56
0.0271300000000001  2.448970340923774e-56
0.0271500000000001  2.215920000128061e-56
0.0271800000000001  1.9072600192300804e-56
0.0272  1.7257602313242041e-56
0.02723  1.4853755964978869e-56
0.02725  1.344023419548779e-56
0.02728  1.1568116777077423e-56
0.0273  1.0467264916108964e-56
0.0273299999999999  9.009258404653708e-57
0.0273499999999999  8.151914113285675e-57
0.0273800000000001  7.016417500429964e-57
0.0274000000000001  6.348717094951224e-57
0.0274300000000001  5.464391443690764e-57
0.02745  4.944385845049358e-57
0.02748  4.2556723353571084e-57
0.0275  3.85069156793161e-57
0.02753  3.3143209472715243e-57
0.02755  2.998921608471594e-57
0.0275799999999999  2.581195749086271e-57
0.0275999999999999  2.3355624970486292e-57
0.0276300000000001  2.0102372706469697e-57
0.0276500000000001  1.818937901611817e-57
0.0276800000000001  1.5655743605391836e-57
0.0277  1.4165902621342658e-57
0.02773  1.2192705379450193e-57
0.02775  1.1032416054414928e-57
0.02778  9.495688497275011e-58
0.0278  8.59205426234813e-58
0.0278299999999999  7.395249637483483e-58
0.0278499999999999  6.69149858771196e-58
0.0278800000000001  5.75942620867493e-58
0.0279000000000001  5.2113443400260894e-58
0.0279300000000001  4.485445641358008e-58
0.02795  4.058599052869014e-58
0.02798  3.4932685779155244e-58
0.028  3.16084012054725e-58
0.02803  2.7205603039593434e-58
0.02805  2.461664761045782e-58
0.0280799999999999  2.1187744951175998e-58
0.0280999999999999  1.917146443562664e-58
0.0281300000000001  1.650103235947666e-58
0.0281500000000001  1.4930751515076761e-58
0.0281800000000001  1.2851016923047015e-58
0.0282  1.1628080971791966e-58
0.02823  1.0008382042937727e-58
0.02825  9.055958566449287e-59
0.02828  7.7945357723176886e-59
0.0283  7.052787623013102e-59
0.0283299999999999  6.070390563162199e-59
0.0283499999999999  5.49271652364157e-59
0.0283800000000001  4.727624924135284e-59
0.0284000000000001  4.277731929797043e-59
0.0284300000000001  3.681877992984345e-59
0.02845  3.3315009766971e-59
0.02848  2.8674494641111294e-59
0.0285  2.594575569454851e-59
0.02853  2.2331718880673646e-59
0.02855  2.0206574852293743e-59
0.0285799999999999  1.7391960151608009e-59
0.0285999999999999  1.5736896318165374e-59
0.0286300000000001  1.3544872185205511e-59
0.0286500000000001  1.2255907175688512e-59
0.0286800000000001  1.0548757064439844e-59
0.0287  9.544910105681275e-60
0.02873  8.215380262220202e-60
0.02875  7.433583464650744e-60
0.02878  6.398144581446273e-60
0.0288  5.789280623296645e-60
0.0288299999999999  4.982880010236973e-60
0.0288499999999999  4.508696282845845e-60
0.0288800000000001  3.8806708539195445e-60
0.0289000000000001  3.5113761957079827e-60
0.0289300000000001  3.022269499874833e-60
0.02895  2.7346625308769894e-60
0.02898  2.3537458531565472e-60
0.029  2.1297573204830294e-60
0.02903  1.833099113589391e-60
0.02905  1.65865666894424e-60
0.0290799999999999  1.4276190251116464e-60
0.0290999999999999  1.2917631126210434e-60
0.0291300000000001  1.1118308146834796e-60
0.0291500000000001  1.0060261236510229e-60
0.0291800000000001  8.658947091183875e-61
0.0292  7.834939328900852e-61
0.02923  6.743594775191314e-61
0.02925  6.101856884664931e-61
0.02928  5.2519168916352296e-61
0.0293  4.752130919966691e-61
0.0293299999999999  4.090196987833549e-61
0.0293499999999999  3.700963281729788e-61
0.0293800000000001  3.1854486170379e-61
0.0294000000000001  2.8823131019268083e-61
0.0294300000000001  2.4808298773828407e-61
0.02945  2.244747700838653e-61
0.02948  1.9320722511736273e-61
0.0295  1.7482112672108786e-61
0.02953  1.5046993821645528e-61
0.02955  1.3615083038780852e-61
0.0295799999999999  1.1718610571174123e-61
0.0295999999999999  1.0603437332190155e-61
0.0296300000000001  9.126463089330173e-62
0.0296500000000001  8.257965297549814e-62
0.0296800000000001  7.10769660064261e-62
0.0297  6.431309840311571e-62
0.02973  5.535479678417103e-62
0.02975  5.008709139809483e-62
0.02978  4.311035908227088e-62
0.0298  3.900786600260528e-62
0.0298299999999999  3.357438141177919e-62
0.0298499999999999  3.037935658878897e-62
0.0298800000000001  2.6147754534605645e-62
0.0299000000000001  2.365946670053008e-62
0.0299300000000001  2.036389170710975e-62
0.02995  1.8426011193434084e-62
0.02998  1.5859414807886023e-62
0.03  1.4350191946328937e-62
0.03003  1.235132467143587e-62
0.03005  1.1175940725025943e-62
0.0300799999999999  9.619221326088339e-63
0.0300999999999999  8.703831388214262e-63
0.0301300000000001  7.491457101287305e-63
0.0301500000000001  6.778550700855804e-63
0.0301800000000001  5.83435265682839e-63
0.0302  5.279140593918421e-63
0.03023  4.5437984178548765e-63
0.03025  4.111398828487708e-63
0.03028  3.5387137659439884e-63
0.0303  3.201960627145084e-63
0.0303299999999999  2.7559530519841485e-63
0.0303499999999999  2.493689443785673e-63
0.0303800000000001  2.1463383949911478e-63
0.0304000000000001  1.9420872915551917e-63
0.0304300000000001  1.6715700227553282e-63
0.03045  1.5124991034569809e-63
0.03048  1.3018200426811646e-63
0.0305  1.1779354861670945e-63
0.03053  1.0138584686581408e-63
0.03055  9.173770790345293e-64
0.0305799999999999  7.895937693149393e-64
0.0305999999999999  7.144539875242149e-64
0.0306300000000001  6.149362458501654e-64
0.0306500000000001  5.5641732495177703e-64
0.0306800000000001  4.789128298070986e-64
0.0307  4.3333824838716195e-64
0.03073  3.7297768687689115e-64
0.03075  3.374841671787127e-64
0.03078  2.904753146078923e-64
0.0308  2.6283293367298236e-64
0.0308299999999999  2.2622240247964857e-64
0.0308499999999999  2.04694494561578e-64
0.0308800000000001  1.761821841992695e-64
0.0309000000000001  1.5941623265479927e-64
0.0309300000000001  1.372108230176216e-64
0.03095  1.2415348682591445e-64
0.03098  1.068598964120473e-64
0.031  9.669083276106753e-65
0.03103  8.3222571004634e-65
0.03105  7.530289627014564e-65
0.0310799999999999  6.481380346765587e-65
0.0310999999999999  5.864595458276419e-65
0.0311300000000001  5.047704089439631e-65
0.0311500000000001  4.567351535298007e-65
0.0311800000000001  3.931155897568318e-65
0.0312  3.5570569522542913e-65
0.03123  3.0615872914034565e-65
0.03125  2.7702387398452263e-65
0.03128  2.3843665799864735e-65
0.0313  2.1574640998862044e-65
0.0313299999999999  1.8569465596237028e-65
0.0313499999999999  1.6802347304406792e-65
0.0313800000000001  1.4461914347552525e-65
0.0314000000000001  1.3085681238096329e-65
0.0314300000000001  1.1262950218585811e-65
0.03145  1.0191138795257427e-65
0.03148  8.771594449932871e-66
0.0315  7.936866874135858e-66
0.03153  6.831324626392508e-66
0.03155  6.181238136710498e-66
0.0315799999999999  5.320240968452179e-66
0.0315999999999999  4.813953101223431e-66
0.0316300000000001  4.143407832355005e-66
0.0316500000000001  3.74911044489799e-66
0.0316800000000001  3.226889264422362e-66
0.0317  2.919810150309231e-66
0.03173  2.5131038860179886e-66
0.03175  2.2739504314806658e-66
0.03178  1.9572072743705997e-66
0.0318  1.7709543767027014e-66
0.0318299999999999  1.524274557913653e-66
0.0318499999999999  1.3792206553605015e-66
0.0318800000000001  1.1871062193177915e-66
0.0319000000000001  1.0741381264219157e-66
0.0319300000000001  9.245192531936572e-67
0.03195  8.365396139846674e-67
0.03198  7.200163183521382e-67
0.032  6.514977064415098e-67
0.03203  5.607492725568351e-67
0.03205  5.0738692394587216e-67
0.0320799999999999  4.367119725742072e-67
0.0320999999999999  3.951533336894387e-67
0.0321300000000001  3.4011162621711216e-67
0.0321500000000001  3.0774572571029614e-67
0.0321800000000001  2.6487920082957592e-67
0.0322  2.3967261217017904e-67
0.03223  2.062881290255013e-67
0.03225  1.8665721803890453e-67
0.03228  1.606573564233954e-67
0.0323  1.4536878757462884e-67
0.0323299999999999  1.2512007498878615e-67
0.0323499999999999  1.1321332559731957e-67
0.0323800000000001  9.744361237912262e-68
0.0324000000000001  8.817062662922019e-68
0.0324300000000001  7.588916162616715e-68
0.03245  6.866735306276828e-68
0.03248  5.9102538501119944e-68
0.0325  5.347818833672456e-68
0.03253  4.602910326618006e-68
0.03255  4.164885495388115e-68
0.0325799999999999  3.5847501667793933e-68
0.0325999999999999  3.24361608521266e-68
0.0326300000000001  2.7918062370003636e-68
0.0326500000000001  2.5261307471440396e-68
0.0326800000000001  2.1742608835595157e-68
0.0327  1.967352604017538e-68
0.03273  1.6933160787184933e-68
0.03275  1.5321757485864261e-68
0.03278  1.3187558880934384e-68
0.0328  1.1932596728021245e-68
0.0328299999999999  1.0270481183276627e-68
0.0328499999999999  9.293115675862982e-69
0.0328800000000001  7.998658788048237e-69
0.0329000000000001  7.237485765527834e-69
0.0329300000000001  6.229361727652765e-69
0.03295  5.636559581664106e-69
0.03298  4.851431791533357e-69
0.033  4.389757016028637e-69
0.03303  3.7782988782639013e-69
0.03305  3.418746201576296e-69
0.0330799999999999  2.942542125071075e-69
0.0330999999999999  2.662522218911373e-69
0.0331300000000001  2.2916541112237345e-69
0.0331500000000001  2.0735743890310696e-69
0.0331800000000001  1.7847420163497982e-69
0.0332  1.6149013579350334e-69
0.03323  1.3899584799143327e-69
0.03325  1.257686442142879e-69
0.03328  1.0825007525940833e-69
0.0333  9.794871859991632e-70
0.0333299999999999  8.430524337960406e-70
0.0333499999999999  7.628253874649455e-70
0.0333800000000001  6.565698956099757e-70
0.0334000000000001  5.940890091038395e-70
0.0334300000000001  5.113371488421451e-70
0.03345  4.626769855044219e-70
0.03348  3.982297719319545e-70
0.0335  3.6033319861996075e-70
0.03353  3.1014165822297074e-70
0.03355  2.8062777725184953e-70
0.0335799999999999  2.4153856628722347e-70
0.0335999999999999  2.1855313267544e-70
0.0336300000000001  1.881104245662523e-70
0.0336500000000001  1.7020935087016716e-70
0.0336800000000001  1.4650054595608756e-70
0.0337  1.3255917574382952e-70
0.03373  1.1409473991104447e-70
0.03375  1.032371898725944e-70
0.03378  8.885707278705475e-71
0.0338  8.04012043148701e-71
0.0338299999999999  6.920195786802252e-71
0.0338499999999999  6.261652088033512e-71
0.0338800000000001  5.389453897763823e-71
0.0339000000000001  4.876579549476344e-71
0.0339300000000001  4.1973109159055815e-71
0.03395  3.7978839718440115e-71
0.03398  3.268869028103002e-71
0.034  2.9577950112864534e-71
0.03403  2.54579775884448e-71
0.03405  2.3035330709546507e-71
0.0340799999999999  1.982669288130523e-71
0.0340999999999999  1.7939933594912265e-71
0.0341300000000001  1.5441043941661842e-71
0.0341500000000001  1.3971634331952778e-71
0.0341800000000001  1.202549711320587e-71
0.0342  1.0881119758517405e-71
0.03423  9.365466568592443e-72
0.03425  8.474224588627092e-72
0.03428  7.29383269744865e-72
0.0343  6.59973274554592e-72
0.0343299999999999  5.680442616367732e-72
0.0343499999999999  5.13987703029564e-72
0.0343800000000001  4.4239331578150956e-72
0.0344000000000001  4.002940256080989e-72
0.0344300000000001  3.445362607561851e-72
0.03445  3.11749300602543e-72
0.03448  2.6832510967354797e-72
0.0345  2.427905994312233e-72
0.03453  2.089718055314738e-72
0.03455  1.890855089594179e-72
0.0345799999999999  1.627474057878358e-72
0.0345999999999999  1.4725994244512095e-72
0.0346300000000001  1.2674780707028734e-72
0.0346500000000001  1.146861584911961e-72
0.0346800000000001  9.871129139892032e-73
0.0347  8.931767004043793e-73
0.03473  7.68764310395081e-73
0.03475  6.956067136960643e-73
0.03478  5.987142469330205e-73
0.0348  5.4173905333623674e-73
0.0348299999999999  4.662791243476682e-73
0.0348499999999999  4.219067989588266e-73
0.0348800000000001  3.631385471714724e-73
0.0349000000000001  3.285813454119571e-73
0.0349300000000001  2.8281258490054694e-73
0.03495  2.558994091096116e-73
0.03498  2.202546625831068e-73
0.035  1.9929466020207534e-73
0.03503  1.7153450369484678e-73
0.03505  1.552108374273302e-73
0.0350799999999999  1.3359120580137599e-73
0.0350999999999999  1.2087832172963168e-73
0.0351300000000001  1.040409356894643e-73
0.0351500000000001  9.414013161930073e-74
0.0351800000000001  8.102716218643648e-74
0.0352  7.331640822359196e-74
0.03523  6.310401736088273e-74
0.03525  5.7098876136516205e-74
0.03528  4.91454581356056e-74
0.0353  4.446864944761724e-74
0.0353299999999999  3.8274521280431085e-74
0.0353499999999999  3.4632219011948834e-74
0.0353800000000001  2.980822714485407e-74
0.0354000000000001  2.6971599285979314e-74
0.0354300000000001  2.321467064238266e-74
0.03545  2.1005502644618985e-74
0.03548  1.8079603675041616e-74
0.0355  1.6359101908437733e-74
0.03553  1.408040949974266e-74
0.03555  1.274048137663658e-74
0.0355799999999999  1.0965833944370933e-74
0.0355999999999999  9.922296872836014e-75
0.0356300000000001  8.540200062898821e-75
0.0356500000000001  7.727492574423953e-75
0.0356800000000001  6.651114496572063e-75
0.0357  6.018177268142749e-75
0.03573  5.179893178230546e-75
0.03575  4.686961169092101e-75
0.03578  4.0341048634320625e-75
0.0358  3.6502090287142994e-75
0.0358299999999999  3.1417640266346605e-75
0.0358499999999999  2.842785649938382e-75
0.0358800000000001  2.44680828416621e-75
0.0359000000000001  2.2139636902739625e-75
0.0359300000000001  1.9055762077342446e-75
0.03595  1.724236655677852e-75
0.03598  1.484064242786427e-75
0.036  1.3428368576423315e-75
0.03603  1.155790394410308e-75
0.03605  1.0458023962690222e-75
0.0360799999999999  9.001304642336164e-76
0.0360999999999999  8.144717251526596e-76
0.0361300000000001  7.010223104108703e-76
0.0361500000000001  6.343112173377785e-76
0.0361800000000001  5.459567242985113e-76
0.0362  4.9400207277387657e-76
0.03623  4.2519152440699713e-76
0.03625  3.847292011151922e-76
0.03628  3.311394921634843e-76
0.0363  2.996274030989562e-76
0.0363299999999999  2.5789169580292086e-76
0.0363499999999999  2.3335005616323134e-76
0.0363800000000001  2.0084625463872752e-76
0.0364000000000001  1.8173320646950013e-76
0.0364300000000001  1.5641922038959976e-76
0.03645  1.4153396350859235e-76
0.03648  1.218194113269013e-76
0.0365  1.1022676161169138e-76
0.03653  9.48730529346856e-77
0.03655  8.584468825861276e-77
0.0365799999999999  7.388720791794579e-77
0.0365999999999999  6.685591043836055e-77
0.0366300000000001  5.7543415385398655e-77
0.0366500000000001  5.206743540229512e-77
0.0366800000000001  4.481485696275159e-77
0.0367  4.0550159463846815e-77
0.03673  3.49018456958418e-77
0.03675  3.158049594411424e-77
0.03678  2.718158475855816e-77
0.0368  2.4594914971060195e-77
0.0368299999999999  2.1169039495097693e-77
0.0368499999999999  1.9154539039046098e-77
0.0368800000000001  1.6486464535635178e-77
0.0369000000000001  1.4917570002965633e-77
0.0369300000000001  1.2839671490431622e-77
0.03695  1.1617815199838079e-77
0.03698  9.999546211132854e-78
0.037  9.04796357521251e-78
0.03703  7.787654419588745e-78
0.03705  7.046561117577251e-78
0.0370799999999999  6.065031360268305e-78
0.0370999999999999  5.487867316332485e-78
0.0371300000000001  4.723451172724885e-78
0.0371500000000001  4.273955363347335e-78
0.0371800000000001  3.6786274721176866e-78
0.0372  3.3285597837888377e-78
0.03723  2.864917955914702e-78
0.03725  2.5922849661146597e-78
0.03728  2.231200347501635e-78
0.0373  2.0188735615543845e-78
0.0373299999999999  1.7376605778243531e-78
0.0373499999999999  1.572300310661515e-78
0.0373800000000001  1.3532914187205702e-78
0.0374000000000001  1.2245087131653483e-78
0.0374300000000001  1.0539444166233925e-78
0.03745  9.536483446914194e-79
0.03748  8.208127369804528e-79
0.0375  7.427020776204053e-79
0.03753  6.392496023153417e-79
0.03755  5.784169596395474e-79
0.0375799999999999  4.9784809086152695e-79
0.0375999999999999  4.5047158110929115e-79
0.0376300000000001  3.8772448301317545e-79
0.0376500000000001  3.508276201189709e-79
0.0376800000000001  3.0196013098661667e-79
0.0377  2.7322482527187167e-79
0.03773  2.3516678646884133e-79
0.03775  2.1278770787627537e-79
0.03778  1.8314807745431428e-79
0.0378  1.657192335220173e-79
0.0378299999999999  1.4263586613951525e-79
0.0378499999999999  1.2906226883700612e-79
0.0378800000000001  1.1108492424341205e-79
0.0379000000000001  1.005137960351297e-79
0.0379300000000001  8.6513025988197e-80
0.03795  7.828022306167853e-80
0.03798  6.7376412385519094e-80
0.038  6.0964699019437755e-80
0.03803  5.2472802726382685e-80
0.03805  4.747935533605198e-80
0.0380799999999999  4.0865859853279086e-80
0.0380999999999999  3.697695911546169e-80
0.0381300000000001  3.182636365458838e-80
0.0381500000000001  2.8797684714691416e-80
0.0381800000000001  2.4786396936508022e-80
0.0382  2.242765940645658e-80
0.03823  1.9303665343681547e-80
0.03825  1.7466678708206646e-80
0.03828  1.50337096858071e-80
0.0383  1.3603063055608355e-80
0.0383299999999999  1.1708264875780724e-80
0.0383499999999999  1.0594076159882905e-80
0.0383800000000001  9.11840585365638e-81
0.0384000000000001  8.250674809226467e-81
0.0384300000000001  7.101421619190271e-81
0.03845  6.425632002296374e-81
0.03848  5.530592717948573e-81
0.0385  5.004287235116953e-81
0.03853  4.307229939587236e-81
0.03855  3.8973428174233186e-81
0.0385799999999999  3.3544740498208553e-81
0.0385999999999999  3.0352536381086346e-81
0.0386300000000001  2.61246701679059e-81
0.0386500000000001  2.363857910176917e-81
0.0386800000000001  2.0345913584246708e-81
0.0387  1.8409743915162594e-81
0.03873  1.5845413431722578e-81
0.03875  1.433752297727225e-81
0.03878  1.2340420388715699e-81
0.0388  1.116607412200389e-81
0.0388299999999999  9.610729062167035e-82
0.0388499999999999  8.696147270054427e-82
0.0388800000000001  7.484843319495349e-82
0.0389000000000001  6.772566303615911e-82
0.0389300000000001  5.829201838389585e-82
0.03895  5.27447994066178e-82
0.03898  4.539786956421405e-82
0.039  4.107769108081695e-82
0.03903  3.53558963663834e-82
0.03905  3.19913379805055e-82
0.0390799999999999  2.753519977634491e-82
0.0390999999999999  2.4914879070732406e-82
0.0391300000000001  2.144443514782366e-82
0.0391500000000001  1.9403727330396454e-82
0.0391800000000001  1.6700942885649024e-82
0.0392  1.511163803942451e-82
0.03923  1.3006707397380553e-82
0.03925  1.1768955538595101e-82
0.03928  1.0129633906260608e-82
0.0393  9.165671789390414e-83
0.0393299999999999  7.888966818426451e-83
0.0393499999999999  7.13823236695639e-83
0.0393800000000001  6.1439335358087394e-83
0.0394000000000001  5.559260957125597e-83
0.0394300000000001  4.784900248826511e-83
0.03945  4.329556786710041e-83
0.03948  3.726484060706447e-83
0.0395  3.3718622158417996e-83
0.03953  2.90218870458129e-83
0.03955  2.6260089341064757e-83
0.0395799999999999  2.260226835750051e-83
0.0395999999999999  2.0451378142356746e-83
0.0396300000000001  1.7602664295993922e-83
0.0396500000000001  1.5927549312140551e-83
0.0396800000000001  1.3708968737863127e-83
0.0397  1.2404387876710177e-83
0.03973  1.067655558815437e-83
0.03975  9.660546991903052e-84
0.03978  8.31490985256001e-84
0.0398  7.523641562192202e-84
0.0398299999999999  6.475658304345186e-84
0.0398499999999999  5.8594179401868525e-84
0.0398800000000001  5.043247758321861e-84
0.0399000000000001  4.56331928015549e-84
0.0399300000000001  3.927685303404172e-84
0.03995  3.553916628791753e-84
0.03998  3.058884389950696e-84
0.04  2.767793053473505e-84
0.04003  2.3822615582184984e-84
0.04005  2.15555939742476e-84
0.0400799999999999  1.855307167022421e-84
0.0400999999999999  1.6787513466721878e-84
0.0401300000000001  1.444914674513614e-84
0.0401500000000001  1.3074128633691375e-84
0.0401800000000001  1.1253006799825664e-84
0.0402  1.0182141617900328e-84
0.04023  8.763850507616306e-85
0.04025  7.929859865364717e-85
0.04028  6.825293638052309e-85
0.0403  6.175781072792548e-85
0.0403299999999999  5.315544030010136e-85
0.0403499999999999  4.809703135570857e-85
0.0403800000000001  4.139749853018307e-85
0.0404000000000001  3.7458005683197426e-85
0.0404300000000001  3.22404042725039e-85
0.04045  2.917232415838221e-85
0.04048  2.510885209397684e-85
0.0405  2.271942889856093e-85
0.04053  1.955479367281436e-85
0.04055  1.7693909017134358e-85
0.0405799999999999  1.5229288625194503e-85
0.0405999999999999  1.3780030198145478e-85
0.0406300000000001  1.1860581906910457e-85
0.0406500000000001  1.0731898309052325e-85
0.0406800000000001  9.237030476784136e-86
0.0407  8.358010806936913e-86
0.04073  7.193806568577394e-86
0.04075  6.509225361361733e-86
0.04078  5.602542188872609e-86
0.0408  5.0693898086167655e-86
0.0408299999999999  4.363264243886555e-86
0.0408499999999999  3.948044752646956e-86
0.0408800000000001  3.398113609883027e-86
0.0409000000000001  3.0747403449592542e-86
0.0409300000000001  2.646453540342424e-86
0.04095  2.394610188396734e-86
0.04098  2.0610600895817677e-86
0.041  1.864924289874141e-86
0.04103  1.6051552117235918e-86
0.04105  1.4524044973228645e-86
0.0410799999999999  1.2500961358420484e-86
0.0410999999999999  1.1311337598520559e-86
0.0411300000000001  9.735758495073838e-87
0.0411500000000001  8.80927857930382e-87
0.0411800000000001  7.582216339757372e-87
0.0412  6.860673055859479e-87
0.04123  5.905036022822695e-87
0.04125  5.3430975483002495e-87
0.04128  4.598846678639431e-87
0.0413  4.161208554643139e-87
0.0413299999999999  3.581585394551347e-87
0.0413499999999999  3.2407524808811626e-87
0.0413800000000001  2.789341509911e-87
0.0414000000000001  2.5239005698482657e-87
0.0414300000000001  2.1723413521722e-87
0.04145  1.9656157401931995e-87
0.04148  1.6918211461709214e-87
0.0415  1.5308230776799431e-87
0.04153  1.31759163345475e-87
0.04155  1.1922062116409515e-87
0.0415799999999999  1.0261413959033575e-87
0.0415999999999999  9.284911312090147e-88
0.0416300000000001  7.99159722670747e-88
0.0416500000000001  7.231096200597159e-88
0.0416800000000001  6.22386217815087e-88
0.0417  5.631583383492448e-88
0.04173  4.847148738074739e-88
0.04175  4.3858815489958305e-88
0.04178  3.7749632328761783e-88
0.0418  3.4157279848164765e-88
0.0418299999999999  2.939944321831234e-88
0.0418499999999999  2.660171629335269e-88
0.0418800000000001  2.2896309400262827e-88
0.0419000000000001  2.0717437480285815e-88
0.0419300000000001  1.7831663690369353e-88
0.04195  1.6134756532887263e-88
0.04198  1.38873136455323e-88
0.042  1.2565761022479065e-88
0.04203  1.0815450741898761e-88
0.04205  9.786224524195113e-89
0.0420799999999999  8.42308150706527e-89
0.0420999999999999  7.621519322759423e-89
0.0421300000000001  6.559902473570362e-89
0.0421500000000001  5.935645216752977e-89
0.0421800000000001  5.1088571832884995e-89
0.0422  4.6226851428434904e-89
0.04223  3.9787819749470904e-89
0.04225  3.600150809139059e-89
0.04228  3.098678517759097e-89
0.0423  2.8038002693327312e-89
0.0423299999999999  2.413253256118491e-89
0.0423499999999999  2.1836018453332023e-89
0.0423800000000001  1.8794435256129355e-89
0.0424000000000001  1.700590827059971e-89
0.0424300000000001  1.4637120894857946e-89
0.04245  1.3244214677989932e-89
0.04248  1.1399401214832021e-89
0.0425  1.0314604762384354e-89
0.04253  8.87786259265605e-90
0.04255  8.033022266017205e-90
0.0425799999999999  6.914086339164205e-90
0.0425999999999999  6.256124031207253e-90
0.0426300000000001  5.384695855159337e-90
0.0426500000000001  4.872274294491197e-90
0.0426800000000001  4.19360534859932e-90
0.0427  3.794531035890254e-90
0.04273  3.265983129383253e-90
0.04275  2.9551837421400788e-90
0.04278  2.543550218661603e-90
0.0428  2.3014994124986437e-90
0.0428299999999999  1.9809189020760562e-90
0.0428499999999999  1.7924095446931876e-90
0.0428800000000001  1.5427411921362893e-90
0.0429000000000001  1.3959299569903261e-90
0.0429300000000001  1.201488048512255e-90
0.04295  1.0871513436174242e-90
0.04298  9.357198330327569e-91
0.043  8.466743177263797e-91
0.04303  7.287393387013346e-91
0.04305  6.593906216517707e-91
0.0430799999999999  5.675427676358113e-91
0.0430999999999999  5.135339324925876e-91
0.0431300000000001  4.4200275186085513e-91
0.0431500000000001  3.9994062875856737e-91
0.0431800000000001  3.4423208926894986e-91
0.0432  3.1147407485939277e-91
0.04323  2.6808822068110105e-91
0.04325  2.425762534069365e-91
0.04328  2.0878731619865517e-91
0.0433  1.8891857610785506e-91
0.0433299999999999  1.626037253509682e-91
0.0433499999999999  1.471299350096034e-91
0.0433800000000001  1.2663590863353934e-91
0.0434000000000001  1.1458490859861004e-91
0.0434300000000001  9.86241448087593e-92
0.04345  8.923881654480598e-92
0.04348  7.680856120684867e-92
0.0435  6.949926020546033e-92
0.04353  5.981856761447997e-92
0.04355  5.4126078270897386e-92
0.0435799999999999  4.658674730039062e-92
0.0435999999999999  4.2153432141979396e-92
0.0436300000000001  3.628179527825778e-92
0.0436500000000001  3.282912596128822e-92
0.0436800000000001  2.825629057394356e-92
0.0437  2.556734900621341e-92
0.04373  2.200602122569166e-92
0.04375  1.991187142709891e-92
0.04378  1.7138306562854134e-92
0.0438  1.5507381059842204e-92
0.0438299999999999  1.3347326571675425e-92
0.0438499999999999  1.2077160512797615e-92
0.0438800000000001  1.0394908385920251e-92
0.0439000000000001  9.405702064636477e-93
0.0439300000000001  8.095562790910204e-93
0.04395  7.325168133278757e-93
0.04398  6.304830640967821e-93
0.044  5.704846678327197e-93
0.04403  4.910207040318187e-93
0.04405  4.44293906038365e-93
0.0440799999999999  3.824073088044486e-93
0.0440999999999999  3.4601644193669906e-93
0.0441300000000001  2.978191115488368e-93
0.0441500000000001  2.6947787593561447e-93
0.0441800000000001  2.3194175728786422e-93
0.0442  2.0986958079917686e-93
0.04423  1.8063642220283879e-93
0.04425  1.6344659386926638e-93
0.04428  1.4067978706278376e-93
0.0443  1.2729233529574218e-93
0.0443299999999999  1.0956152832687053e-93
0.0443499999999999  9.913537040735973e-94
0.0443800000000001  8.53266040553818e-94
0.0444000000000001  7.720670410324873e-94
0.0444300000000001  6.645242605515506e-94
0.04445  6.012864161400143e-94
0.04448  5.175320144877585e-94
0.0445  4.682823317400417e-94
0.04453  4.0305433814757655e-94
0.04455  3.646986466576582e-94
0.0445799999999999  3.138990341698201e-94
0.0445999999999999  2.8402759160221116e-94
0.0446300000000001  2.444648136165703e-94
0.0446500000000001  2.2120091075346088e-94
0.0446800000000001  1.9038938827799003e-94
0.0447  1.7227144251099138e-94
0.04473  1.4827540467946024e-94
0.04475  1.3416513432839678e-94
0.04478  1.154770012745898e-94
0.0448  1.0448791167583863e-94
0.0448299999999999  8.993357901943418e-95
0.0448499999999999  8.137526743468054e-95
0.0448800000000001  7.004034176467973e-95
0.0449000000000001  6.337512200070935e-95
0.0449300000000001  5.454747301292139e-95
0.04495  4.935659464142351e-95
0.04498  4.248161469705124e-95
0.045  3.843895455647744e-95
0.04503  3.3084714792200265e-95
0.04505  2.9936287909031636e-95
0.0450799999999999  2.5766401787872844e-95
0.0450999999999999  2.331440446581679e-95
0.0451300000000001  2.0066893889307856e-95
0.0451500000000001  1.8157276454802993e-95
0.0451800000000001  1.5628112674803747e-95
0.0452  1.414090112145179e-95
0.04523  1.2171186389071532e-95
0.04525  1.1012944866721649e-95
0.04528  9.478929490716664e-96
0.0453  8.576890086125271e-96
0.0453299999999999  7.382197710052548e-96
0.0453499999999999  6.679688715395149e-96
0.0453800000000001  5.7492613573711365e-96
0.0454000000000001  5.202146802217646e-96
0.0454300000000001  4.47752924720281e-96
0.04545  4.05143600322158e-96
0.04548  3.4871032839484504e-96
0.0455  3.15526153187256e-96
0.04553  2.7157587681898435e-96
0.04555  2.4573201518174995e-96
0.0455799999999999  2.115035055300366e-96
0.0455999999999999  1.9137628584935913e-96
0.0456300000000001  1.6471909572897587e-96
0.0456500000000001  1.4904400128062542e-96
0.0456800000000001  1.2828336074054012e-96
0.0457  1.1607558490950595e-96
0.04573  9.990718179981525e-97
0.04575  9.039975642299201e-97
0.04578  7.780779142015112e-97
0.0458  7.040340109169242e-97
0.0458299999999999  6.059676888710123e-97
0.0458499999999999  5.483022390112832e-97
0.0458800000000001  4.719281106082443e-97
0.0459000000000001  4.27018213101355e-97
0.0459300000000001  3.6753798209510935e-97
0.04595  3.3256211874925753e-97
0.04598  2.8623886826430156e-97
0.046  2.5899963850179993e-97
0.04603  2.2292305474970444e-97
0.04605  2.0170912128041826e-97
0.0460799999999999  1.7361264960382826e-97
0.0460999999999999  1.570912216059151e-97
0.0461300000000001  1.352096674624284e-97
0.0461500000000001  1.223427664002051e-97
0.0461800000000001  1.053013948985605e-97
0.0462  9.528064227565044e-98
0.04623  8.200880880555444e-98
0.04625  7.420463881582085e-98
0.04628  6.386852451651711e-98
0.0463  5.779063081729205e-98
0.0463299999999999  4.974085690710419e-98
0.0463499999999999  4.5007388534721816e-98
0.0463800000000001  3.8738218309856904e-98
0.0464000000000001  3.505178943480445e-98
0.0464300000000001  3.0169354754506735e-98
0.04645  2.729836105989367e-98
0.04648  2.349591710758088e-98
0.0465  2.1259984970010534e-98
0.04653  1.8298638642364804e-98
0.04655  1.6557292942730503e-98
0.0465799999999999  1.425099410382167e-98
0.0465999999999999  1.2894832709347757e-98
0.0466300000000001  1.109868536759125e-98
0.0466500000000001  1.0042505811604807e-98
0.0466800000000001  8.643664855342964e-99
0.0467  7.82111139008096e-99
0.04673  6.731692957951325e-99
0.04675  6.091087675083563e-99
0.04678  5.2426477470487536e-99
0.0468  4.743743851111662e-99
0.0468299999999999  4.082978170771195e-99
0.0468499999999999  3.694431425937814e-99
0.0468800000000001  3.1798265966568954e-99
0.0469000000000001  2.877226087521114e-99
0.0469300000000001  2.4764514435076708e-99
0.04695  2.2407859300360644e-99
0.04698  1.9286623234430168e-99
0.047  1.745125837007424e-99
0.04703  1.5020437277777366e-99
0.04705  1.3591053684195228e-99
0.0470799999999999  1.1697928314013915e-99
0.0470999999999999  1.058472325202216e-99
0.0471300000000001  9.110355731258136e-100
0.0471500000000001  8.243390757260765e-100
0.0471800000000001  7.095152177562898e-100
0.0472  6.419959176921549e-100
0.04723  5.525710071899437e-100
0.04725  4.999869234272813e-100
0.04728  4.303427331020831e-100
0.0473  3.8939020749062916e-100
0.0473299999999999  3.3515125752916233e-100
0.0473499999999999  3.03257398514194e-100
0.0473800000000001  2.6101606181081807e-100
0.0474000000000001  2.3617709943480973e-100
0.0474300000000001  2.0327951333247936e-100
0.04745  1.839349099834622e-100
0.04748  1.5831424416578548e-100
0.0475  1.4324865192928466e-100
0.04753  1.2329525732767134e-100
0.04755  1.1156216229645e-100
0.0475799999999999  9.602244295582993e-101
0.0475999999999999  8.688469935765886e-101
0.0476300000000001  7.478235376635527e-101
0.0476500000000001  6.766587189659908e-101
0.0476800000000001  5.82405556731603e-101
0.0477  5.269823402030769e-101
0.04773  4.535779036479291e-101
0.04775  4.104142592149578e-101
0.04778  3.5324682654489345e-101
0.0478  3.196309464602796e-101
0.0478299999999999  2.7510890513079248e-101
0.0478499999999999  2.4892883139724743e-101
0.0478800000000001  2.142550307455649e-101
0.0479000000000001  1.9386596882102767e-101
0.0479300000000001  1.6686198572163387e-101
0.04795  1.5098296832879013e-101
0.04798  1.2995224514492082e-101
0.048  1.175856539649069e-101
0.04803  1.0120691028075151e-101
0.04805  9.157579938583274e-102
0.0480799999999999  7.882002097892701e-102
0.0480999999999999  7.131930427211289e-102
0.0481300000000001  6.1385094060031856e-102
0.0481500000000001  5.554353001517248e-102
0.0481800000000001  4.780675932286466e-102
0.0482  4.325734467038854e-102
0.04823  3.723194159677117e-102
0.04825  3.3688853902888256e-102
0.04828  2.8996265270834196e-102
0.0483  2.623690580034753e-102
0.0483299999999999  2.2582314099083414e-102
0.0483499999999999  2.043332278269179e-102
0.0483800000000001  1.7587123903913591e-102
0.0484000000000001  1.5913487783894866e-102
0.0484300000000001  1.3696865868341338e-102
0.04845  1.2393436747500894e-102
0.04848  1.0667129863893386e-102
0.0485  9.652018243899624e-103
0.04853  8.307569091125009e-103
0.04855  7.516999366568512e-103
0.0485799999999999  6.4699413135909e-103
0.0485999999999999  5.854244993033808e-103
0.0486300000000001  5.038795361445756e-103
0.0486500000000001  4.559290584861915e-103
0.0486800000000001  3.9242177732304065e-103
0.0487  3.55077907774236e-103
0.04873  3.056183874736042e-103
0.04875  2.7653495262593107e-103
0.04878  2.380158394854765e-103
0.0488  2.1536563765168897e-103
0.0488299999999999  1.853669221747712e-103
0.0488499999999999  1.677269272498936e-103
0.0488800000000001  1.4436390414510847e-103
0.0489000000000001  1.3062586228424406e-103
0.0489300000000001  1.1243072159545253e-103
0.04895  1.017315238363988e-103
0.04898  8.756113401986384e-104
0.049  7.922859042683468e-104
0.04903  6.819267974129406e-104
0.04905  6.170328826606246e-104
0.0490799999999999  5.31085123822815e-104
0.0490999999999999  4.8054569219714647e-104
0.0491300000000001  4.136095103103827e-104
0.0491500000000001  3.742493613843451e-104
0.0491800000000001  3.221194105154972e-104
0.0492  2.914656957102503e-104
0.04923  2.5086684915208972e-104
0.04925  2.2699371205759472e-104
0.04928  1.9537529856631458e-104
0.0493  1.767828807027448e-104
0.0493299999999999  1.5215843551632453e-104
0.0493499999999999  1.376786459249829e-104
0.0493800000000001  1.1850110873091889e-104
0.0494000000000001  1.0722423725848072e-104
0.0494300000000001  9.228875627446671e-105
0.04945  8.350631994117924e-105
0.04948  7.187455565527544e-105
0.0495  6.5034787361601656e-105
0.04953  5.597596022723777e-105
0.04955  5.064914332409912e-105
0.0495799999999999  4.359412165816889e-105
0.0495999999999999  3.944559248272328e-105
0.0496300000000001  3.395113608465922e-105
0.0496500000000001  3.072025831422985e-105
0.0496800000000001  2.6441171368895677e-105
0.0497  2.3924961231289602e-105
0.04973  2.0592404967431112e-105
0.04975  1.8632778541881345e-105
0.04978  1.6037381113958838e-105
0.0498  1.4511222519213673e-105
0.0498299999999999  1.2489924969972094e-105
0.0498499999999999  1.1301351461292473e-105
0.0498800000000001  9.72716334710796e-106
0.0499000000000001  8.801501367810989e-106
0.0499300000000001  7.575522431790931e-106
0.04995  6.854616157458552e-106
0.04998  5.899822802056789e-106
