1e-08  0.00019999000024999584
2.99999999999727e-05  0.00017214159528503506
4.99999999999545e-05  0.00015576015661431642
8.00000000000409e-05  0.00013406400920710045
0.000100000000000023  0.00012130613194251275
0.000129999999999995  0.00010440915535220584
0.000149999999999977  9.447331054821381e-05
0.00017999999999995  8.131393194814016e-05
0.000200000000000045  7.357588823427191e-05
0.000230000000000018  6.332735387580496e-05
0.00025  5.730095937203802e-05
0.000279999999999973  4.931939278832796e-05
0.000299999999999955  4.4626032029696016e-05
0.000330000000000041  3.8409981724142956e-05
0.000350000000000023  3.4754788690085035e-05
0.000379999999999995  2.9913723844527774e-05
0.000399999999999977  2.7067056647325662e-05
0.00042999999999995  2.3296831554705223e-05
0.000450000000000045  2.1079844912368134e-05
0.000480000000000018  1.814359065788087e-05
0.0005  1.641699972477976e-05
0.000529999999999973  1.4130242612087835e-05
0.000549999999999954  1.2785572241344466e-05
0.000580000000000041  1.1004644011279192e-05
0.000600000000000023  9.957413673571646e-06
0.000629999999999995  8.570425373408251e-06
0.000649999999999977  7.754841566345296e-06
0.00067999999999995  6.6746539920668874e-06
0.000700000000000045  6.039476684462342e-06
0.000730000000000018  5.198225755750604e-06
0.00075  4.703549171201823e-06
0.000779999999999973  4.048382289161427e-06
0.000799999999999955  3.6631277777476603e-06
0.000830000000000041  3.1528832969702537e-06
0.000850000000000023  2.8528467817995222e-06
0.000879999999999995  2.455467980613751e-06
0.000899999999999977  2.2217993076487186e-06
0.00092999999999995  1.9123203861091804e-06
0.000950000000000045  1.7303390406237387e-06
0.000980000000000018  1.4893166141847358e-06
0.001  1.3475893998170937e-06
0.00102999999999997  1.1598809453686026e-06
0.00104999999999995  1.049503679836539e-06
0.00108000000000004  9.033161885223547e-07
0.00110000000000002  8.173542876927317e-07
0.00113  7.035033549824266e-07
0.00114999999999998  6.365561593019975e-07
0.00117999999999995  5.478889637538111e-07
0.00120000000000005  4.957504353331481e-07
0.00123000000000002  4.266963540074993e-07
0.00125  3.86090827245542e-07
0.00127999999999997  3.323114546348368e-07
0.00129999999999995  3.0068783859558965e-07
0.00133000000000004  2.588044210931184e-07
0.00135000000000002  2.3417592415821147e-07
0.00138  2.0155708580970235e-07
0.00139999999999998  1.8237639311092163e-07
0.00142999999999995  1.569728162622257e-07
0.00145000000000005  1.4203487776847442e-07
0.00148000000000002  1.2225055222590235e-07
0.0015  1.1061687402956678e-07
0.00152999999999997  9.520882580446821e-08
0.00154999999999995  8.614850811515905e-08
0.00158000000000004  7.4148708091803e-08
0.00160000000000002  6.709252558049573e-08
0.00163  5.7747071925640735e-08
0.00164999999999998  5.2251711460338724e-08
0.00167999999999995  4.4973464835780926e-08
0.00170000000000005  4.069367380211874e-08
0.00173000000000002  3.502536963152822e-08
0.00175  3.169226502315027e-08
0.00177999999999997  2.727778529640641e-08
0.00179999999999995  2.4681960817342103e-08
0.00183000000000004  2.1243960549287534e-08
0.00185000000000002  1.9222330412277036e-08
0.00188  1.6544813111326483e-08
0.00189999999999998  1.4970365977541618e-08
0.00192999999999995  1.2885113406874318e-08
0.00195000000000005  1.165893274617087e-08
0.00198000000000002  1.0034936411234065e-08
0.002  9.079985952496976e-09
0.00202999999999997  7.8152163351428e-09
0.00204999999999995  7.071500170083772e-09
0.00208000000000004  6.086496601679518e-09
0.00210000000000002  5.507289869948896e-09
0.00213  4.740168319550404e-09
0.00214999999999998  4.28908166331827e-09
0.00217999999999995  3.6916467991570322e-09
0.00220000000000005  3.3403401580483033e-09
0.00223000000000002  2.875057418005541e-09
0.00225  2.601459530813526e-09
0.00227999999999997  2.2390969685185276e-09
0.00229999999999995  2.026018719726651e-09
0.00233000000000004  1.743810472454428e-09
0.00235000000000002  1.5778649654398887e-09
0.00238  1.358080961475895e-09
0.00239999999999998  1.2288424706657672e-09
0.00242999999999995  1.0576745162720585e-09
0.00245000000000005  9.570234784255645e-10
0.00248000000000002  8.237177415070602e-10
0.0025  7.453306344157347e-10
0.00252999999999997  6.415120221156682e-10
0.00254999999999995  5.804640817302266e-10
0.00258000000000004  4.99610065173228e-10
0.00260000000000002  4.52065881396167e-10
0.00263  3.890967099873437e-10
0.00264999999999998  3.5206926243126975e-10
0.00267999999999995  3.0302882242872595e-10
0.00270000000000005  2.741918172767489e-10
0.00273000000000002  2.3599908420061485e-10
0.00275  2.1354080200695672e-10
0.00277999999999997  1.8379627157961934e-10
0.00279999999999995  1.6630574382075535e-10
0.00283000000000004  1.4314068023176204e-10
0.00285000000000002  1.295190435168314e-10
0.00288  1.1147807385389202e-10
0.00289999999999998  1.008695325135879e-10
0.00292999999999995  8.681921121272474e-11
0.00295000000000005  7.85572709096013e-11
0.00298000000000002  6.761486967808807e-11
0.003  6.118046410036521e-11
0.00302999999999997  5.265851345257926e-11
0.00304999999999995  4.764739335004833e-11
0.00308000000000004  4.101049151223041e-11
0.00310000000000002  3.7107827252315976e-11
0.00313  3.193900290387466e-11
0.00314999999999998  2.8899604922187847e-11
0.00317999999999995  2.4874120472063643e-11
0.00320000000000005  2.2507034943846246e-11
0.00323000000000002  1.9371984501848883e-11
0.00325  1.752849643888729e-11
0.00327999999999997  1.5086916699690783e-11
0.00329999999999995  1.3651206752673195e-11
0.00333000000000004  1.1749702539848146e-11
0.00335000000000002  1.0631570508847795e-11
0.00338  9.1506775388916e-12
0.00339999999999998  8.279875437571195e-12
0.00342999999999995  7.126554832924491e-12
0.00345000000000005  6.448373474511869e-12
0.00348000000000002  5.550166484480966e-12
0.0035  5.021998311487968e-12
0.00352999999999997  4.3224740042915335e-12
0.00354999999999995  3.911136217571089e-12
0.00358000000000004  3.366346139346853e-12
0.00360000000000002  3.0459959489422257e-12
0.00363  2.6217130094132514e-12
0.00364999999999998  2.372224030269013e-12
0.00367999999999995  2.0417921447200374e-12
0.00370000000000005  1.8474899323936612e-12
0.00373000000000002  1.5901493211764492e-12
0.00375  1.4388266060650782e-12
0.00377999999999997  1.2384095365329939e-12
0.00379999999999995  1.1205592875077373e-12
0.00383000000000004  9.644743168146554e-13
0.00385000000000002  8.726924505886544e-13
0.00388  7.511333531876586e-13
0.00389999999999998  6.79653563899085e-13
0.00392999999999995  5.849832436537462e-13
0.00395000000000005  5.293147277816924e-13
0.00398000000000002  4.555854082410293e-13
0.004  4.1223072448771203e-13
0.00402999999999997  3.548102726941076e-13
0.00404999999999995  3.2104561103720366e-13
0.00408000000000004  2.763265182158535e-13
0.00410000000000002  2.5003057327732395e-13
0.00413  2.1520330876994434e-13
0.00414999999999998  1.9472400626021156e-13
0.00417999999999995  1.6760050538963167e-13
0.00420000000000005  1.516512085582006e-13
0.00423000000000002  1.305274048405629e-13
0.00425  1.1810607997888093e-13
0.00427999999999997  1.0165484510213432e-13
0.00429999999999995  9.198110757306964e-14
0.00433000000000004  7.916887296851672e-14
0.00435000000000002  7.163495860565657e-14
0.00438  6.165678026277367e-14
0.00439999999999998  5.578936185738432e-14
0.00442999999999995  4.801834875032162e-14
0.00445000000000005  4.3448798701569586e-14
0.00448000000000002  3.739672760853314e-14
0.0045  3.383795845230265e-14
0.00452999999999997  2.9124600745840986e-14
0.00454999999999995  2.6353028540197613e-14
0.00458000000000004  2.2682261867495082e-14
0.00460000000000002  2.0523759263401766e-14
0.00463  1.766496330423935e-14
0.00464999999999998  1.5983919785909533e-14
0.00467999999999995  1.3757487254272659e-14
0.00470000000000005  1.2448289245812487e-14
0.00473000000000002  1.0714341846718689e-14
0.00475  9.694737412540523e-15
0.00477999999999997  8.344337820321313e-15
0.00479999999999995  7.55026908856011e-15
0.00483000000000004  6.498576828676315e-15
0.00485000000000002  5.880155478568368e-15
0.00488  5.061096723023808e-15
0.00489999999999998  4.579469691291584e-15
0.00492999999999995  3.941586091092043e-15
0.00495000000000005  3.566494581628396e-15
0.00498000000000002  3.0697103342847724e-15
0.005  2.7775887729928078e-15
0.00502999999999997  2.390692812143959e-15
0.00504999999999995  2.163188311457687e-15
0.00508000000000004  1.861873434180246e-15
0.00510000000000002  1.6846927508935645e-15
0.00513  1.45002848851971e-15
0.00514999999999998  1.3120400336308928e-15
0.00517999999999995  1.1292833223352766e-15
0.00520000000000005  1.0218178056124122e-15
0.00523000000000002  8.79486735743885e-16
0.00525  7.957925071674492e-16
0.00527999999999997  6.849449584984216e-16
0.00529999999999995  6.197638277445224e-16
0.00533000000000004  5.334356700391978e-16
0.00535000000000002  4.826725543665955e-16
0.00538  4.1544011754482804e-16
0.00539999999999998  3.7590576330785594e-16
0.00542999999999995  3.2354508886326904e-16
0.00545000000000005  2.9275570282510943e-16
0.00548000000000002  2.5197716856553343e-16
0.0055  2.279983706088714e-16
0.00552999999999997  1.9624001619500166e-16
0.00554999999999995  1.7756530956923824e-16
0.00558000000000004  1.5283187828255926e-16
0.00560000000000002  1.3828800213879052e-16
0.00563  1.1902558648475444e-16
0.00564999999999998  1.0769880435509198e-16
0.00567999999999995  9.269721995988305e-17
0.00570000000000005  8.387591316757017e-17
0.00573000000000002  7.219266749327404e-17
0.00575  6.532262685574905e-17
0.00577999999999997  5.622370597578936e-17
0.00579999999999995  5.0873312947551375e-17
0.00583000000000004  4.3787066241105935e-17
0.00585000000000002  3.9620175960975714e-17
0.00588  3.4101401476979567e-17
0.00589999999999998  3.085622406384099e-17
0.00592999999999995  2.6558198174110654e-17
0.00595000000000005  2.4030851463537637e-17
0.00598000000000002  2.068354553495573e-17
0.006  1.871524593768038e-17
0.00602999999999997  1.610836145932059e-17
0.00604999999999995  1.4575448191643087e-17
0.00608000000000004  1.2545204518511745e-17
0.00610000000000002  1.1351370465264335e-17
0.00613  9.770215102809818e-18
0.00614999999999998  8.840456207283272e-18
0.00617999999999995  7.609051172846247e-18
0.00620000000000005  6.884954216938253e-18
0.00623000000000002  5.925935011840984e-18
0.00625  5.362007735563616e-18
0.00627999999999997  4.615122827653161e-18
0.00629999999999995  4.1759358232929274e-18
0.00633000000000004  3.5942612721457595e-18
0.00635000000000002  3.2522220892353196e-18
0.00638  2.7992134933108883e-18
0.00639999999999998  2.5328331098191006e-18
0.00642999999999995  2.180029660575105e-18
0.00645000000000005  1.9725724093156035e-18
0.00648000000000002  1.6978088067741894e-18
0.0065  1.5362409370404216e-18
0.00652999999999997  1.3222548282215952e-18
0.00654999999999995  1.1964256447537267e-18
0.00658000000000004  1.0297730956385656e-18
0.00660000000000002  9.317772290205884e-19
0.00663  8.0198809326933915e-19
0.00664999999999998  7.256688356094824e-19
0.00667999999999995  6.245889550522597e-19
0.00670000000000005  5.651514574229828e-19
0.00673000000000002  4.864303672922809e-19
0.00675  4.401403975950741e-19
0.00677999999999997  3.7883235095703367e-19
0.00679999999999995  3.427816863084885e-19
0.00683000000000004  2.9503493157801643e-19
0.00685000000000002  2.6695864571949454e-19
0.00688  2.297734357464233e-19
0.00689999999999998  2.0790760233406545e-19
0.00692999999999995  1.7894773168836607e-19
0.00695000000000005  1.6191860350421204e-19
0.00698000000000002  1.3936463356770263e-19
0.007  1.2610233520294002e-19
0.00702999999999997  1.085372857550132e-19
0.00704999999999995  9.82085974032069e-20
0.00708000000000004  8.452892313841969e-20
0.00710000000000002  7.648493256193525e-20
0.00713  6.583119153239694e-20
0.00714999999999998  5.95665253724106e-20
0.00717999999999995  5.1269383515967124e-20
0.00720000000000005  4.6390456604859944e-20
0.00723000000000002  3.992863602980947e-20
0.00725  3.6128923930913936e-20
0.00727999999999997  3.109645300699646e-20
0.00729999999999995  2.813723424892999e-20
0.00733000000000004  2.4217941952583556e-20
0.00735000000000002  2.1913300066522598e-20
0.00738  1.8860952157053655e-20
0.00739999999999998  1.7066095251489863e-20
0.00742999999999995  1.4688924309389342e-20
0.00745000000000005  1.3291088345826863e-20
0.00748000000000002  1.1439745754625031e-20
0.0075  1.0351110011603758e-20
0.00752999999999997  8.90928295184197e-21
0.00754999999999995  8.06145258269727e-21
0.00758000000000004  6.938556539496828e-21
0.00760000000000002  6.278265584095448e-21
0.00763  5.403753266346422e-21
0.00764999999999998  4.8895181532247585e-21
0.00767999999999995  4.208447275356302e-21
0.00770000000000005  3.807960566571966e-21
0.00773000000000002  3.2775420335610666e-21
0.00775  2.965642671152015e-21
0.00777999999999997  2.5525523022874384e-21
0.00779999999999995  2.3096448346037364e-21
0.00783000000000004  1.9879297318514823e-21
0.00785000000000002  1.798753205805589e-21
0.00787999999999999  1.5482012318572583e-21
0.00789999999999998  1.4008704052338715e-21
0.00792999999999995  1.2057403317227862e-21
0.00795000000000005  1.0909989685773155e-21
0.00798000000000002  9.39031514526148e-22
0.008  8.496708510583197e-22
0.00802999999999997  7.313184788418784e-22
0.00804999999999995  6.617243241573356e-22
0.00808000000000004  5.695514039964371e-22
0.00810000000000002  5.153514218309461e-22
0.00812999999999999  4.435670794319567e-22
0.00814999999999998  4.0135609087898253e-22
0.00817999999999995  3.4545038880637268e-22
0.00820000000000005  3.1257643786692293e-22
0.00823000000000002  2.690370333146307e-22
0.00825  2.4343477458048872e-22
0.00827999999999997  2.0952625222069558e-22
0.00829999999999995  1.8958719307014405e-22
0.00833000000000004  1.631792093034353e-22
0.00835000000000002  1.4765065442328535e-22
0.00838  1.2708409598651426e-22
0.00839999999999998  1.149904452858829e-22
0.00842999999999995  9.89731934702435e-23
0.00845000000000005  8.95546488343446e-23
0.00848000000000002  7.708040057767647e-23
0.0085  6.974523063988909e-23
0.00852999999999997  6.003027632936735e-23
0.00854999999999996  5.431764023785256e-23
0.00858000000000004  4.6751626213287177e-23
0.00860000000000002  4.23026207518175e-23
0.00863  3.641020310477717e-23
0.00864999999999998  3.294531416749469e-23
0.00867999999999995  2.835629468979641e-23
0.00870000000000005  2.565783647216956e-23
0.00873000000000002  2.2083904509409277e-23
0.00875  1.9982343136448533e-23
0.00877999999999997  1.719896212520635e-23
0.00879999999999995  1.55622644822715e-23
0.00883000000000004  1.3394565171121573e-23
0.00885000000000002  1.2119903765153221e-23
0.00888  1.0431697844172447e-23
0.00889999999999998  9.438990543053208e-24
0.00892999999999995  8.124214449807809e-24
0.00895000000000004  7.35109322633123e-24
0.00898000000000002  6.32714457534814e-24
0.009  5.725037161098801e-24
0.00902999999999997  4.927585149888349e-24
0.00904999999999995  4.458663424177748e-24
0.00908000000000004  3.8376071733827634e-24
0.00910000000000002  3.4724105662002775e-24
0.00913  2.9887314717515313e-24
0.00914999999999998  2.7043160681027343e-24
0.00917999999999995  2.3276264105908075e-24
0.00920000000000004  2.1061234715103486e-24
0.00923000000000002  1.812757271265173e-24
0.00925  1.6402506088576514e-24
0.00927999999999997  1.411776782380051e-24
0.00929999999999995  1.2774284586120053e-24
0.00933000000000004  1.0994928636392371e-24
0.00935000000000002  9.94862283884388e-25
0.00938  8.562859031838295e-25
0.00939999999999998  7.74799525737522e-25
0.00942999999999995  6.668761319327328e-25
0.00945000000000005  6.034144773675209e-25
0.00948000000000002  5.193636537606609e-25
0.0095  4.699396674905646e-25
0.00952999999999997  4.0448082024772937e-25
0.00954999999999995  3.6598938103806103e-25
0.00958000000000004  3.150099795461883e-25
0.00960000000000002  2.8503281654816145e-25
0.00963  2.4533001874592753e-25
0.00964999999999998  2.2198378072880037e-25
0.00967999999999995  1.9106321071029694e-25
0.00970000000000005  1.7288114226067933e-25
0.00973000000000002  1.4880017811726428e-25
0.00975  1.346399689709295e-25
0.00977999999999997  1.1588569523891959e-25
0.00979999999999995  1.0485771326729638e-25
0.00983000000000004  9.025187019881204e-26
0.00985000000000002  8.166326920361825e-26
0.00987999999999999  7.028822718451159e-26
0.00989999999999998  6.359941800396148e-26
0.00992999999999995  5.474052637200933e-26
0.00995000000000005  4.9531276544353567e-26
0.00998000000000002  4.263196480424691e-26
0.01  3.857499695927846e-26
0.01003  3.320180757342313e-26
0.01005  3.0042237838863124e-26
0.01008  2.585759373756822e-26
0.0101  2.339691835412416e-26
0.01013  2.0137914251160385e-26
0.01015  1.822153833564962e-26
0.0101799999999999  1.5683423388236536e-26
0.0102  1.4190948324569448e-26
0.01023  1.2214262415992839e-26
0.01025  1.1051921667700527e-26
0.01028  9.512477134214852e-27
0.0103  8.607245249248997e-27
0.01033  7.408324641075307e-27
0.01035  6.703329340202796e-27
0.01038  5.769609031716634e-27
0.0104  5.2205581393354245e-27
0.0104299999999999  4.493376031918999e-27
0.01045  4.0657747669842536e-27
0.01048  3.4994447722910585e-27
0.0105  3.1664285723192732e-27
0.01053  2.7253703289754294e-27
0.01055  2.4660170516619204e-27
0.01058  2.122520546365622e-27
0.0106  1.9205360109017544e-27
0.01063  1.6530206635946924e-27
0.01065  1.495714949207108e-27
0.0106799999999999  1.2873737872414e-27
0.0107  1.1648639736941105e-27
0.01073  1.0026077136087038e-27
0.01075  9.07196974884635e-28
0.01078  7.80831672471895e-28
0.0108  7.065257144401635e-28
0.01083  6.081123179680622e-28
0.01085  5.502427796660869e-28
0.01088  4.73598349428894e-28
0.0109  4.28529507683332e-28
0.01093  3.6883876539654747e-28
0.01095  3.3373911615298495e-28
0.01098  2.8725191931792137e-28
0.011  2.599162850015014e-28
0.01103  2.237120197035628e-28
0.01105  2.024230062921797e-28
0.01108  1.74227096127619e-28
0.0111  1.576471958120186e-28
0.01113  1.3568819889644758e-28
0.01115  1.2277575954741032e-28
0.01118  1.056740755541004e-28
0.0112  9.561785767771036e-29
0.01123  8.229905279188079e-29
0.01125  7.446726243501043e-29
0.01128  6.40945667603521e-29
0.0113  5.799516229757035e-29
0.01133  4.99168987835843e-29
0.01135  4.5166677811700363e-29
0.01138  3.8875319861151787e-29
0.0114  3.517584404848634e-29
0.01143  3.027612955001614e-29
0.01145  2.7394974890158975e-29
0.01148  2.357907340192387e-29
0.0115  2.1335227896677133e-29
0.01153  1.8363400829516313e-29
0.01155  1.6615892192939152e-29
0.01158  1.4301430945881491e-29
0.0116  1.2940469851291054e-29
0.01163  1.1137965619694207e-29
0.01165  1.0078048053497306e-29
0.01168  8.674256346440171e-30
0.0117  7.84879171589495e-30
0.01173  6.755517635169709e-30
0.01175  6.112645134503342e-30
0.01178  5.261202424322818e-30
0.0118  4.76053281738885e-30
0.01183  4.0974285679598134e-30
0.01185  3.7075066860195574e-30
0.01188  3.191080577306248e-30
0.0119  2.88740911031448e-30
0.0119299999999999  2.4852160524512925e-30
0.01195  2.248716476160426e-30
0.01198  1.9354882077497432e-30
0.012  1.75130215253931e-30
0.01203  1.5073597318209487e-30
0.01205  1.3639154877922513e-30
0.01208  1.173932939512466e-30
0.0121  1.0622184499358302e-30
0.01213  9.142598925656248e-31
0.01215  8.272565606029183e-31
0.0121799999999999  7.120263202612513e-31
0.0122  6.442680571985053e-31
0.01223  5.545266557866298e-31
0.01225  5.017564674540886e-31
0.01228  4.318657937605976e-31
0.0123  3.907683297643861e-31
0.01233  3.36337418362505e-31
0.01235  3.0433068122001104e-31
0.01238  2.6193984479693354e-31
0.0124  2.37012972846797e-31
0.0124299999999999  2.0399895624555557e-31
0.01245  1.8458588885116843e-31
0.01248  1.5887454686970892e-31
0.0125  1.4375563478122026e-31
0.01253  1.237316215122448e-31
0.01255  1.1195700093854122e-31
0.01258  9.636228372443094e-32
0.0126  8.719220000126254e-32
0.01263  7.504702202313517e-32
0.01265  6.790535363870133e-32
0.0126799999999999  5.844667951882371e-32
0.0127  5.288474258856164e-32
0.01273  4.551831977716071e-32
0.01275  4.118667894050119e-32
0.01278  3.5449703086547627e-32
0.0128  3.207621781097287e-32
0.01283  2.760825652345209e-32
0.01285  2.498098354915461e-32
0.01288  2.1501331799700405e-32
0.0129  1.9455209549975497e-32
0.01293  1.674525404268501e-32
0.01295  1.5151732432339405e-32
0.01298  1.3041216961172695e-32
0.013  1.1800181083194165e-32
0.01303  1.0156509981565383e-32
0.01305  9.189990267975994e-33
0.01308  7.90989792691566e-33
0.0131  7.157171617118295e-33
0.01313  6.160234699496798e-33
0.01315  5.57401085998816e-33
0.01318  4.797595607871679e-33
0.0132  4.341044022607356e-33
0.01323  3.736371216270449e-33
0.01325  3.380808484154002e-33
0.01328  2.9098888290768834e-33
0.0133  2.632976294873624e-33
0.01333  2.2662236987358102e-33
0.01335  2.0505640002559952e-33
0.01338  1.7649367911904243e-33
0.0134  1.5969808491374015e-33
0.01343  1.374534155050635e-33
0.01345  1.2437299358582632e-33
0.01348  1.0704882763118265e-33
0.0135  9.686178479757497e-34
0.01353  8.336971078603971e-34
0.01355  7.543603385004635e-34
0.01358  6.49283960446052e-34
0.0136  5.874964223421627e-34
0.01363  5.056628568310883e-34
0.01365  4.575426737717252e-34
0.0136799999999999  3.938106288703712e-34
0.0137  3.563345926220039e-34
0.01373  3.0670002614593492e-34
0.01375  2.7751365976944667e-34
0.01378  2.388582205304711e-34
0.0138  2.1612785554145956e-34
0.01383  1.8602296919217583e-34
0.01385  1.683205431392298e-34
0.01388  1.448748340761323e-34
0.0139  1.310881708038382e-34
0.0139299999999999  1.1282863422588942e-34
0.01395  1.0209157007342582e-34
0.01398  8.787102868795609e-35
0.014  7.950899471817324e-35
0.01403  6.843402595146911e-35
0.01405  6.192166734773351e-35
0.01408  5.329647299973374e-35
0.0141  4.82246430195019e-35
0.01413  4.1507334907136033e-35
0.01415  3.7557389746927574e-35
0.0141799999999999  3.232594492890114e-35
0.0142  2.924972454502473e-35
0.01423  2.5175471224138797e-35
0.01425  2.2779708380288152e-35
0.01428  1.9606676703550912e-35
0.0143  1.7740854724706657e-35
0.01433  1.5269695170153324e-35
0.01435  1.3816591551957577e-35
0.01438  1.1892050555776889e-35
0.0144  1.0760372320042318e-35
0.0144299999999999  9.261538285168515e-36
0.01445  8.380186388988946e-36
0.01448  7.212893268931448e-36
0.0145  6.526495722028827e-36
0.01453  5.617406926054277e-36
0.01455  5.0828399790282254e-36
0.01458  4.374840912841804e-36
0.0146  3.9585197558938246e-36
0.01463  3.407129528733969e-36
0.01465  3.082898285693737e-36
0.01468  2.6534751450037592e-36
0.0147  2.4009635990278085e-36
0.01473  2.066528520789437e-36
0.01475  1.8698723310487692e-36
0.01478  1.6094140302302054e-36
0.0148  1.4562580356643345e-36
0.01483  1.2534129070293899e-36
0.01485  1.1341348985294096e-36
0.01488  9.761589535062808e-37
0.0149  8.832651470833125e-37
0.01493  7.602333573928655e-37
0.01495  6.878875882081732e-37
0.01498  5.920703340545668e-37
0.015  5.357273923616178e-37
0.01503  4.6110483979504494e-37
0.01505  4.172249126840356e-37
0.01508  3.591088103103957e-37
0.0151  3.2493508871522083e-37
0.01513  2.7967422267757674e-37
0.01515  2.5305970153879037e-37
0.01518  2.1781050362618013e-37
0.0152  1.9708309372222874e-37
0.01523  1.6963099078524858e-37
0.01525  1.5348846772100467e-37
0.01528  1.3210874845672985e-37
0.0153  1.1953693885355018e-37
0.01533  1.0288639674868447e-37
0.01535  9.30954615851022e-38
0.01538  8.01280063552707e-38
0.0154  7.250281838287149e-38
0.01543  6.240375409543533e-38
0.01545  5.646525173146416e-38
0.01548  4.860009255612043e-38
0.0155  4.3975182264788286e-38
0.01553  3.7849790140048805e-38
0.01555  3.424790638352536e-38
0.01558  2.9477446200158766e-38
0.0156  2.667229631004534e-38
0.01563  2.295705818362853e-38
0.01565  2.0772405252575854e-38
0.01568  1.7878974890425956e-38
0.0157  1.6177565476982868e-38
0.01573  1.3924159645177722e-38
0.01575  1.2599100661663004e-38
0.01578  1.0844146435275664e-38
0.0158  9.812189461298602e-39
0.01583  8.44542973553367e-39
0.01585  7.641740836104339e-39
0.01588  6.57730729140815e-39
0.0159  5.951393747186791e-39
0.01593  5.1224120690499285e-39
0.01595  4.6349501106754016e-39
0.01598  3.9893385305904996e-39
0.016  3.609702775690846e-39
0.01603  3.106899971560853e-39
0.01605  2.8112393483630942e-39
0.01608  2.4196561307760493e-39
0.0161  2.1893954059062928e-39
0.01613  1.8844300894119395e-39
0.01615  1.7051028565727574e-39
0.01618  1.467595629277336e-39
0.0162  1.3279354399161716e-39
0.01623  1.1429646253133604e-39
0.01625  1.0341971604749703e-39
0.01628  8.901417452169725e-40
0.0163  8.054335584281417e-40
0.01633  6.9324308821950554e-40
0.01635  6.2727228601581585e-40
0.01638  5.398982599641977e-40
0.0164  4.885201475481077e-40
0.01643  4.20473187639006e-40
0.01645  3.8045987345662995e-40
0.01648  3.2746484779378764e-40
0.0165  2.963024473752668e-40
0.01653  2.5502987989015663e-40
0.01655  2.307605780418348e-40
0.01658  1.986174701650603e-40
0.0166  1.7971651888098843e-40
0.01663  1.5468344129621257e-40
0.01665  1.399633656353807e-40
0.0166799999999999  1.2046758520972993e-40
0.0167  1.0900357875814539e-40
0.01673  9.382024969601353e-41
0.01675  8.489207249442798e-41
0.01678  7.3067283931208e-41
0.0168  6.611401253521498e-41
0.01683  5.690485794252547e-41
0.01685  5.148964473441811e-41
0.01688  4.431754792620652e-41
0.0169  4.0100175639233835e-41
0.0169299999999999  3.451454102875132e-41
0.01695  3.123004818913618e-41
0.01698  2.6879951580528675e-41
0.017  2.432198598505662e-41
0.01703  2.0934127339836582e-41
0.01705  1.894198173101383e-41
0.01708  1.6303514765181238e-41
0.0171  1.4752030205037817e-41
0.01713  1.2697190065939538e-41
0.01715  1.1488892675576633e-41
0.0171799999999999  9.888581566165094e-42
0.0172  8.94755861236241e-42
0.01723  7.701235067191005e-42
0.01725  6.968365653885039e-42
0.01728  5.997727900945232e-42
0.0173  5.42696862797355e-42
0.01733  4.67103518590536e-42
0.01735  4.226527417169749e-42
0.01738  3.637805860537232e-42
0.0174  3.2916228621646096e-42
0.0174299999999999  2.833126052849551e-42
0.01745  2.563518462629537e-42
0.01748  2.2064407884981313e-42
0.0175  1.996470186113859e-42
0.01753  1.7183778138830083e-42
0.01755  1.554852544324187e-42
0.01758  1.3382739870646347e-42
0.0176  1.2109203790802429e-42
0.01763  1.0422488290900287e-42
0.01765  9.430657394648291e-43
0.0176799999999999  8.11704204250973e-43
0.0177  7.344603363830224e-43
0.01773  6.321558698926948e-43
0.01775  5.719982851099771e-43
0.01778  4.923234864956089e-43
0.0178  4.4547271235915085e-43
0.01783  3.8342191680722984e-43
0.01785  3.469344972222494e-43
0.01788  2.9860928905620968e-43
0.0179  2.7019285811117583e-43
0.0179299999999999  2.3255714814948724e-43
0.01795  2.1042640947728473e-43
0.01798  1.811156890875833e-43
0.018  1.6388025247981108e-43
0.01803  1.4105304048792498e-43
0.01805  1.2763006896121643e-43
0.01808  1.0985221838660012e-43
0.0181  9.939839765045276e-44
0.01813  8.555299370161514e-44
0.01815  7.74115499262166e-44
0.0181799999999999  6.662873848895398e-44
0.0182  6.028817570130865e-44
0.01823  5.189051371023141e-44
0.01825  4.695247844612495e-44
0.01828  4.0412372711505114e-44
0.0183  3.656662698098537e-44
0.01833  3.1473187513494104e-44
0.01835  2.8478117727071367e-44
0.01838  2.451134308126237e-44
0.0184  2.217878038624315e-44
0.0184299999999999  1.9089453185828492e-44
0.01845  1.7272851532374392e-44
0.01848  1.486688108952076e-44
0.0185  1.3452110299289482e-44
0.01853  1.1578338634348065e-44
0.01855  1.047651403504956e-44
0.01858  9.017219195096301e-45
0.0186  8.159117334355276e-45
0.01863  7.022617370267503e-45
0.01865  6.354326969167363e-45
0.01868  5.469219907175181e-45
0.0187  4.948754819479149e-45
0.01873  4.259432746497747e-45
0.01875  3.8540941286388046e-45
0.01878  3.317249558412383e-45
0.0188  3.001571525414805e-45
0.01883  2.583476553734873e-45
0.01885  2.3376262544379144e-45
0.01888  2.0120135630953047e-45
0.0189  1.820545157484523e-45
0.01893  1.566957738488933e-45
0.01895  1.41784199426576e-45
0.01898  1.2203479137749786e-45
0.019  1.1042164554057122e-45
0.01903  9.504079108675223e-46
0.01905  8.599646401502996e-46
0.01908  7.401784252208738e-46
0.0191  6.697411351627819e-46
0.01913  5.764515371745676e-46
0.01915  5.215949205199061e-46
0.01918  4.489409085542747e-46
0.0192  4.0621853254697e-46
0.01923  3.496355311348571e-46
0.01925  3.1636331124569272e-46
0.01928  2.7229642543741714e-46
0.0193  2.463839945332081e-46
0.01933  2.120646693582019e-46
0.01935  1.9188404787872594e-46
0.01938  1.6515613055794383e-46
0.0194  1.494394467468606e-46
0.01943  1.2862372380757165e-46
0.01945  1.1638355814821419e-46
0.01948  1.001722568228969e-46
0.0195  9.06396062224643e-47
0.01953  7.80142320557031e-47
0.01955  7.059019630333898e-47
0.01958  6.075754501569415e-47
0.0196  5.497570015820537e-47
0.01963  4.731802363571873e-47
0.01965  4.2815118333108493e-47
0.01968  3.6851313860889514e-47
0.0197  3.334444768512023e-47
0.01973  2.8699832092070873e-47
0.01975  2.596868196825476e-47
0.01978  2.235145170732295e-47
0.0198  2.022442985220908e-47
0.01983  1.7407328092445306e-47
0.01985  1.575080180607335e-47
0.01988  1.3556840749577464e-47
0.0199  1.226673678057225e-47
0.01993  1.055807819174526e-47
0.01995  9.553344210440608e-48
0.01998  8.22263956346033e-48
0.02  7.440151952041712e-48
0.02003  6.403798130936912e-48
0.02005  5.79439616642041e-48
0.02008  4.987282999004723e-48
0.0201  4.512680271834097e-48
0.02013  3.8840999050236387e-48
0.02015  3.514478929455275e-48
0.02018  3.024940047559979e-48
0.0202  2.7370789423477596e-48
0.02023  2.355825677783764e-48
0.02025  2.1316392236286576e-48
0.02028  1.8347188826376925e-48
0.0203  1.6601222965877436e-48
0.02033  1.428880502514128e-48
0.02035  1.2929045445768156e-48
0.02038  1.1128132542734813e-48
0.0204  1.006915071753002e-48
0.02043  8.666598338404256e-49
0.02045  7.841862463676489e-49
0.02048  6.749553572514572e-49
0.0205  6.107248627449419e-49
0.02053  5.256557607656671e-49
0.02055  4.756330013469438e-49
0.02058  4.093811181102967e-49
0.0206  3.704233539035972e-49
0.02063  3.1882633535895086e-49
0.02065  2.8848599808805763e-49
0.0206799999999999  2.4830219964146077e-49
0.0207  2.2467312121611824e-49
0.02073  1.9337794751902852e-49
0.02075  1.7497560273820707e-49
0.02078  1.5060289695655616e-49
0.0208  1.3627113643090674e-49
0.02083  1.1728965408258803e-49
0.02085  1.0612806776242041e-49
0.02088  9.134527444569506e-50
0.0209  8.265262227922932e-50
0.0209299999999999  7.113977126821508e-50
0.02095  6.436992695396884e-50
0.02098  5.540370957117977e-50
0.021  5.013134951799935e-50
0.02103  4.314845239909427e-50
0.02105  3.9042334261044187e-50
0.02108  3.3604048516733853e-50
0.0211  3.0406200495436754e-50
0.02113  2.617085929920218e-50
0.02115  2.368037275607262e-50
0.0211799999999999  2.0381885715880353e-50
0.0212  1.8442292845852117e-50
0.02123  1.5873428555991606e-50
0.02125  1.4362872109981592e-50
0.02128  1.2362238589434087e-50
0.0213  1.1185816046408107e-50
0.02133  9.627721093966944e-51
0.02135  8.711522296235318e-51
0.02138  7.498076727174538e-51
0.0214  6.784540386052166e-51
0.0214299999999999  5.839508026655911e-51
0.02145  5.2838053654369983e-51
0.02148  4.5478134239091163e-51
0.0215  4.1150317561991667e-51
0.02153  3.5418406558030164e-51
0.02155  3.2047899540916094e-51
0.02158  2.758388276253566e-51
0.0216  2.495892925825917e-51
0.02163  2.1482349495612604e-51
0.02165  1.9438033650956315e-51
0.0216799999999999  1.6730470609405015e-51
0.0217  1.5138355828733098e-51
0.02173  1.302970361175127e-51
0.02175  1.1789763373830735e-51
0.02178  1.0147543376020057e-51
0.0218  9.181876947765946e-52
0.02183  7.90291472749558e-52
0.02185  7.150852956985399e-52
0.02188  6.1547961783200965e-52
0.0219  5.5690898825287796e-52
0.0219299999999999  4.7933600833229656e-52
0.02195  4.3372115615084515e-52
0.02198  3.7330725864332835e-52
0.022  3.3778237604490846e-52
0.02203  2.9073198535765943e-52
0.02205  2.6306517897149444e-52
0.02208  2.264222978604526e-52
0.0221  2.0487536738181915e-52
0.02213  1.7633786287854738e-52
0.02215  1.5955709654900479e-52
0.0221799999999999  1.3733206569501903e-52
0.0222  1.2426319173696469e-52
0.02223  1.0695432030404122e-52
0.02225  9.677627103169883e-53
0.02228  8.329610840565598e-53
0.0223  7.536943566221757e-53
0.02233  6.487107445312643e-53
0.02235  5.869777551338576e-53
0.02238  5.052164358277828e-53
0.0224  4.5713873534374365e-53
0.0224299999999999  3.934629558434171e-53
0.02245  3.5602000505796913e-53
0.02248  3.064292581202904e-53
0.0225  2.772686587282358e-53
0.02253  2.386473461800684e-53
0.02255  2.1593704853870817e-53
0.02258  1.8585874008295255e-53
0.0226  1.6817194249607628e-53
0.02263  1.447469323172661e-53
0.02265  1.3097244050658348e-53
0.02268  1.127290242358721e-53
0.0227  1.0200143922729729e-53
0.02273  8.779345234977258e-54
0.02275  7.943880074463058e-54
0.02278  6.837360943854397e-54
0.0228  6.18670002261716e-54
0.02283  5.32494205721572e-54
0.02285  4.81820682224219e-54
0.02288  4.1470690439694014e-54
0.0229  3.7524232461622034e-54
0.02293  3.229740618894598e-54
0.02295  2.922390162526384e-54
0.02298  2.5153245231126368e-54
0.023  2.2759597470157502e-54
0.02303  1.9589367082788573e-54
0.02305  1.772519233214863e-54
0.02308  1.5256214423948728e-54
0.0231  1.380439366836881e-54
0.02313  1.1881551740076362e-54
0.02315  1.0750872598751419e-54
0.02318  9.253361799275016e-55
0.0232  8.372787998608635e-55
0.02323  7.206525415318406e-55
0.02325  6.5207338498071715e-55
0.02328  5.612447636674036e-55
0.0233  5.078352628430043e-55
0.02333  4.3709786143889325e-55
0.02335  3.955025003734101e-55
0.02338  3.404121567674416e-55
0.0234  3.0801765699750597e-55
0.02343  2.651132542575132e-55
0.02345  2.398843924694805e-55
0.02348  2.064704100183597e-55
0.0235  1.8682215270183695e-55
0.02353  1.6079931700337486e-55
0.02355  1.4549723881927619e-55
0.02358  1.2523063399957186e-55
0.0236  1.1331336352718112e-55
0.02363  9.752971582339507e-56
0.02365  8.824853624742217e-56
0.02368  7.595621905599275e-56
0.0237  6.872802913439862e-56
0.02373  5.915476287995031e-56
0.02375  5.352544290882321e-56
0.02378  4.6069775653309235e-56
0.0238  4.168565685163529e-56
0.02383  3.587917735472016e-56
0.02385  3.246482219889944e-56
0.02388  2.7942731419814273e-56
0.0239  2.5283628950776812e-56
0.02393  2.17618211109053e-56
0.02395  1.9690910025752103e-56
0.02398  1.6948123322232878e-56
0.024  1.53352961474441e-56
0.02403  1.3199211714945896e-56
0.02405  1.194314064826153e-56
0.0240799999999999  1.027955641953009e-56
0.0240999999999999  9.301327289202633e-57
0.0241300000000001  8.005726589148757e-57
0.0241500000000001  7.243880976427232e-57
0.0241800000000001  6.23486613668462e-57
0.0242  5.641540176920388e-57
0.02423  4.8557186295977815e-57
0.02425  4.3936359075143267e-57
0.02428  3.7816374711051073e-57
0.0243  3.4217670853028495e-57
0.0243299999999999  2.9451422237903317e-57
0.0243499999999999  2.664874885523143e-57
0.0243800000000001  2.2936790701422875e-57
0.0244000000000001  2.0754066476306797e-57
0.0244300000000001  1.7863190559413054e-57
0.02445  1.6163283223671768e-57
0.02448  1.3911866795831728e-57
0.0245  1.2587977631600294e-57
0.02453  1.0834572754578519e-57
0.02455  9.803526836775778e-58
0.0245799999999999  8.437973745514177e-58
0.0245999999999999  7.634994377346307e-58
0.0246300000000001  6.571500560535859e-58
0.0246500000000001  5.946139599817161e-58
0.0246800000000001  5.11788978249943e-58
0.0247  4.6308581765917984e-58
0.02473  3.985816570285794e-58
0.02475  3.606515974222259e-58
0.02478  3.104157066117469e-58
0.0248  2.8087574648838263e-58
0.0248299999999999  2.4175199538701223e-58
0.0248499999999999  2.187462513110297e-58
0.0248800000000001  1.8827664331629517e-58
0.0249000000000001  1.7035975181479478e-58
0.0249300000000001  1.4662999724878418e-58
0.02495  1.3267630811727837e-58
0.02498  1.1419555667916948e-58
0.025  1.0332841265675791e-58
0.02503  8.893558896501092e-59
0.02505  8.047224869060832e-59
0.0250799999999999  6.926310632890156e-59
0.0250999999999999  6.267185029579377e-59
0.0251300000000001  5.394216144685362e-59
0.0251500000000001  4.880888608685019e-59
0.0251800000000001  4.201019757537315e-59
0.0252  3.801239870530083e-59
0.02523  3.2717574768701778e-59
0.02525  2.960408587811032e-59
0.02528  2.5480472850061824e-59
0.0253  2.305568526398544e-59
0.0253299999999999  1.984421220866769e-59
0.0253499999999999  1.795578573784864e-59
0.0253800000000001  1.5454688007530155e-59
0.0254000000000001  1.398397999328517e-59
0.0254300000000001  1.2036123122388907e-59
0.02545  1.0890734569230767e-59
0.02548  9.373742112864984e-60
0.0255  8.481712610739622e-60
0.02553  7.300277697808552e-60
0.02555  6.605564423030626e-60
0.0255799999999999  5.68546198769484e-60
0.0255999999999999  5.144418745287423e-60
0.0256300000000001  4.4278422481351065e-60
0.0256500000000001  4.006477347273131e-60
0.0256800000000001  3.448407010164271e-60
0.0257  3.120247695415667e-60
0.02573  2.6856220798661536e-60
0.02575  2.430051348566468e-60
0.02578  2.0915645788336156e-60
0.0258  1.8925258931672888e-60
0.0258299999999999  1.6289121318408665e-60
0.0258499999999999  1.4739006475823483e-60
0.0258800000000001  1.2685980438309162e-60
0.0259000000000001  1.1478749785054092e-60
0.0259300000000001  9.8798514993837e-61
0.02595  8.93965932128542e-61
0.02598  7.694436084352936e-61
0.026  6.96221367980867e-61
0.02603  5.992432847786942e-61
0.02605  5.422177465745439e-61
0.0260799999999999  4.666911394361666e-61
0.0260999999999999  4.222796056276834e-61
0.0261300000000001  3.6345942484501123e-61
0.0261500000000001  3.288716875375874e-61
0.0261800000000001  2.8306248468397716e-61
0.0262  2.5612552778441843e-61
0.02623  2.2044928473012548e-61
0.02625  1.9947076160308197e-61
0.02628  1.716860755753528e-61
0.0263  1.5534798533632975e-61
0.0263299999999999  1.3370925010060958e-61
0.0263499999999999  1.2098513262856063e-61
0.0263800000000001  1.0413286868214147e-61
0.0264000000000001  9.42233160310244e-62
0.0264300000000001  8.109875967312355e-62
0.02645  7.33811923085838e-62
0.02648  6.315977753957881e-62
0.0265  5.714933003263841e-62
0.02653  4.918888420643971e-62
0.02655  4.450794298142495e-62
0.0265799999999999  3.8308341538403497e-62
0.0265999999999999  3.4662820846848918e-62
0.0266300000000001  2.9834566388245796e-62
0.0266500000000001  2.6995432018962135e-62
0.0266800000000001  2.323518366576164e-62
0.0267  2.1024063595729344e-62
0.02673  1.8095579233711828e-62
0.02675  1.637355719169703e-62
0.02678  1.4092851277345423e-62
0.0268  1.275173916255808e-62
0.0268299999999999  1.097552361051108e-62
0.0268499999999999  9.931064445327613e-63
0.0268800000000001  8.547746382476219e-63
0.0269000000000001  7.73432076674582e-63
0.0269300000000001  6.656991576168247e-63
0.02695  6.023495069670154e-63
0.02698  5.184470252422081e-63
0.027  4.691102677085862e-63
0.02703  4.037669492396836e-63
0.02705  3.6534344383828336e-63
0.0270799999999999  3.144540162463697e-63
0.0270999999999999  2.8452976015140447e-63
0.0271300000000001  2.448970340923774e-63
0.0271500000000001  2.215920000128061e-63
0.0271800000000001  1.9072600192300804e-63
0.0272  1.7257602313242042e-63
0.02723  1.485375596497887e-63
0.02725  1.344023419548779e-63
0.02728  1.1568116777077423e-63
0.0273  1.0467264916108964e-63
0.0273299999999999  9.009258404653708e-64
0.0273499999999999  8.151914113285675e-64
0.0273800000000001  7.016417500429964e-64
0.0274000000000001  6.348717094951225e-64
0.0274300000000001  5.464391443690764e-64
0.02745  4.9443858450493584e-64
0.02748  4.2556723353571085e-64
0.0275  3.8506915679316104e-64
0.02753  3.3143209472715244e-64
0.02755  2.998921608471594e-64
0.0275799999999999  2.581195749086271e-64
0.0275999999999999  2.335562497048629e-64
0.0276300000000001  2.0102372706469696e-64
0.0276500000000001  1.818937901611817e-64
0.0276800000000001  1.5655743605391836e-64
0.0277  1.4165902621342658e-64
0.02773  1.2192705379450193e-64
0.02775  1.1032416054414929e-64
0.02778  9.495688497275011e-65
0.0278  8.59205426234813e-65
0.0278299999999999  7.3952496374834836e-65
0.0278499999999999  6.691498587711959e-65
0.0278800000000001  5.75942620867493e-65
0.0279000000000001  5.211344340026089e-65
0.0279300000000001  4.485445641358008e-65
0.02795  4.0585990528690135e-65
0.02798  3.4932685779155247e-65
0.028  3.16084012054725e-65
0.02803  2.7205603039593433e-65
0.02805  2.461664761045782e-65
0.0280799999999999  2.1187744951176e-65
0.0280999999999999  1.917146443562664e-65
0.0281300000000001  1.6501032359476661e-65
0.0281500000000001  1.4930751515076762e-65
0.0281800000000001  1.2851016923047014e-65
0.0282  1.1628080971791967e-65
0.02823  1.0008382042937727e-65
0.02825  9.055958566449287e-66
0.02828  7.794535772317688e-66
0.0283  7.052787623013101e-66
0.0283299999999999  6.070390563162199e-66
0.0283499999999999  5.49271652364157e-66
0.0283800000000001  4.727624924135284e-66
0.0284000000000001  4.2777319297970437e-66
0.0284300000000001  3.681877992984345e-66
0.02845  3.3315009766970997e-66
0.02848  2.8674494641111294e-66
0.0285  2.594575569454851e-66
0.02853  2.2331718880673644e-66
0.02855  2.0206574852293744e-66
0.0285799999999999  1.7391960151608008e-66
0.0285999999999999  1.5736896318165374e-66
0.0286300000000001  1.3544872185205512e-66
0.0286500000000001  1.2255907175688512e-66
0.0286800000000001  1.0548757064439844e-66
0.0287  9.544910105681275e-67
0.02873  8.215380262220202e-67
0.02875  7.433583464650743e-67
0.02878  6.398144581446274e-67
0.0288  5.7892806232966454e-67
0.0288299999999999  4.9828800102369736e-67
0.0288499999999999  4.508696282845845e-67
0.0288800000000001  3.8806708539195445e-67
0.0289000000000001  3.511376195707983e-67
0.0289300000000001  3.022269499874833e-67
0.02895  2.7346625308769894e-67
0.02898  2.3537458531565472e-67
0.029  2.1297573204830294e-67
0.02903  1.833099113589391e-67
0.02905  1.65865666894424e-67
0.0290799999999999  1.4276190251116463e-67
0.0290999999999999  1.2917631126210432e-67
0.0291300000000001  1.1118308146834797e-67
0.0291500000000001  1.006026123651023e-67
0.0291800000000001  8.658947091183874e-68
0.0292  7.834939328900852e-68
0.02923  6.743594775191314e-68
0.02925  6.101856884664931e-68
0.02928  5.25191689163523e-68
0.0293  4.752130919966691e-68
0.0293299999999999  4.090196987833549e-68
0.0293499999999999  3.7009632817297886e-68
0.0293800000000001  3.1854486170379e-68
0.0294000000000001  2.8823131019268083e-68
0.0294300000000001  2.4808298773828407e-68
0.02945  2.244747700838653e-68
0.02948  1.932072251173627e-68
0.0295  1.7482112672108786e-68
0.02953  1.5046993821645528e-68
0.02955  1.3615083038780853e-68
0.0295799999999999  1.1718610571174123e-68
0.0295999999999999  1.0603437332190155e-68
0.0296300000000001  9.126463089330172e-69
0.0296500000000001  8.257965297549813e-69
0.0296800000000001  7.10769660064261e-69
0.0297  6.431309840311571e-69
0.02973  5.535479678417103e-69
0.02975  5.008709139809483e-69
0.02978  4.3110359082270876e-69
0.0298  3.900786600260528e-69
0.0298299999999999  3.357438141177919e-69
0.0298499999999999  3.037935658878897e-69
0.0298800000000001  2.6147754534605644e-69
0.0299000000000001  2.365946670053008e-69
0.0299300000000001  2.036389170710975e-69
0.02995  1.8426011193434083e-69
0.02998  1.5859414807886023e-69
0.03  1.4350191946328937e-69
0.03003  1.235132467143587e-69
0.03005  1.1175940725025943e-69
0.0300799999999999  9.619221326088339e-70
0.0300999999999999  8.703831388214262e-70
0.0301300000000001  7.491457101287305e-70
0.0301500000000001  6.778550700855804e-70
0.0301800000000001  5.83435265682839e-70
0.0302  5.279140593918421e-70
0.03023  4.543798417854877e-70
0.03025  4.111398828487708e-70
0.03028  3.5387137659439886e-70
0.0303  3.201960627145084e-70
0.0303299999999999  2.7559530519841483e-70
0.0303499999999999  2.4936894437856735e-70
0.0303800000000001  2.146338394991148e-70
0.0304000000000001  1.9420872915551916e-70
0.0304300000000001  1.671570022755328e-70
0.03045  1.5124991034569808e-70
0.03048  1.3018200426811646e-70
0.0305  1.1779354861670945e-70
0.03053  1.0138584686581408e-70
0.03055  9.173770790345293e-71
0.0305799999999999  7.895937693149393e-71
0.0305999999999999  7.144539875242149e-71
0.0306300000000001  6.149362458501654e-71
0.0306500000000001  5.56417324951777e-71
0.0306800000000001  4.7891282980709866e-71
0.0307  4.33338248387162e-71
0.03073  3.729776868768912e-71
0.03075  3.3748416717871267e-71
0.03078  2.904753146078923e-71
0.0308  2.6283293367298236e-71
0.0308299999999999  2.2622240247964855e-71
0.0308499999999999  2.04694494561578e-71
0.0308800000000001  1.7618218419926952e-71
0.0309000000000001  1.5941623265479928e-71
0.0309300000000001  1.372108230176216e-71
0.03095  1.2415348682591444e-71
0.03098  1.068598964120473e-71
0.031  9.669083276106753e-72
0.03103  8.3222571004634e-72
0.03105  7.530289627014564e-72
0.0310799999999999  6.481380346765587e-72
0.0310999999999999  5.864595458276419e-72
0.0311300000000001  5.047704089439631e-72
0.0311500000000001  4.567351535298007e-72
0.0311800000000001  3.931155897568318e-72
0.0312  3.557056952254291e-72
0.03123  3.0615872914034564e-72
0.03125  2.7702387398452265e-72
0.03128  2.3843665799864737e-72
0.0313  2.1574640998862044e-72
0.0313299999999999  1.8569465596237029e-72
0.0313499999999999  1.6802347304406791e-72
0.0313800000000001  1.4461914347552526e-72
0.0314000000000001  1.3085681238096329e-72
0.0314300000000001  1.1262950218585812e-72
0.03145  1.0191138795257426e-72
0.03148  8.771594449932871e-73
0.0315  7.936866874135857e-73
0.03153  6.831324626392508e-73
0.03155  6.181238136710499e-73
0.0315799999999999  5.32024096845218e-73
0.0315999999999999  4.8139531012234304e-73
0.0316300000000001  4.1434078323550055e-73
0.0316500000000001  3.74911044489799e-73
0.0316800000000001  3.226889264422362e-73
0.0317  2.919810150309231e-73
0.03173  2.5131038860179883e-73
0.03175  2.2739504314806657e-73
0.03178  1.9572072743705997e-73
0.0318  1.7709543767027014e-73
0.0318299999999999  1.524274557913653e-73
0.0318499999999999  1.3792206553605014e-73
0.0318800000000001  1.1871062193177916e-73
0.0319000000000001  1.0741381264219156e-73
0.0319300000000001  9.245192531936572e-74
0.03195  8.365396139846675e-74
0.03198  7.200163183521382e-74
0.032  6.514977064415098e-74
0.03203  5.607492725568351e-74
0.03205  5.073869239458722e-74
0.0320799999999999  4.367119725742072e-74
0.0320999999999999  3.951533336894387e-74
0.0321300000000001  3.4011162621711217e-74
0.0321500000000001  3.077457257102961e-74
0.0321800000000001  2.648792008295759e-74
0.0322  2.3967261217017903e-74
0.03223  2.062881290255013e-74
0.03225  1.8665721803890454e-74
0.03228  1.6065735642339542e-74
0.0323  1.4536878757462884e-74
0.0323299999999999  1.2512007498878616e-74
0.0323499999999999  1.1321332559731956e-74
0.0323800000000001  9.744361237912263e-75
0.0324000000000001  8.817062662922019e-75
0.0324300000000001  7.588916162616715e-75
0.03245  6.866735306276828e-75
0.03248  5.910253850111994e-75
0.0325  5.347818833672456e-75
0.03253  4.602910326618006e-75
0.03255  4.1648854953881157e-75
0.0325799999999999  3.584750166779393e-75
0.0325999999999999  3.2436160852126603e-75
0.0326300000000001  2.7918062370003634e-75
0.0326500000000001  2.52613074714404e-75
0.0326800000000001  2.1742608835595155e-75
0.0327  1.9673526040175377e-75
0.03273  1.6933160787184933e-75
0.03275  1.532175748586426e-75
0.03278  1.3187558880934384e-75
0.0328  1.1932596728021245e-75
0.0328299999999999  1.0270481183276627e-75
0.0328499999999999  9.293115675862982e-76
0.0328800000000001  7.998658788048237e-76
0.0329000000000001  7.237485765527834e-76
0.0329300000000001  6.229361727652764e-76
0.03295  5.636559581664106e-76
0.03298  4.851431791533356e-76
0.033  4.389757016028637e-76
0.03303  3.7782988782639014e-76
0.03305  3.418746201576296e-76
0.0330799999999999  2.942542125071075e-76
0.0330999999999999  2.6625222189113728e-76
0.0331300000000001  2.2916541112237344e-76
0.0331500000000001  2.0735743890310697e-76
0.0331800000000001  1.7847420163497983e-76
0.0332  1.6149013579350334e-76
0.03323  1.3899584799143326e-76
0.03325  1.2576864421428788e-76
0.03328  1.0825007525940833e-76
0.0333  9.794871859991632e-77
0.0333299999999999  8.430524337960406e-77
0.0333499999999999  7.628253874649455e-77
0.0333800000000001  6.565698956099756e-77
0.0334000000000001  5.940890091038395e-77
0.0334300000000001  5.113371488421451e-77
0.03345  4.626769855044219e-77
0.03348  3.982297719319545e-77
0.0335  3.603331986199607e-77
0.03353  3.1014165822297074e-77
0.03355  2.806277772518495e-77
0.0335799999999999  2.4153856628722347e-77
0.0335999999999999  2.1855313267544e-77
0.0336300000000001  1.881104245662523e-77
0.0336500000000001  1.7020935087016716e-77
0.0336800000000001  1.4650054595608756e-77
0.0337  1.3255917574382952e-77
0.03373  1.1409473991104446e-77
0.03375  1.032371898725944e-77
0.03378  8.885707278705476e-78
0.0338  8.040120431487011e-78
0.0338299999999999  6.920195786802252e-78
0.0338499999999999  6.261652088033512e-78
0.0338800000000001  5.389453897763823e-78
0.0339000000000001  4.876579549476345e-78
0.0339300000000001  4.1973109159055814e-78
0.03395  3.7978839718440117e-78
0.03398  3.268869028103002e-78
0.034  2.9577950112864534e-78
0.03403  2.54579775884448e-78
0.03405  2.3035330709546506e-78
0.0340799999999999  1.982669288130523e-78
0.0340999999999999  1.7939933594912266e-78
0.0341300000000001  1.5441043941661842e-78
0.0341500000000001  1.3971634331952778e-78
0.0341800000000001  1.202549711320587e-78
0.0342  1.0881119758517405e-78
0.03423  9.365466568592443e-79
0.03425  8.474224588627092e-79
0.03428  7.29383269744865e-79
0.0343  6.59973274554592e-79
0.0343299999999999  5.680442616367732e-79
0.0343499999999999  5.1398770302956394e-79
0.0343800000000001  4.4239331578150954e-79
0.0344000000000001  4.0029402560809886e-79
0.0344300000000001  3.445362607561851e-79
0.03445  3.11749300602543e-79
0.03448  2.6832510967354796e-79
0.0345  2.427905994312233e-79
0.03453  2.089718055314738e-79
0.03455  1.8908550895941788e-79
0.0345799999999999  1.627474057878358e-79
0.0345999999999999  1.4725994244512094e-79
0.0346300000000001  1.2674780707028733e-79
0.0346500000000001  1.146861584911961e-79
0.0346800000000001  9.871129139892031e-80
0.0347  8.931767004043793e-80
0.03473  7.68764310395081e-80
0.03475  6.956067136960643e-80
0.03478  5.9871424693302055e-80
0.0348  5.4173905333623675e-80
0.0348299999999999  4.662791243476682e-80
0.0348499999999999  4.219067989588266e-80
0.0348800000000001  3.631385471714724e-80
0.0349000000000001  3.285813454119571e-80
0.0349300000000001  2.8281258490054695e-80
0.03495  2.558994091096116e-80
0.03498  2.202546625831068e-80
0.035  1.9929466020207533e-80
0.03503  1.7153450369484677e-80
0.03505  1.552108374273302e-80
0.0350799999999999  1.33591205801376e-80
0.0350999999999999  1.2087832172963169e-80
0.0351300000000001  1.040409356894643e-80
0.0351500000000001  9.414013161930073e-81
0.0351800000000001  8.102716218643648e-81
0.0352  7.331640822359196e-81
0.03523  6.310401736088273e-81
0.03525  5.709887613651621e-81
0.03528  4.91454581356056e-81
0.0353  4.446864944761724e-81
0.0353299999999999  3.8274521280431085e-81
0.0353499999999999  3.4632219011948834e-81
0.0353800000000001  2.980822714485407e-81
0.0354000000000001  2.6971599285979314e-81
0.0354300000000001  2.321467064238266e-81
0.03545  2.1005502644618986e-81
0.03548  1.8079603675041616e-81
0.0355  1.6359101908437732e-81
0.03553  1.408040949974266e-81
0.03555  1.274048137663658e-81
0.0355799999999999  1.0965833944370932e-81
0.0355999999999999  9.922296872836015e-82
0.0356300000000001  8.540200062898821e-82
0.0356500000000001  7.727492574423953e-82
0.0356800000000001  6.651114496572063e-82
0.0357  6.018177268142749e-82
0.03573  5.1798931782305454e-82
0.03575  4.686961169092101e-82
0.03578  4.0341048634320624e-82
0.0358  3.650209028714299e-82
0.0358299999999999  3.1417640266346603e-82
0.0358499999999999  2.842785649938382e-82
0.0358800000000001  2.4468082841662096e-82
0.0359000000000001  2.2139636902739623e-82
0.0359300000000001  1.9055762077342446e-82
0.03595  1.724236655677852e-82
0.03598  1.484064242786427e-82
0.036  1.3428368576423314e-82
0.03603  1.155790394410308e-82
0.03605  1.0458023962690222e-82
0.0360799999999999  9.001304642336164e-83
0.0360999999999999  8.144717251526597e-83
0.0361300000000001  7.010223104108702e-83
0.0361500000000001  6.343112173377785e-83
0.0361800000000001  5.4595672429851126e-83
0.0362  4.9400207277387655e-83
0.03623  4.2519152440699716e-83
0.03625  3.847292011151922e-83
0.03628  3.311394921634843e-83
0.0363  2.9962740309895623e-83
0.0363299999999999  2.5789169580292088e-83
0.0363499999999999  2.3335005616323136e-83
0.0363800000000001  2.0084625463872753e-83
0.0364000000000001  1.817332064695001e-83
0.0364300000000001  1.5641922038959976e-83
0.03645  1.4153396350859236e-83
0.03648  1.218194113269013e-83
0.0365  1.1022676161169138e-83
0.03653  9.48730529346856e-84
0.03655  8.584468825861276e-84
0.0365799999999999  7.38872079179458e-84
0.0365999999999999  6.685591043836056e-84
0.0366300000000001  5.754341538539865e-84
0.0366500000000001  5.206743540229512e-84
0.0366800000000001  4.481485696275159e-84
0.0367  4.0550159463846817e-84
0.03673  3.49018456958418e-84
0.03675  3.158049594411424e-84
0.03678  2.718158475855816e-84
0.0368  2.4594914971060194e-84
0.0368299999999999  2.116903949509769e-84
0.0368499999999999  1.9154539039046098e-84
0.0368800000000001  1.6486464535635178e-84
0.0369000000000001  1.4917570002965634e-84
0.0369300000000001  1.2839671490431622e-84
0.03695  1.1617815199838079e-84
0.03698  9.999546211132855e-85
0.037  9.047963575212509e-85
0.03703  7.787654419588746e-85
0.03705  7.046561117577251e-85
0.0370799999999999  6.065031360268305e-85
0.0370999999999999  5.487867316332485e-85
0.0371300000000001  4.723451172724885e-85
0.0371500000000001  4.273955363347335e-85
0.0371800000000001  3.6786274721176865e-85
0.0372  3.328559783788838e-85
0.03723  2.864917955914702e-85
0.03725  2.59228496611466e-85
0.03728  2.231200347501635e-85
0.0373  2.0188735615543845e-85
0.0373299999999999  1.7376605778243532e-85
0.0373499999999999  1.572300310661515e-85
0.0373800000000001  1.35329141872057e-85
0.0374000000000001  1.2245087131653483e-85
0.0374300000000001  1.0539444166233924e-85
0.03745  9.536483446914194e-86
0.03748  8.208127369804528e-86
0.0375  7.427020776204053e-86
0.03753  6.392496023153416e-86
0.03755  5.784169596395474e-86
0.0375799999999999  4.9784809086152695e-86
0.0375999999999999  4.5047158110929115e-86
0.0376300000000001  3.877244830131754e-86
0.0376500000000001  3.508276201189709e-86
0.0376800000000001  3.0196013098661664e-86
0.0377  2.7322482527187168e-86
0.03773  2.3516678646884133e-86
0.03775  2.1278770787627538e-86
0.03778  1.831480774543143e-86
0.0378  1.657192335220173e-86
0.0378299999999999  1.4263586613951526e-86
0.0378499999999999  1.2906226883700612e-86
0.0378800000000001  1.1108492424341205e-86
0.0379000000000001  1.005137960351297e-86
0.0379300000000001  8.6513025988197e-87
0.03795  7.828022306167853e-87
0.03798  6.7376412385519095e-87
0.038  6.096469901943775e-87
0.03803  5.247280272638268e-87
0.03805  4.747935533605198e-87
0.0380799999999999  4.086585985327908e-87
0.0380999999999999  3.697695911546169e-87
0.0381300000000001  3.182636365458838e-87
0.0381500000000001  2.8797684714691417e-87
0.0381800000000001  2.4786396936508024e-87
0.0382  2.2427659406456576e-87
0.03823  1.9303665343681547e-87
0.03825  1.7466678708206645e-87
0.03828  1.50337096858071e-87
0.0383  1.3603063055608356e-87
0.0383299999999999  1.1708264875780725e-87
0.0383499999999999  1.0594076159882905e-87
0.0383800000000001  9.11840585365638e-88
0.0384000000000001  8.250674809226467e-88
0.0384300000000001  7.101421619190271e-88
0.03845  6.425632002296374e-88
0.03848  5.530592717948573e-88
0.0385  5.004287235116953e-88
0.03853  4.307229939587236e-88
0.03855  3.8973428174233185e-88
0.0385799999999999  3.354474049820855e-88
0.0385999999999999  3.0352536381086347e-88
0.0386300000000001  2.61246701679059e-88
0.0386500000000001  2.363857910176917e-88
0.0386800000000001  2.0345913584246707e-88
0.0387  1.8409743915162594e-88
0.03873  1.5845413431722577e-88
0.03875  1.433752297727225e-88
0.03878  1.23404203887157e-88
0.0388  1.116607412200389e-88
0.0388299999999999  9.610729062167034e-89
0.0388499999999999  8.696147270054427e-89
0.0388800000000001  7.484843319495348e-89
0.0389000000000001  6.772566303615911e-89
0.0389300000000001  5.829201838389585e-89
0.03895  5.27447994066178e-89
0.03898  4.5397869564214045e-89
0.039  4.107769108081695e-89
0.03903  3.53558963663834e-89
0.03905  3.19913379805055e-89
0.0390799999999999  2.7535199776344913e-89
0.0390999999999999  2.4914879070732408e-89
0.0391300000000001  2.144443514782366e-89
0.0391500000000001  1.9403727330396454e-89
0.0391800000000001  1.6700942885649022e-89
0.0392  1.5111638039424509e-89
0.03923  1.3006707397380553e-89
0.03925  1.1768955538595102e-89
0.03928  1.0129633906260609e-89
0.0393  9.165671789390414e-90
0.0393299999999999  7.888966818426451e-90
0.0393499999999999  7.1382323669563905e-90
0.0393800000000001  6.143933535808739e-90
0.0394000000000001  5.559260957125597e-90
0.0394300000000001  4.784900248826511e-90
0.03945  4.329556786710041e-90
0.03948  3.7264840607064475e-90
0.0395  3.3718622158417995e-90
0.03953  2.90218870458129e-90
0.03955  2.6260089341064757e-90
0.0395799999999999  2.260226835750051e-90
0.0395999999999999  2.0451378142356747e-90
0.0396300000000001  1.7602664295993921e-90
0.0396500000000001  1.5927549312140551e-90
0.0396800000000001  1.3708968737863127e-90
0.0397  1.2404387876710176e-90
0.03973  1.067655558815437e-90
0.03975  9.660546991903053e-91
0.03978  8.314909852560009e-91
0.0398  7.523641562192202e-91
0.0398299999999999  6.475658304345186e-91
0.0398499999999999  5.859417940186853e-91
0.0398800000000001  5.04324775832186e-91
0.0399000000000001  4.5633192801554897e-91
0.0399300000000001  3.927685303404172e-91
0.03995  3.553916628791753e-91
0.03998  3.058884389950696e-91
0.04  2.767793053473505e-91
0.04003  2.3822615582184985e-91
0.04005  2.1555593974247602e-91
0.0400799999999999  1.855307167022421e-91
0.0400999999999999  1.6787513466721877e-91
0.0401300000000001  1.444914674513614e-91
0.0401500000000001  1.3074128633691374e-91
0.0401800000000001  1.1253006799825664e-91
0.0402  1.0182141617900328e-91
0.04023  8.763850507616306e-92
0.04025  7.929859865364717e-92
0.04028  6.825293638052308e-92
0.0403  6.175781072792548e-92
0.0403299999999999  5.315544030010136e-92
0.0403499999999999  4.8097031355708574e-92
0.0403800000000001  4.139749853018307e-92
0.0404000000000001  3.745800568319743e-92
0.0404300000000001  3.2240404272503905e-92
0.04045  2.9172324158382214e-92
0.04048  2.510885209397684e-92
0.0405  2.271942889856093e-92
0.04053  1.955479367281436e-92
0.04055  1.769390901713436e-92
0.0405799999999999  1.5229288625194502e-92
0.0405999999999999  1.3780030198145479e-92
0.0406300000000001  1.1860581906910457e-92
0.0406500000000001  1.0731898309052325e-92
0.0406800000000001  9.237030476784136e-93
0.0407  8.358010806936913e-93
0.04073  7.193806568577394e-93
0.04075  6.509225361361732e-93
0.04078  5.602542188872609e-93
0.0408  5.069389808616765e-93
0.0408299999999999  4.363264243886555e-93
0.0408499999999999  3.948044752646956e-93
0.0408800000000001  3.398113609883027e-93
0.0409000000000001  3.0747403449592543e-93
0.0409300000000001  2.6464535403424243e-93
0.04095  2.394610188396734e-93
0.04098  2.0610600895817678e-93
0.041  1.8649242898741408e-93
0.04103  1.6051552117235918e-93
0.04105  1.4524044973228644e-93
0.0410799999999999  1.2500961358420484e-93
0.0410999999999999  1.1311337598520558e-93
0.0411300000000001  9.735758495073838e-94
0.0411500000000001  8.809278579303821e-94
0.0411800000000001  7.582216339757373e-94
0.0412  6.860673055859479e-94
0.04123  5.905036022822696e-94
0.04125  5.34309754830025e-94
0.04128  4.598846678639431e-94
0.0413  4.1612085546431386e-94
0.0413299999999999  3.581585394551347e-94
0.0413499999999999  3.240752480881163e-94
0.0413800000000001  2.789341509911e-94
0.0414000000000001  2.5239005698482655e-94
0.0414300000000001  2.1723413521722e-94
0.04145  1.9656157401931996e-94
0.04148  1.6918211461709214e-94
0.0415  1.530823077679943e-94
0.04153  1.31759163345475e-94
0.04155  1.1922062116409515e-94
0.0415799999999999  1.0261413959033575e-94
0.0415999999999999  9.284911312090147e-95
0.0416300000000001  7.99159722670747e-95
0.0416500000000001  7.231096200597159e-95
0.0416800000000001  6.22386217815087e-95
0.0417  5.6315833834924486e-95
0.04173  4.847148738074739e-95
0.04175  4.385881548995831e-95
0.04178  3.7749632328761786e-95
0.0418  3.4157279848164765e-95
0.0418299999999999  2.9399443218312338e-95
0.0418499999999999  2.660171629335269e-95
0.0418800000000001  2.2896309400262826e-95
0.0419000000000001  2.0717437480285817e-95
0.0419300000000001  1.7831663690369353e-95
0.04195  1.6134756532887263e-95
0.04198  1.38873136455323e-95
0.042  1.2565761022479065e-95
0.04203  1.081545074189876e-95
0.04205  9.786224524195112e-96
0.0420799999999999  8.42308150706527e-96
0.0420999999999999  7.621519322759422e-96
0.0421300000000001  6.5599024735703625e-96
0.0421500000000001  5.935645216752977e-96
0.0421800000000001  5.1088571832884996e-96
0.0422  4.62268514284349e-96
0.04223  3.9787819749470905e-96
0.04225  3.6001508091390593e-96
0.04228  3.098678517759097e-96
0.0423  2.8038002693327313e-96
0.0423299999999999  2.413253256118491e-96
0.0423499999999999  2.183601845333202e-96
0.0423800000000001  1.8794435256129355e-96
0.0424000000000001  1.7005908270599708e-96
0.0424300000000001  1.4637120894857945e-96
0.04245  1.3244214677989932e-96
0.04248  1.1399401214832021e-96
0.0425  1.0314604762384354e-96
0.04253  8.877862592656051e-97
0.04255  8.033022266017205e-97
0.0425799999999999  6.914086339164205e-97
0.0425999999999999  6.256124031207253e-97
0.0426300000000001  5.384695855159337e-97
0.0426500000000001  4.872274294491197e-97
0.0426800000000001  4.19360534859932e-97
0.0427  3.794531035890254e-97
0.04273  3.265983129383253e-97
0.04275  2.9551837421400786e-97
0.04278  2.5435502186616027e-97
0.0428  2.3014994124986437e-97
0.0428299999999999  1.9809189020760562e-97
0.0428499999999999  1.7924095446931877e-97
0.0428800000000001  1.5427411921362893e-97
0.0429000000000001  1.395929956990326e-97
0.0429300000000001  1.201488048512255e-97
0.04295  1.0871513436174241e-97
0.04298  9.357198330327569e-98
0.043  8.466743177263797e-98
0.04303  7.287393387013345e-98
0.04305  6.593906216517707e-98
0.0430799999999999  5.6754276763581135e-98
0.0430999999999999  5.135339324925876e-98
0.0431300000000001  4.4200275186085514e-98
0.0431500000000001  3.999406287585674e-98
0.0431800000000001  3.4423208926894984e-98
0.0432  3.114740748593928e-98
0.04323  2.6808822068110104e-98
0.04325  2.425762534069365e-98
0.04328  2.0878731619865518e-98
0.0433  1.8891857610785507e-98
0.0433299999999999  1.626037253509682e-98
0.0433499999999999  1.471299350096034e-98
0.0433800000000001  1.2663590863353934e-98
0.0434000000000001  1.1458490859861004e-98
0.0434300000000001  9.86241448087593e-99
0.04345  8.923881654480598e-99
0.04348  7.680856120684868e-99
0.0435  6.949926020546034e-99
0.04353  5.9818567614479975e-99
0.04355  5.4126078270897385e-99
0.0435799999999999  4.658674730039062e-99
0.0435999999999999  4.21534321419794e-99
0.0436300000000001  3.628179527825778e-99
0.0436500000000001  3.2829125961288223e-99
0.0436800000000001  2.825629057394356e-99
0.0437  2.556734900621341e-99
0.04373  2.200602122569166e-99
0.04375  1.991187142709891e-99
0.04378  1.7138306562854133e-99
0.0438  1.5507381059842203e-99
0.0438299999999999  1.3347326571675425e-99
0.0438499999999999  1.2077160512797616e-99
0.0438800000000001  1.039490838592025e-99
0.0439000000000001  9.405702064636477e-100
0.0439300000000001  8.095562790910204e-100
0.04395  7.325168133278757e-100
0.04398  6.304830640967821e-100
0.044  5.704846678327197e-100
0.04403  4.910207040318187e-100
0.04405  4.4429390603836504e-100
0.0440799999999999  3.824073088044486e-100
0.0440999999999999  3.4601644193669904e-100
0.0441300000000001  2.978191115488368e-100
0.0441500000000001  2.6947787593561447e-100
0.0441800000000001  2.319417572878642e-100
0.0442  2.0986958079917685e-100
0.04423  1.8063642220283878e-100
0.04425  1.6344659386926639e-100
0.04428  1.4067978706278374e-100
0.0443  1.2729233529574218e-100
0.0443299999999999  1.0956152832687052e-100
0.0443499999999999  9.913537040735973e-101
0.0443800000000001  8.53266040553818e-101
0.0444000000000001  7.720670410324873e-101
0.0444300000000001  6.645242605515506e-101
0.04445  6.012864161400142e-101
0.04448  5.1753201448775856e-101
0.0445  4.682823317400417e-101
0.04453  4.0305433814757656e-101
0.04455  3.646986466576582e-101
0.0445799999999999  3.1389903416982006e-101
0.0445999999999999  2.8402759160221114e-101
0.0446300000000001  2.444648136165703e-101
0.0446500000000001  2.2120091075346087e-101
0.0446800000000001  1.9038938827799003e-101
0.0447  1.7227144251099138e-101
0.04473  1.4827540467946024e-101
0.04475  1.341651343283968e-101
0.04478  1.154770012745898e-101
0.0448  1.0448791167583862e-101
0.0448299999999999  8.993357901943418e-102
0.0448499999999999  8.137526743468054e-102
0.0448800000000001  7.004034176467973e-102
0.0449000000000001  6.337512200070935e-102
0.0449300000000001  5.454747301292139e-102
0.04495  4.935659464142351e-102
0.04498  4.248161469705124e-102
0.045  3.843895455647744e-102
0.04503  3.3084714792200264e-102
0.04505  2.9936287909031635e-102
0.0450799999999999  2.5766401787872845e-102
0.0450999999999999  2.331440446581679e-102
0.0451300000000001  2.0066893889307855e-102
0.0451500000000001  1.8157276454802994e-102
0.0451800000000001  1.5628112674803748e-102
0.0452  1.414090112145179e-102
0.04523  1.2171186389071533e-102
0.04525  1.101294486672165e-102
0.04528  9.478929490716664e-103
0.0453  8.576890086125272e-103
0.0453299999999999  7.382197710052548e-103
0.0453499999999999  6.679688715395149e-103
0.0453800000000001  5.749261357371137e-103
0.0454000000000001  5.202146802217646e-103
0.0454300000000001  4.47752924720281e-103
0.04545  4.05143600322158e-103
0.04548  3.4871032839484503e-103
0.0455  3.1552615318725597e-103
0.04553  2.7157587681898434e-103
0.04555  2.4573201518174997e-103
0.0455799999999999  2.115035055300366e-103
0.0455999999999999  1.9137628584935915e-103
0.0456300000000001  1.6471909572897587e-103
0.0456500000000001  1.4904400128062543e-103
0.0456800000000001  1.2828336074054013e-103
0.0457  1.1607558490950595e-103
0.04573  9.990718179981525e-104
0.04575  9.039975642299201e-104
0.04578  7.780779142015113e-104
0.0458  7.040340109169243e-104
0.0458299999999999  6.059676888710123e-104
0.0458499999999999  5.4830223901128316e-104
0.0458800000000001  4.719281106082444e-104
0.0459000000000001  4.27018213101355e-104
0.0459300000000001  3.6753798209510934e-104
0.04595  3.325621187492575e-104
0.04598  2.8623886826430155e-104
0.046  2.5899963850179992e-104
0.04603  2.2292305474970443e-104
0.04605  2.0170912128041826e-104
0.0460799999999999  1.7361264960382827e-104
0.0460999999999999  1.570912216059151e-104
0.0461300000000001  1.3520966746242839e-104
0.0461500000000001  1.2234276640020509e-104
0.0461800000000001  1.053013948985605e-104
0.0462  9.528064227565043e-105
0.04623  8.200880880555444e-105
0.04625  7.420463881582085e-105
0.04628  6.38685245165171e-105
0.0463  5.779063081729205e-105
0.0463299999999999  4.974085690710419e-105
0.0463499999999999  4.500738853472182e-105
0.0463800000000001  3.87382183098569e-105
0.0464000000000001  3.505178943480445e-105
0.0464300000000001  3.0169354754506734e-105
0.04645  2.729836105989367e-105
0.04648  2.3495917107580877e-105
0.0465  2.1259984970010534e-105
0.04653  1.8298638642364804e-105
0.04655  1.6557292942730502e-105
0.0465799999999999  1.425099410382167e-105
0.0465999999999999  1.2894832709347756e-105
0.0466300000000001  1.109868536759125e-105
0.0466500000000001  1.0042505811604807e-105
0.0466800000000001  8.643664855342964e-106
0.0467  7.821111390080961e-106
0.04673  6.731692957951325e-106
0.04675  6.091087675083562e-106
0.04678  5.242647747048754e-106
0.0468  4.743743851111662e-106
0.0468299999999999  4.0829781707711946e-106
0.0468499999999999  3.694431425937814e-106
0.0468800000000001  3.1798265966568954e-106
0.0469000000000001  2.877226087521114e-106
0.0469300000000001  2.4764514435076706e-106
0.04695  2.2407859300360644e-106
0.04698  1.9286623234430167e-106
0.047  1.745125837007424e-106
0.04703  1.5020437277777367e-106
0.04705  1.3591053684195228e-106
0.0470799999999999  1.1697928314013916e-106
0.0470999999999999  1.0584723252022159e-106
0.0471300000000001  9.110355731258136e-107
0.0471500000000001  8.243390757260765e-107
0.0471800000000001  7.095152177562898e-107
0.0472  6.419959176921549e-107
0.04723  5.525710071899437e-107
0.04725  4.9998692342728123e-107
0.04728  4.303427331020831e-107
0.0473  3.8939020749062914e-107
0.0473299999999999  3.3515125752916235e-107
0.0473499999999999  3.03257398514194e-107
0.0473800000000001  2.610160618108181e-107
0.0474000000000001  2.3617709943480973e-107
0.0474300000000001  2.0327951333247936e-107
0.04745  1.8393490998346218e-107
0.04748  1.5831424416578548e-107
0.0475  1.4324865192928465e-107
0.04753  1.2329525732767135e-107
0.04755  1.1156216229645e-107
0.0475799999999999  9.602244295582994e-108
0.0475999999999999  8.688469935765886e-108
0.0476300000000001  7.478235376635527e-108
0.0476500000000001  6.766587189659908e-108
0.0476800000000001  5.8240555673160306e-108
0.0477  5.2698234020307694e-108
0.04773  4.535779036479291e-108
0.04775  4.104142592149578e-108
0.04778  3.5324682654489346e-108
0.0478  3.1963094646027966e-108
0.0478299999999999  2.751089051307925e-108
0.0478499999999999  2.4892883139724743e-108
0.0478800000000001  2.142550307455649e-108
0.0479000000000001  1.9386596882102767e-108
0.0479300000000001  1.6686198572163386e-108
0.04795  1.5098296832879014e-108
0.04798  1.2995224514492082e-108
0.048  1.175856539649069e-108
0.04803  1.0120691028075151e-108
0.04805  9.157579938583274e-109
0.0480799999999999  7.882002097892701e-109
0.0480999999999999  7.131930427211289e-109
0.0481300000000001  6.138509406003186e-109
0.0481500000000001  5.554353001517248e-109
0.0481800000000001  4.7806759322864655e-109
0.0482  4.325734467038854e-109
0.04823  3.7231941596771166e-109
0.04825  3.3688853902888256e-109
0.04828  2.8996265270834198e-109
0.0483  2.623690580034753e-109
0.0483299999999999  2.258231409908341e-109
0.0483499999999999  2.0433322782691793e-109
0.0483800000000001  1.758712390391359e-109
0.0484000000000001  1.5913487783894865e-109
0.0484300000000001  1.369686586834134e-109
0.04845  1.2393436747500895e-109
0.04848  1.0667129863893385e-109
0.0485  9.652018243899623e-110
0.04853  8.307569091125009e-110
0.04855  7.516999366568512e-110
0.0485799999999999  6.4699413135909e-110
0.0485999999999999  5.854244993033808e-110
0.0486300000000001  5.0387953614457567e-110
0.0486500000000001  4.559290584861915e-110
0.0486800000000001  3.924217773230406e-110
0.0487  3.55077907774236e-110
0.04873  3.056183874736042e-110
0.04875  2.7653495262593105e-110
0.04878  2.380158394854765e-110
0.0488  2.1536563765168897e-110
0.0488299999999999  1.853669221747712e-110
0.0488499999999999  1.677269272498936e-110
0.0488800000000001  1.4436390414510847e-110
0.0489000000000001  1.3062586228424405e-110
0.0489300000000001  1.1243072159545253e-110
0.04895  1.017315238363988e-110
0.04898  8.756113401986384e-111
0.049  7.922859042683467e-111
0.04903  6.819267974129406e-111
0.04905  6.170328826606246e-111
0.0490799999999999  5.3108512382281496e-111
0.0490999999999999  4.805456921971465e-111
0.0491300000000001  4.136095103103827e-111
0.0491500000000001  3.742493613843451e-111
0.0491800000000001  3.2211941051549717e-111
0.0492  2.9146569571025025e-111
0.04923  2.508668491520897e-111
0.04925  2.269937120575947e-111
0.04928  1.953752985663146e-111
0.0493  1.767828807027448e-111
0.0493299999999999  1.5215843551632454e-111
0.0493499999999999  1.376786459249829e-111
0.0493800000000001  1.1850110873091888e-111
0.0494000000000001  1.0722423725848072e-111
0.0494300000000001  9.22887562744667e-112
0.04945  8.350631994117924e-112
0.04948  7.187455565527543e-112
0.0495  6.503478736160166e-112
0.04953  5.5975960227237775e-112
0.04955  5.064914332409912e-112
0.0495799999999999  4.359412165816889e-112
0.0495999999999999  3.9445592482723275e-112
0.0496300000000001  3.395113608465922e-112
0.0496500000000001  3.072025831422985e-112
0.0496800000000001  2.6441171368895677e-112
0.0497  2.3924961231289602e-112
0.04973  2.0592404967431114e-112
0.04975  1.8632778541881346e-112
0.04978  1.603738111395884e-112
0.0498  1.4511222519213674e-112
0.0498299999999999  1.2489924969972094e-112
0.0498499999999999  1.1301351461292473e-112
0.0498800000000001  9.72716334710796e-113
0.0499000000000001  8.801501367810989e-113
0.0499300000000001  7.575522431790931e-113
0.04995  6.854616157458552e-113
0.04998  5.89982280205679e-113
