1e-08  55044.025105398054
2.99999999999727e-05  53811.13307952334
4.99999999999545e-05  51441.79470239816
8.00000000000409e-05  49185.16949497581
0.000100000000000023  47069.88072885614
0.000129999999999995  45095.93660634142
0.000149999999999977  43256.64955769077
0.00017999999999995  41544.155556381214
0.000200000000000045  39949.0107512859
0.000230000000000018  38462.597003629926
0.00025  37076.390053057126
0.000279999999999973  35782.004026838105
0.000299999999999955  34572.44062368114
0.000330000000000041  33440.92269278304
0.000350000000000023  32381.27683572612
0.000379999999999995  31387.502121932193
0.000399999999999977  30454.844738286272
0.00042999999999995  29578.421325672425
0.000450000000000045  28753.931277160198
0.000480000000000018  27977.59215873862
0.0005  27245.76312534977
0.000529999999999973  26555.249227081644
0.000549999999999954  25903.2544594727
0.000580000000000041  25286.745883108295
0.000600000000000023  24703.503760008443
0.000629999999999995  24151.039898405146
0.000649999999999977  23627.464658035507
0.00067999999999995  23130.88218054657
0.000700000000000045  22659.39368022887
0.000730000000000018  22211.491544457516
0.00075  21785.638505687846
0.000779999999999973  21380.523276055355
0.000799999999999955  20994.79391061197
0.000830000000000041  20627.304812063052
0.000850000000000023  20276.980207426794
0.000879999999999995  19942.808768415194
0.000899999999999977  19623.95411134057
0.00092999999999995  19319.51402419854
0.000950000000000045  19028.525661140768
0.000980000000000018  18750.411042466552
0.001  18484.405656882263
0.00102999999999997  18230.000490877617
0.00104999999999995  17986.395641470568
0.00108000000000004  17753.041456622166
0.00110000000000002  17529.519049015445
0.00113  17315.328419747348
0.00114999999999998  17109.993932118214
0.00117999999999995  16913.06267435643
0.00120000000000005  16724.102937612846
0.00123000000000002  16542.800111043187
0.00125  16368.757671978292
0.00127999999999997  16201.6918900257
0.00129999999999995  16041.142866223912
0.00133000000000004  15886.950156908235
0.00135000000000002  15738.867996464707
0.00138  15596.47748018041
0.00139999999999998  15459.648727135836
0.00142999999999995  15328.167440932348
0.00145000000000005  15201.64901406254
0.00148000000000002  15080.077441889325
0.0015  14963.17443709664
0.00152999999999997  14850.671546395475
0.00154999999999995  14742.569657891137
0.00158000000000004  14638.52644658374
0.00160000000000002  14538.55243519936
0.00163  14442.319247340361
0.00164999999999998  14349.845905463932
0.00167999999999995  14260.900430606405
0.00170000000000005  14175.341056322559
0.00173000000000002  14093.030442519372
0.00175  14014.000293779121
0.00177999999999997  13937.954721430824
0.00179999999999995  13864.931426608222
0.00183000000000004  13794.724861566187
0.00185000000000002  13727.376794296004
0.00188  13662.607657670924
0.00189999999999998  13600.463999021576
0.00192999999999995  13540.83306876424
0.00195000000000005  13483.604932659313
0.00198000000000002  13428.672301888648
0.002  13376.087737151993
0.00202999999999997  13325.7469848628
0.00204999999999995  13277.47002346281
0.00208000000000004  13231.313599798135
0.00210000000000002  13187.179217560948
0.00213  13144.970366877822
0.00214999999999998  13104.66948089396
0.00217999999999995  13066.25982105525
0.00220000000000005  13029.648820304668
0.00223000000000002  12994.74553586034
0.00225  12961.6130255741
0.00227999999999997  12930.086089879509
0.00229999999999995  12900.153413970695
0.00233000000000004  12871.879988668745
0.00235000000000002  12845.104079637793
0.00238  12819.81659245277
0.00239999999999998  12795.933679266818
0.00242999999999995  12773.597947027327
0.00245000000000005  12752.576396437922
0.00248000000000002  12732.937563097505
0.0025  12714.600369819686
0.00252999999999997  12697.559277081455
0.00254999999999995  12681.809141643542
0.00258000000000004  12667.34521396326
0.00260000000000002  12654.01426417554
0.00263  12641.887112385864
0.00264999999999998  12630.960323146046
0.00267999999999995  12621.15656061315
0.00270000000000005  12612.473223647792
0.00273000000000002  12604.908009504798
0.00275  12598.384804451556
0.00277999999999997  12592.901995058239
0.00279999999999995  12588.532275625717
0.00283000000000004  12585.05239776656
0.00285000000000002  12582.683669673088
0.00288  12581.203441021222
0.00289999999999998  12580.75940638279
0.00292999999999995  12581.203441021222
0.00295000000000005  12582.535638971274
0.00298000000000002  12584.830310566196
0.003  12588.013934968512
0.00302999999999997  12592.087186584997
0.00304999999999995  12597.05092844341
0.00308000000000004  12602.832077972884
0.00310000000000002  12609.431758649964
0.00313  12616.92547042994
0.00314999999999998  12625.166270676173
0.00317999999999995  12634.229935984858
0.00320000000000005  12644.118230498561
0.00323000000000002  12654.758639848975
0.00325  12666.153049339982
0.00327999999999997  12678.303479038901
0.00329999999999995  12691.212084373323
0.00333000000000004  12704.806422393205
0.00335000000000002  12719.238305056047
0.00338  12734.285827863998
0.00339999999999998  12750.101136567491
0.00342999999999995  12766.61194861245
0.00345000000000005  12783.820914026517
0.00348000000000002  12801.655493221842
0.0035  12820.269064552553
0.00352999999999997  12839.43837183598
0.00354999999999995  12859.317111082964
0.00358000000000004  12879.908487168743
0.00360000000000002  12901.064045174751
0.00363  12922.862472086947
0.00364999999999998  12945.306907534183
0.00367999999999995  12968.400587806102
0.00370000000000005  12992.146846630754
0.00373000000000002  13016.472548265754
0.00375  13041.380782834172
0.00377999999999997  13066.874718338426
0.00379999999999995  13093.034618955751
0.00383000000000004  13119.7099321435
0.00385000000000002  13146.980927855264
0.00388  13174.928591872533
0.00389999999999998  13203.32399398215
0.00392999999999995  13232.40328225737
0.00395000000000005  13261.93666661501
0.00398000000000002  13292.083276304174
0.004  13322.768621366264
0.00402999999999997  13354.074667207182
0.00404999999999995  13385.847972095571
0.00408000000000004  13418.170449230494
0.00410000000000002  13451.12483309722
0.00413  13484.477429441315
0.00414999999999998  13518.469356263664
0.00417999999999995  13552.945580765325
0.00420000000000005  13587.909368682342
0.00423000000000002  13623.444174875012
0.00425  13659.47365424007
0.00427999999999997  13696.001237238415
0.00429999999999995  13733.030407463544
0.00433000000000004  13770.645705754006
0.00435000000000002  13808.688940298272
0.00438  13847.244540230942
0.00439999999999998  13886.316207316862
0.00442999999999995  13925.825782448142
0.00445000000000005  13965.85852537636
0.00448000000000002  14006.418298345125
0.0045  14047.426389165541
0.00452999999999997  14088.886043066077
0.00454999999999995  14130.800546737251
0.00458000000000004  14173.256600616241
0.00460000000000002  14216.1747081935
0.00463  14259.558291373416
0.00464999999999998  14303.410815370198
0.00467999999999995  14347.651390969073
0.00470000000000005  14392.452104247606
0.00473000000000002  14437.647488056264
0.00475  14483.325575177128
0.00477999999999997  14529.490045778319
0.00479999999999995  14576.058884327755
0.00483000000000004  14623.121051236141
0.00485000000000002  14670.59405975352
0.00488  14718.480921902861
0.00489999999999998  14766.871545152739
0.00492999999999995  14815.682715386498
0.00495000000000005  14864.917548311236
0.00498000000000002  14914.579192427062
0.005  14964.670829358713
0.00502999999999997  15015.19567419117
0.00504999999999995  15066.15697580938
0.00508000000000004  15117.558017242081
0.00510000000000002  15169.312884495157
0.00513  15221.60308537235
0.00514999999999998  15274.253232056002
0.00517999999999995  15327.265810542856
0.00520000000000005  15380.733802895731
0.00523000000000002  15434.660688204804
0.00525  15488.958870273958
0.00527999999999997  15543.630935161325
0.00529999999999995  15598.771248465155
0.00533000000000004  15654.29133653538
0.00535000000000002  15710.193859776817
0.00538  15766.574245882537
0.00539999999999998  15823.250046302193
0.00542999999999995  15880.40981818224
0.00545000000000005  15937.869825428534
0.00548000000000002  15995.725923834923
0.0055  16054.075350511332
0.00552999999999997  16112.73240552041
0.00554999999999995  16171.794032115273
0.00558000000000004  16231.263105503762
0.00560000000000002  16291.046695888506
0.00563  16351.242849842449
0.00564999999999998  16411.854510811867
0.00567999999999995  16472.787748792336
0.00570000000000005  16534.141735287052
0.00573000000000002  16595.821860953165
0.00575  16657.830069447347
0.00577999999999997  16720.26667170389
0.00579999999999995  16783.03602124792
0.00583000000000004  16846.239202326473
0.00585000000000002  16909.680400060264
0.00588  16973.5601985643
0.00589999999999998  17037.78153810618
0.00592999999999995  17102.447070254802
0.00595000000000005  17167.358035239777
0.00598000000000002  17232.616732617316
0.006  17298.225253441928
0.00602999999999997  17364.185702908202
0.00604999999999995  17430.50020045425
0.00608000000000004  17497.17087986602
0.00610000000000002  17564.096570863345
0.00613  17631.485676874243
0.00614999999999998  17699.13333826205
0.00617999999999995  17767.145059350572
0.00620000000000005  17835.418126241577
0.00623000000000002  17904.058860881196
0.00625  17972.963763729193
0.00627999999999997  18042.346113100462
0.00629999999999995  18111.88976339911
0.00633000000000004  18181.808418989684
0.00635000000000002  18252.10435169515
0.00638  18322.564287938156
0.00639999999999998  18393.51261883069
0.00642999999999995  18464.627058905877
0.00645000000000005  18536.125482914405
0.00648000000000002  18607.900761939807
0.0065  18679.95396801548
0.00652999999999997  18752.286177325983
0.00654999999999995  18825.00920524559
0.00658000000000004  18897.903095050533
0.00660000000000002  18971.190838283957
0.00663  19044.650770194585
0.00664999999999998  19118.507613919315
0.00667999999999995  19192.650881030364
0.00670000000000005  19266.96834686176
0.00673000000000002  19341.6873578541
0.00675  19416.581920270153
0.00677999999999997  19491.766488174133
0.00679999999999995  19567.242184520495
0.00683000000000004  19643.010136611992
0.00685000000000002  19719.071476116496
0.00688  19795.310895736147
0.00689999999999998  19871.845078175178
0.00692999999999995  19948.55781826583
0.00695000000000005  20025.566698169816
0.00698000000000002  20102.872861097378
0.007  20180.47745467196
0.00702999999999997  20258.262464346975
0.00704999999999995  20336.227668651845
0.00708000000000004  20414.492926976294
0.00710000000000002  20492.938847043562
0.00713  20571.686207974304
0.00714999999999998  20650.61469354137
0.00717999999999995  20729.846008238295
0.00720000000000005  20809.25890618039
0.00723000000000002  20888.85314692939
0.00725  20968.7518311566
0.00727999999999997  21048.832306316348
0.00729999999999995  21129.09432275578
0.00733000000000004  21209.537626659585
0.00735000000000002  21290.28719665525
0.00738  21371.21848534833
0.00739999999999998  21452.205039758286
0.00742999999999995  21533.625161947017
0.00745000000000005  21615.100010883532
0.00748000000000002  21696.755500560033
0.0075  21778.591350919574
0.00752999999999997  21860.735869844975
0.00754999999999995  21942.932067912196
0.00758000000000004  22025.437323049457
0.00760000000000002  22107.992701747193
0.00763  22190.726979073446
0.00764999999999998  22273.770871150216
0.00767999999999995  22356.862513183183
0.00770000000000005  22440.13212495842
0.00773000000000002  22523.57938787207
0.00775  22607.203978993617
0.00777999999999997  22690.872094946808
0.00779999999999995  22774.849862355954
0.00783000000000004  22858.869497767002
0.00785000000000002  22943.06413387325
0.00787999999999999  23027.433422897375
0.00789999999999998  23111.97701269434
0.00792999999999995  23196.55809600064
0.00795000000000005  23281.311764745256
0.00798000000000002  23366.237650586
0.008  23451.335380791308
0.00802999999999997  23536.466128025033
0.00804999999999995  23621.628005442068
0.00808000000000004  23707.098023653285
0.00810000000000002  23792.59738304606
0.00812999999999999  23878.12417407353
0.00814999999999998  23963.817442560918
0.00817999999999995  24049.67677599657
0.00820000000000005  24135.55978315521
0.00823000000000002  24221.607003826546
0.00825  24307.818009336817
0.00827999999999997  24393.905377779527
0.00829999999999995  24480.297628997094
0.00833000000000004  24566.706820966934
0.00835000000000002  24653.13097675183
0.00838  24739.713639218386
0.00839999999999998  24826.30830710514
0.00842999999999995  24912.912981358353
0.00845000000000005  24999.672712050924
0.00848000000000002  25086.58701669306
0.0085  25173.359249473884
0.00852999999999997  25260.43161955025
0.00854999999999996  25347.357854807975
0.00858000000000004  25434.43360600174
0.00860000000000002  25521.508233625755
0.00863  25608.730320670795
0.00864999999999998  25695.94819011927
0.00867999999999995  25783.15977193924
0.00870000000000005  25870.36298928318
0.00873000000000002  25957.708450516348
0.00875  26045.042399985516
0.00877999999999997  26132.36274059847
0.00879999999999995  26219.821602492048
0.00883000000000004  26307.26366955282
0.00885000000000002  26394.686824891596
0.00888  26482.08894524061
0.00889999999999998  26569.467901032305
0.00892999999999995  26656.978361772723
0.00895000000000004  26744.462408535706
0.00898000000000002  26831.917892820973
0.009  26919.342660099537
0.00902999999999997  27006.893413507325
0.00904999999999995  27094.250773346324
0.00908000000000004  27181.730809086563
0.00910000000000002  27269.172478611446
0.00913  27356.57359775135
0.00914999999999998  27443.93197675674
0.00917999999999995  27531.407369362263
0.00920000000000004  27618.674190290236
0.00923000000000002  27706.054645234184
0.00925  27793.384573104548
0.00927999999999997  27880.497753180724
0.00929999999999995  27967.719456791307
0.00933000000000004  28054.88396648834
0.00935000000000002  28142.154591506052
0.00938  28229.198523459883
0.00939999999999998  28316.178549589746
0.00942999999999995  28403.092423258717
0.00945000000000005  28490.10548162212
0.00948000000000002  28576.880802709467
0.0095  28663.751813749757
0.00952999999999997  28750.54866069717
0.00954999999999995  28837.26907361625
0.00958000000000004  28923.740638261803
0.00960000000000002  29010.300847599286
0.00963  29096.777789020067
0.00964999999999998  29183.16917653814
0.00967999999999995  29269.472720390688
0.00970000000000005  29355.68612713489
0.00973000000000002  29441.80709974499
0.00975  29527.833337710068
0.00977999999999997  29613.762537132214
0.00979999999999995  29699.592390825204
0.00983000000000004  29785.3205884137
0.00985000000000002  29871.120528389685
0.00987999999999999  29956.63897343333
0.00989999999999998  30042.04881247133
0.00992999999999995  30127.347723359147
0.00995000000000005  30212.711102573172
0.00998000000000002  30297.781680497195
0.01  30452.157664652572
0.01003  30537.18392696329
0.01005  30621.90720194906
0.01008  30705.962405896324
0.0101  30788.980528424137
0.01013  30870.40714304379
0.01015  30949.318161308987
0.0101799999999999  31025.328204180358
0.0102  31097.68320828444
0.01023  31165.62343651155
0.01025  31228.751841722802
0.01028  31287.222647872306
0.0103  31340.08745296026
0.01033  31387.686754840655
0.01035  31429.81142377551
0.01038  31466.25414003873
0.0104  31497.36557312974
0.0104299999999999  31522.944403421494
0.01045  31543.162654697444
0.01048  31558.381262052902
0.0105  31568.407281325486
0.01053  31573.607211919054
0.01055  31573.79293956657
0.01058  31569.521480068233
0.0106  31560.60899111974
0.01063  31547.43054776052
0.01065  31529.806026235285
0.0106799999999999  31508.48425239529
0.0107  31482.917155580755
0.01073  31453.485134302497
0.01075  31420.383894548475
0.01078  31383.440472711158
0.0108  31343.037247061602
0.01083  31299.18769676304
0.01085  31251.722603351496
0.01088  31201.025677647413
0.0109  31147.11288891232
0.01093  31089.635437681078
0.01095  31029.16098144871
0.01098  30965.160983567926
0.011  30897.83950960653
0.01103  30827.400149043988
0.01105  30753.503100614984
0.01108  30675.813124457414
0.0111  30594.359883619993
0.01113  30508.99495812872
0.01115  30418.857641953844
0.01118  30322.564703079173
0.0112  30219.287525927382
0.01123  30106.26595943101
0.01125  29980.261162263738
0.01128  29836.700729359767
0.0113  29669.9076432819
0.01133  29472.997287388924
0.01135  29237.637972126184
0.01138  28955.233606434016
0.0114  28618.09482212923
0.01143  28220.067024700864
0.01145  27757.766487011646
0.01148  27230.54180525057
0.0115  26640.518841100973
0.01153  25992.698572308367
0.01155  25293.88667824599
0.01158  24551.682372976196
0.0116  23774.68969934342
0.01163  22971.55820466656
0.01165  22150.298408305553
0.01168  21318.107968368193
0.0117  20481.369630839607
0.01173  19645.783463214437
0.01175  18815.599053376984
0.01178  17994.43841600829
0.0118  17185.241592842383
0.01183  16390.05089454773
0.01185  15610.520628381355
0.01188  14847.963729657224
0.0119  14103.064934862394
0.0119299999999999  13376.559842697476
0.01195  12668.910100318915
0.01198  11980.64157423525
0.012  11311.984435946715
0.01203  10663.445208288664
0.01205  10035.250150448133
0.01208  9427.966014473366
0.0121  8841.918780688433
0.01213  8277.6312861009
0.01215  7735.465586879431
0.0121799999999999  7215.98011721879
0.0122  6719.671059466075
0.01223  6246.832266922198
0.01225  5797.981223721154
0.01228  5373.410091164644
0.0123  4973.400989168241
0.01233  4598.054694265677
0.01235  4247.461697194645
0.01238  3921.4318341031076
0.0124  3619.7248960449974
0.0124299999999999  3341.8596689364285
0.01245  3087.1581295701803
0.01248  2854.789263880803
0.0125  2643.764662073742
0.01253  2452.951872005999
0.01255  2281.097874356691
0.01258  2126.8565386619553
0.0126  1988.838835247879
0.01263  1865.6614860904742
0.01265  1755.9289399270624
0.0126799999999999  1658.2986133157465
0.0127  1571.5135567561201
0.01273  1494.422421541513
0.01275  1425.958897537458
0.01278  1365.1655105561108
0.0128  1311.2431732734744
0.01283  1263.4405761765568
0.01285  1221.1417267005668
0.01288  1183.8030089331103
0.0129  1150.9375267643088
0.01293  1122.1365454640509
0.01295  1097.0432603068218
0.01298  1075.343752598667
0.013  1056.7554539378893
0.01303  1041.0346623094408
0.01305  1027.9757289608126
0.01308  1017.3958380995867
0.0131  1009.1276680727744
0.01313  1003.0314364502358
0.01315  998.9897145351241
0.01318  996.8957965921132
0.0132  996.650707640769
0.01323  998.1790990023783
0.01325  1001.4043066162109
0.01328  1006.2705466353427
0.0133  1012.7158418759968
0.01333  1020.7041510291987
0.01335  1030.1743166438282
0.01338  1041.098351083948
0.0134  1053.4412066138061
0.01343  1067.1675909119222
0.01345  1082.2397467304577
0.01348  1098.6273718144955
0.0135  1116.3119838627663
0.01353  1135.2504887296732
0.01355  1155.4131982294107
0.01358  1176.7761409894927
0.0136  1199.310551075329
0.01363  1222.986324167565
0.01365  1247.7656825727515
0.0136799999999999  1273.626097954221
0.0137  1300.5295878656184
0.01373  1328.4592234745514
0.01375  1357.3702713180319
0.01378  1387.2311638589895
0.0138  1418.0242052687634
0.01383  1449.7028662667065
0.01385  1482.243548233747
0.01388  1515.603803513342
0.0139  1549.760465068539
0.0139299999999999  1584.6813110033843
0.01395  1620.3356538218607
0.01398  1656.6898690314881
0.014  1693.7102839727113
0.01403  1731.3644413715194
0.01405  1769.6371011581211
0.01408  1808.4898229105188
0.0141  1847.9020499827097
0.01413  1887.8511108835012
0.01415  1928.3008062404388
0.0141799999999999  1969.2464729924475
0.0142  2010.6475832666642
0.01423  2052.5085608313516
0.01425  2094.785095834793
0.01428  2137.4797308635793
0.0143  2180.5698956862716
0.01433  2224.0315374457027
0.01435  2267.8657791669025
0.01438  2312.0606978313476
0.0144  2356.5900366554
0.0144299999999999  2401.4542659036956
0.01445  2446.640048259135
0.01448  2492.148241728094
0.0145  2537.9803212498728
0.01453  2584.107998994241
0.01455  2630.5478830077996
0.01458  2677.2868430587973
0.0146  2724.3273586809273
0.01463  2771.688914743635
0.01465  2819.343086419269
0.01468  2867.327411235006
0.0147  2915.6309992624624
0.01473  2964.2600482045655
0.01475  3013.221559880707
0.01478  3062.541375680051
0.0148  3112.2107367866083
0.01483  3162.2391875832477
0.01485  3212.674955952025
0.01488  3263.4927820893117
0.0149  3314.685453336528
0.01493  3366.3247034716583
0.01495  3418.4064697477206
0.01498  3470.9264847010854
0.015  3523.9010035740066
0.01503  3577.34733110362
0.01505  3631.262486820026
0.01508  3685.6649921452304
0.0151  3740.574479791245
0.01513  3795.967062649844
0.01515  3851.862705517293
0.01518  3908.259542214881
0.0152  3965.1788789507746
0.01523  4022.595894576407
0.01525  4080.5562769003786
0.01528  4138.986572245137
0.0153  4197.932511944611
0.01533  4257.367317096877
0.01535  4317.288050959682
0.01538  4377.640112491682
0.0154  4438.49641775368
0.01543  4499.801665626886
0.01545  4561.524331599493
0.01548  4623.658443775325
0.0155  4686.225397621876
0.01553  4749.136125850629
0.01555  4812.381832512136
0.01558  4876.010861437993
0.0156  4939.958107553776
0.01563  5004.214114325083
0.01565  5068.709570770732
0.01568  5133.462487427104
0.0157  5198.492166810429
0.01573  5263.664405030126
0.01575  5329.05805793691
0.01578  5394.629435707038
0.0158  5460.300963376083
0.01583  5526.089266742152
0.01585  5592.012296381257
0.01588  5657.989491621978
0.0159  5724.004315458477
0.01593  5790.074081328443
0.01595  5856.114111229075
0.01598  5922.1757678984295
0.016  5988.207658290155
0.01603  6054.1566529466245
0.01605  6120.075897321302
0.01608  6185.875918464051
0.0161  6251.61108326439
0.01613  6317.227216512057
0.01615  6382.705997846368
0.01618  6448.0668991146085
0.0162  6513.2541701504615
0.01623  6578.28779513452
0.01625  6643.150093592449
0.01628  6707.823273423504
0.0163  6772.289438633754
0.01633  6836.5708122137175
0.01635  6900.609852294646
0.01638  6964.470328841739
0.0164  7028.094907569212
0.01643  7091.424681037986
0.01645  7154.5675330322565
0.01648  7217.465913128427
0.0165  7280.060727422939
0.01653  7342.420932911584
0.01655  7404.4877024750895
0.01658  7466.2446240396475
0.0166  7527.763813451296
0.01663  7588.9863167449175
0.01665  7649.85170494702
0.0166799999999999  7710.479520999278
0.0167  7770.765003775866
0.01673  7830.692661128528
0.01675  7890.293408061202
0.01678  7949.599553701027
0.0168  8008.503460545014
0.01683  8067.131988714211
0.01685  8125.4249418388645
0.01688  8183.272608780356
0.0169  8240.80495103163
0.0169299999999999  8298.00956370225
0.01695  8354.775750234976
0.01698  8411.237552175888
0.017  8467.234158757774
0.01703  8522.951774653346
0.01705  8578.279093245541
0.01708  8633.203785989985
0.0171  8687.71355177501
0.01713  8741.898966717701
0.01715  8795.646216330042
0.0171799999999999  8849.047198947377
0.0172  8902.091620591187
0.01723  8954.769207224437
0.01725  9007.016725415788
0.01728  9058.929610679472
0.0173  9110.498584584624
0.01733  9161.660496308066
0.01735  9212.459404251444
0.01738  9262.940592144383
0.0174  9312.98620325288
0.0174299999999999  9362.751433401989
0.01745  9412.173548244595
0.01748  9461.244324140029
0.0175  9510.011503763439
0.01753  9558.35531842079
0.01755  9606.436297686572
0.01758  9654.134437114553
0.0176  9701.612851415375
0.01763  9748.693943262213
0.01765  9795.4272970409
0.0176799999999999  9841.921521335478
0.0177  9888.11292936202
0.01773  9933.995197700766
0.01775  9979.562022634176
0.01778  10024.866091203483
0.0178  10069.842702544285
0.01783  10114.545111881338
0.01785  10158.967885442242
0.01788  10203.165623470339
0.0179  10247.0131454618
0.0179299999999999  10290.625359320282
0.01795  10333.936876347267
0.01798  10377.00338711673
0.018  10419.820316598167
0.01803  10462.383101683281
0.01805  10504.625399892371
0.01808  10546.603972232953
0.0181  10588.438870045175
0.01813  10629.939468876466
0.01815  10671.226088063528
0.0181799999999999  10712.231963238506
0.0182  10753.079138294317
0.01823  10793.637616046575
0.01825  10833.902961246284
0.01828  10873.93472241863
0.0183  10913.793404113887
0.01833  10953.34715934815
0.01835  10992.720945171823
0.01838  11031.911794418576
0.0184  11070.786500156784
0.0184299999999999  11109.406090581286
0.01845  11147.898095917268
0.01848  11186.12865731341
0.0185  11224.16019924489
0.01853  11261.923557344984
0.01855  11299.548094309075
0.01858  11336.898196794182
0.0186  11374.037222786523
0.01863  11411.029416121888
0.01865  11447.737875570305
0.01868  11484.294201621702
0.0187  11520.560648635908
0.01873  11556.669697237872
0.01875  11592.6191521993
0.01878  11628.33842052828
0.0188  11663.8246886325
0.01883  11699.143973173439
0.01885  11734.294103926495
0.01888  11769.203685265587
0.0189  11804.00881490098
0.01893  11838.568675617382
0.01895  11872.95035411467
0.01898  11907.081670759811
0.019  11941.170619934759
0.01903  11974.934510628887
0.01905  12008.581951354508
0.01908  12042.04058995201
0.0191  12075.308323676627
0.01913  12108.454283436055
0.01915  12141.40554327311
0.01918  12174.231633519932
0.0192  12206.787445529315
0.01923  12239.286324454531
0.01925  12271.51079504254
0.01928  12303.60298420581
0.0193  12335.633974207627
0.01933  12367.384601186895
0.01935  12398.998143166915
0.01938  12430.473132542355
0.0194  12461.808105313796
0.01943  12493.001601200325
0.01945  12523.978493073762
0.01948  12554.810635939768
0.0195  12585.496583925014
0.01953  12616.10910754682
0.01955  12646.498523833117
0.01958  12676.737432396358
0.0196  12706.824404837012
0.01963  12736.832939732267
0.01965  12766.68704655067
0.01968  12796.38530842538
0.0197  12825.850867037761
0.01973  12855.308654746057
0.01975  12884.606722243087
0.01978  12913.74367029768
0.0198  12942.718105041553
0.01983  12971.604941414
0.01985  13000.326830723872
0.01988  13028.959033626346
0.0199  13057.423869555678
0.01993  13085.719967129398
0.01995  13113.923101421133
0.01998  13142.032407756418
0.02  13170.04702291742
0.02003  13197.810815910812
0.02005  13225.555340178593
0.02008  13253.046349113483
0.0201  13280.51638071346
0.02013  13307.886786070048
0.02015  13335.078273322133
0.02018  13362.16811697951
0.0202  13389.155472504252
0.02023  13416.039497268635
0.02025  13442.740275423268
0.02028  13469.335730112138
0.0203  13495.825026569886
0.02033  13522.20733213501
0.02035  13548.48181629323
0.02038  13574.647650720735
0.0204  13600.624005421594
0.02043  13626.569911771243
0.02045  13652.404697648015
0.02048  13678.047084590084
0.0205  13703.657023906273
0.02053  13729.072633817354
0.02055  13754.535381016385
0.02058  13779.721120380234
0.0206  13804.871771635937
0.02063  13829.90562195647
0.02065  13854.821869971816
0.0206799999999999  13879.619717017886
0.0207  13904.380157409929
0.02073  13928.938962024264
0.02075  13953.541143968434
0.02078  13977.857885215137
0.0208  14002.217003081418
0.02083  14026.371045037764
0.02085  14050.484102942319
0.02088  14074.473031151072
0.0209  14098.337052808756
0.0209299999999999  14122.158465426584
0.02095  14145.770494713553
0.02098  14169.42200294622
0.021  14192.9460793143
0.02103  14216.258332996562
0.02105  14239.608877613531
0.02108  14262.746078319116
0.0211  14285.920873460122
0.02113  14308.880812232366
0.02115  14331.793346671484
0.0211799999999999  14354.573692178436
0.0212  14377.30567434591
0.02123  14399.90424337117
0.02125  14422.4534951189
0.02128  14444.953086869416
0.0213  14467.232472508236
0.02133  14489.54622108485
0.02135  14511.638295605211
0.02138  14533.678561225035
0.0214  14555.666679763619
0.0214299999999999  14577.516563098912
0.02145  14599.399245852617
0.02148  14621.056756335507
0.0215  14642.746394699294
0.02153  14664.209426154464
0.02155  14685.7039176723
0.02158  14706.970378304892
0.0216  14728.267635033508
0.02163  14749.422208819196
0.02165  14770.520281771618
0.0216799999999999  14791.561524680628
0.0217  14812.54560886977
0.02173  14833.297695793524
0.02175  14854.078855985512
0.02178  14874.714132510568
0.0218  14895.378075548124
0.02183  14915.807502466741
0.02185  14936.26494891478
0.02188  14956.662472695567
0.0219  14976.911652102994
0.0219299999999999  14997.011809529029
0.02195  15017.227279270215
0.02198  15037.204634011527
0.022  15057.11999298985
0.02203  15076.973039644834
0.02205  15096.852262850305
0.02208  15116.579853958352
0.0221  15136.24418681547
0.02213  15155.75579587065
0.02215  15175.203290502199
0.0221799999999999  15194.67573968255
0.0222  15213.994186212978
0.02223  15233.247586532389
0.02225  15252.435631671184
0.02228  15271.558013423692
0.0223  15290.61442435643
0.02233  15309.514501583782
0.02235  15328.437940391586
0.02238  15347.29449118769
0.0224  15366.083849711065
0.0224299999999999  15384.805712513695
0.02245  15403.278560860976
0.02248  15421.864306514102
0.0225  15440.381651867046
0.02253  15458.739362780518
0.02255  15477.118899938789
0.02258  15495.337990125672
0.0226  15513.578527149617
0.02263  15531.657809796181
0.02265  15549.758161756989
0.02268  15567.788032092836
0.0227  15585.747126842141
0.02273  15603.543367133863
0.02275  15621.451818291334
0.02278  15639.104836643528
0.0228  15656.777803785413
0.02283  15674.378539762225
0.02285  15691.999061796603
0.02288  15709.45457393145
0.0229  15726.83699220238
0.02293  15744.238644015977
0.02295  15761.566835282334
0.02298  15778.728464854947
0.023  15795.908780484126
0.02303  15813.014784508166
0.02305  15830.046195096644
0.02308  15847.002731431858
0.0231  15863.9774309563
0.02313  15880.876895928002
0.02315  15897.700847279088
0.02318  15914.449006978524
0.0232  15931.121098039732
0.02323  15947.810654903262
0.02325  15964.329879115978
0.02328  15980.960219812196
0.0233  15997.419678600534
0.02333  16013.801890561626
0.02335  16030.106583760582
0.02338  16046.427877828082
0.0234  16062.671303086894
0.02343  16078.93117118682
0.02345  16095.018144504089
0.02348  16111.121212840832
0.0235  16127.145526459197
0.02353  16143.185778051318
0.02355  16159.051875858346
0.02358  16174.933567431252
0.0236  16190.735628194692
0.02363  16206.553126741752
0.02365  16222.290652634534
0.02368  16237.947942978117
0.0237  16253.620345289926
0.02373  16269.21217262605
0.02375  16284.723164171563
0.02378  16300.153060289278
0.0238  16315.597576348138
0.02383  16330.960661443616
0.02385  16346.338212719846
0.02388  16361.537753986726
0.0239  16376.84776256811
0.02393  16391.979249259854
0.02395  16407.124716779465
0.02398  16422.18757665709
0.024  16437.26426526777
0.02403  16452.258017034215
0.02405  16467.26544580851
0.0240799999999999  16482.09265595346
0.0240999999999999  16496.933216594363
0.0241300000000001  16511.884268197406
0.0241500000000001  16526.654437458288
0.0241800000000001  16541.340516604676
0.0242  16556.039646239984
0.02423  16570.654363237154
0.02425  16585.184421068356
0.02428  16599.82486539194
0.0243  16614.380501517982
0.0243299999999999  16628.85108376466
0.0243499999999999  16643.236367737063
0.0243800000000001  16657.732082499842
0.0244000000000001  16672.0442797051
0.0244300000000001  16686.270619020008
0.02445  16700.607336319634
0.02448  16714.858048634545
0.0245  16729.022514849807
0.02453  16743.198984284147
0.02455  16757.288894531783
0.0245799999999999  16771.390661866633
0.0245999999999999  16785.50429626682
0.0246300000000001  16799.333346279243
0.0246500000000001  16813.371592819927
0.0246800000000001  16827.322585782465
0.0247  16841.18608857074
0.02473  16855.06101306371
0.02475  16868.84813986106
0.02478  16882.646544272007
0.0248  16896.356844894737
0.0248299999999999  16910.078279574114
0.0248499999999999  16923.71130581629
0.0248800000000001  16937.454954896803
0.0249000000000001  16951.010340291927
0.0249300000000001  16964.576574334245
0.02495  16978.153665706148
0.02498  16991.541721430247
0.025  17005.04036360758
0.02503  17052.82150906298
0.02505  17067.77435747079
0.0250799999999999  17081.835960924822
0.0250999999999999  17095.506897339008
0.0251300000000001  17109.08813288729
0.0251500000000001  17122.478715706828
0.0251800000000001  17135.87977878731
0.0252  17149.089575149417
0.02523  17162.208600283077
0.02525  17175.33766144924
0.02528  17188.476766325457
0.0253  17201.42355171589
0.0253299999999999  17214.582612254977
0.0253499999999999  17227.44772298775
0.0253800000000001  17240.423862265627
0.0254000000000001  17253.206795394748
0.0254300000000001  17266.100771445046
0.02545  17278.90274274955
0.02548  17291.6124904244
0.0255  17304.331586938613
0.02553  17316.958174409403
0.02555  17329.695914309297
0.0255799999999999  17342.23899609734
0.0255999999999999  17354.893243764946
0.0256300000000001  17367.45456315888
0.0256500000000001  17380.02497432553
0.0256800000000001  17392.604483845458
0.0257  17404.98833253081
0.02573  17417.483454223915
0.02575  17429.885017185767
0.02578  17442.29541028455
0.0258  17454.611965317472
0.0258299999999999  17466.937217458435
0.0258499999999999  17479.271172848763
0.0258800000000001  17491.510946090595
0.0259000000000001  17503.75929017315
0.0259300000000001  17516.016211098107
0.02595  17528.178607635105
0.02598  17540.349449236783
0.026  17552.52874176701
0.02603  17564.716491093786
0.02605  17576.809309789114
0.0260799999999999  17588.806990178884
0.0260999999999999  17600.916394512675
0.0261300000000001  17613.034135834518
0.0261500000000001  17624.952866277774
0.0261800000000001  17636.983408775413
0.0262  17648.91834567841
0.02623  17660.9652466719
0.02625  17672.81245404524
0.02628  17684.66760868083
0.0263  17696.634813455486
0.0263299999999999  17708.50594844256
0.0263499999999999  17720.28080949033
0.0263800000000001  17732.063499959342
0.0264000000000001  17743.85402505559
0.0264300000000001  17755.652389988532
0.02645  17767.458599971087
0.02648  17779.168076570408
0.0265  17790.88527019023
0.02653  17802.610185916372
0.02655  17814.34282883803
0.0265799999999999  17825.978345043182
0.0265999999999999  17837.621461036808
0.0266300000000001  17849.272181782755
0.0266500000000001  17860.82544825996
0.0266800000000001  17872.491324791994
0.0267  17884.059620282365
0.02673  17895.53013542873
0.02675  17907.11334320885
0.02678  17918.704048431155
0.0268  17930.196783892487
0.0268299999999999  17941.696890588268
0.0268499999999999  17953.09876647233
0.0268800000000001  17964.50788820243
0.0269000000000001  17976.030001425253
0.0269300000000001  17987.453695862532
0.02695  17998.884650011474
0.02698  18010.322868485586
0.027  18021.66234581102
0.02703  18033.115039418793
0.02705  18044.362723298047
0.0270799999999999  18055.723632452584
0.0270999999999999  18066.98541785046
0.0271300000000001  18078.25422749243
0.0271500000000001  18089.63647507306
0.0271800000000001  18100.919412719588
0.0272  18112.20938780338
0.02723  18123.506404713855
0.02725  18134.703792801225
0.02728  18145.908099058703
0.0273  18157.119327760574
0.0273299999999999  18168.33748318379
0.0273499999999999  18179.45563131912
0.0273800000000001  18190.580583226023
0.0274000000000001  18201.8194122791
0.0274300000000001  18212.95804974363
0.02745  18224.10350351819
0.02748  18235.25577777407
0.0275  18246.307545148517
0.02753  18257.366010622707
0.02755  18268.53863993207
0.0275799999999999  18279.50305211075
0.0275999999999999  18290.689228224095
0.0276300000000001  18301.774591924623
0.0276500000000001  18312.758951658165
0.0276800000000001  18323.74990398513
0.0277  18334.85530463507
0.02773  18345.85951875196
0.02775  18356.870337378474
0.02778  18367.779718397673
0.0278  18378.911804018335
0.0278299999999999  18389.834284152654
0.0278499999999999  18400.655015987744
0.0278800000000001  18411.698721777753
0.0279000000000001  18422.640686986157
0.0279300000000001  18433.58915494069
0.02795  18444.544129505884
0.02798  18455.397053070174
0.028  18466.36498794209
0.02803  18477.230751081428
0.02805  18488.102907726392
0.0280799999999999  18498.981461638996
0.0280999999999999  18509.975298470832
0.0281300000000001  18520.757776326118
0.0281500000000001  18531.65554463569
0.0281800000000001  18542.450651723084
0.0282  18553.361184301426
0.02823  18564.168935413196
0.02825  18574.98298228361
0.02828  18585.91265715651
0.0283  18596.739370234987
0.0283299999999999  18607.572390117875
0.0283499999999999  18618.30220073221
0.0283800000000001  18629.14778144993
0.0284000000000001  18639.890033228436
0.0284300000000001  18650.748189345202
0.02845  18661.39312348977
0.02848  18672.15396911846
0.0285  18682.92101984652
0.02853  18693.694279252028
0.02855  18704.473750915146
0.0285799999999999  18715.259438418085
0.0285999999999999  18726.051345345128
0.0286300000000001  18736.849475282634
0.0286500000000001  18747.433272483097
0.0286800000000001  18758.243732026203
0.0287  18768.950019364795
0.02873  18779.772886255516
0.02875  18790.380929403924
0.02878  18801.10555908173
0.0288  18811.83630985321
0.0288299999999999  18822.462464518874
0.0288499999999999  18833.205404766584
0.0288800000000001  18843.95447655875
0.0289000000000001  18854.598773664173
0.0289300000000001  18865.36005574413
0.02895  18875.905409055464
0.02898  18886.678851919973
0.029  18897.34728254502
0.02903  18908.021739396958
0.02905  18918.702225879802
0.0290799999999999  18929.388745399472
0.0290999999999999  18940.08130136382
0.0291300000000001  18950.66842233463
0.0291500000000001  18961.26146129115
0.0291800000000001  18971.9720210486
0.0292  18982.576968284335
0.02923  18993.29956843329
0.02925  19003.916437335087
0.02928  19014.539240851074
0.0293  19025.279895380583
0.0293299999999999  19035.914640635954
0.0293499999999999  19046.443292266795
0.0293800000000001  19057.201968289748
0.0294000000000001  19067.742393815428
0.0294300000000001  19078.400874745443
0.02945  19088.953025260704
0.02948  19099.735713559236
0.0295  19110.29966424748
0.02953  19120.869457794266
0.02955  19131.5576356746
0.0295799999999999  19142.139186879453
0.0295999999999999  19152.839254106573
0.0296300000000001  19163.43257604854
0.0296500000000001  19174.03175709412
0.0296800000000001  19184.636800483957
0.0297  19195.24770946047
0.02973  19205.86448726788
0.02975  19216.487137152224
0.02978  19227.115662361277
0.0298  19237.750066144683
0.0298299999999999  19248.390351753835
0.0298499999999999  19258.923234324993
0.0298800000000001  19269.575230688028
0.0299000000000001  19280.23311860717
0.0299300000000001  19290.783425810612
0.02995  19301.453043856854
0.02998  19312.128563205628
0.03  19322.696323867054
0.03003  19333.38359274819
0.03005  19343.962984342194
0.0300799999999999  19354.66201568726
0.0300999999999999  19365.13913809669
0.0301300000000001  19375.735906594633
0.0301500000000001  19386.452511354793
0.0301800000000001  19397.060942711476
0.0302  19407.675179091853
0.03023  19418.29522367245
0.03025  19428.921079631593
0.03028  19439.552750149294
0.0303  19450.190238407336
0.0303299999999999  19460.719072434487
0.0303499999999999  19471.482680880268
0.0303800000000001  19482.13764146743
0.0304000000000001  19492.683769356496
0.0304300000000001  19503.350331359197
0.03045  19514.02273019517
0.03048  19524.586118213996
0.0305  19535.270137452753
0.03053  19545.960003077533
0.03055  19556.540679474587
0.0305799999999999  19567.242184520495
0.0305999999999999  19577.83438145042
0.0306300000000001  19588.54753859078
0.0306500000000001  19599.151268597463
0.0306800000000001  19609.876090519403
0.0307  19620.491366160364
0.03073  19631.227865564804
0.03075  19641.85469941127
0.03078  19652.602889012986
0.0308  19663.12562786477
0.0308299999999999  19673.885457099077
0.0308499999999999  19684.535382478105
0.0308800000000001  19695.30692731185
0.0309000000000001  19705.968448623953
0.0309300000000001  19716.63574126204
0.03095  19727.308808350277
0.03098  19737.987653014487
0.031  19748.67227838222
0.03103  19759.478919469773
0.03105  19770.175178552887
0.0310799999999999  19780.760870007227
0.0310999999999999  19791.585070244473
0.0311300000000001  19802.29870912329
0.0311500000000001  19813.018147540537
0.0311800000000001  19823.85999923381
0.0312  19834.474435549662
0.03123  19845.21129142551
0.03125  19855.953959407674
0.03128  19866.702442642378
0.0313  19877.573670837584
0.0313299999999999  19888.21686746281
0.0313499999999999  19898.98281534952
0.0313800000000001  19909.754591090714
0.0314000000000001  19920.532197841163
0.0314300000000001  19931.315638757296
0.03145  19942.104916997298
0.03148  19952.900035721035
0.0315  19963.7009980901
0.03153  19974.507807267804
0.03155  19985.320466419143
0.0315799999999999  19996.13897871085
0.0315999999999999  20006.963347311354
0.0316300000000001  20017.79357539082
0.0316500000000001  20028.629666121124
0.0316800000000001  20039.47162267583
0.0317  20050.319448230268
0.03173  20061.173145961446
0.03175  20072.03271904811
0.03178  20082.89817067074
0.0318  20093.76950401151
0.0318299999999999  20104.528459974375
0.0318499999999999  20115.411502286788
0.0318800000000001  20126.300435839585
0.0319000000000001  20137.195263821824
0.0319300000000001  20148.214507984587
0.03195  20159.121198556655
0.03198  20170.033793170434
0.032  20180.833583886993
0.03203  20191.75793191289
0.03205  20202.80703323073
0.0320799999999999  20213.743275988676
0.0320999999999999  20224.68543878562
0.0321300000000001  20235.63352482622
0.0321500000000001  20246.587537316864
0.0321800000000001  20257.547479465677
0.0322  20268.63258138234
0.03223  20279.485165578997
0.03225  20290.582271983698
0.03228  20301.56602949133
0.0323  20312.555732758785
0.0323299999999999  20323.55138500463
0.0323499999999999  20334.672604818603
0.0323800000000001  20345.56054931458
0.0324000000000001  20356.69381273008
0.0324300000000001  20367.71335793084
0.03245  20378.738868264136
0.03248  20389.890287137354
0.0325  20400.8077972463
0.03253  20411.971292424776
0.03255  20423.020760592986
0.0325799999999999  20434.196410893524
0.0325999999999999  20445.378176604765
0.0326300000000001  20456.4457286855
0.0326500000000001  20467.519271885976
0.0326800000000001  20478.59880944934
0.0327  20489.804872529945
0.03273  20500.896473800007
0.03275  20511.994079208216
0.03278  20523.218416463864
0.0328  20534.448895772122
0.0328299999999999  20545.68552049399
0.0328499999999999  20556.80737124031
0.0328800000000001  20568.05623070971
0.0329000000000001  20579.3112456505
0.0329300000000001  20590.451298772994
0.03295  20601.71856848508
0.03298  20612.99200374281
0.033  20624.150289032063
0.03303  20635.55738439231
0.03305  20646.727884839584
0.0330799999999999  20658.025949577237
0.0330999999999999  20669.3301967118
0.0331300000000001  20680.640629626345
0.0331500000000001  20691.957251705768
0.0331800000000001  20703.15828269464
0.0332  20714.609076908197
0.03323  20725.944286810285
0.03325  20737.28569943544
0.03328  20748.633318177843
0.0333  20759.98714643353
0.0333299999999999  20771.46937235499
0.0333499999999999  20782.835696693364
0.0333800000000001  20794.208240780867
0.0334000000000001  20805.587008021022
0.0334300000000001  20817.09445495583
0.03345  20828.485745726626
0.03348  20839.883269908427
0.0335  20851.532341614373
0.03353  20862.942477089044
0.03355  20874.48164699405
0.0335799999999999  20885.90434052341
0.0335999999999999  20897.45621049907
0.0336300000000001  20909.014469745587
0.0336500000000001  20920.456059928656
0.0336800000000001  20932.027040255656
0.0337  20943.60442042333
0.03373  20955.188203971415
0.03375  20966.77839444155
0.03378  20978.374995377395
0.0338  20989.978010324518
0.0338299999999999  21001.58744283048
0.0338499999999999  21013.203296444794
0.0338800000000001  21024.94925052724
0.0339000000000001  21036.578025419018
0.0339300000000001  21048.213232117294
0.03395  21059.854874179477
0.03398  21071.502955164928
0.034  21083.28149757315
0.03403  21095.066623947474
0.03405  21106.734180343152
0.0340799999999999  21118.532416291055
0.0340999999999999  21130.337247213356
0.0341300000000001  21142.024311581845
0.0341500000000001  21153.84227399674
0.0341800000000001  21165.66684241272
0.0342  21177.498020522416
0.03423  21189.335812020505
0.03425  21201.05550814572
0.03428  21212.906467801182
0.0343  21224.88890382298
0.0343299999999999  21236.753185862806
0.0343499999999999  21248.49910825662
0.0343800000000001  21260.501649328035
0.0344000000000001  21272.510970219126
0.0344300000000001  21284.276670031646
0.03445  21296.29942060833
0.03448  21308.328962420343
0.0345  21320.239885759118
0.03453  21332.282950710563
0.03455  21344.332818372208
0.0345799999999999  21356.263867135607
0.0345999999999999  21368.327280786205
0.0346300000000001  21380.271741967015
0.0346500000000001  21392.474554549954
0.0346800000000001  21404.558422363487
0.0347  21416.649115935357
0.03473  21428.746639121175
0.03475  21440.85099577879
0.03478  21453.088384034534
0.0348  21465.080224951453
0.0348299999999999  21477.33144206525
0.0348499999999999  21489.463242594982
0.0348800000000001  21501.728376341744
0.0349000000000001  21513.873957854517
0.0349300000000001  21526.279648844666
0.03495  21538.439098520787
0.03498  21550.732185288813
0.035  21563.032288349055
0.03503  21575.212498318077
0.03505  21587.653559366638
0.0350799999999999  21599.97473533997
0.0350999999999999  21612.430075205146
0.0351300000000001  21624.76539240094
0.0351500000000001  21637.107749991985
0.0351800000000001  21649.584502119138
0.0352  21661.94102524318
0.03523  21674.30460086577
0.03525  21686.802802065213
0.03528  21699.30821018713
0.0353  21711.693113169847
0.0353299999999999  21724.340663823936
0.0353499999999999  21736.867717657573
0.0353800000000001  21749.27405776866
0.0354000000000001  21761.815489114288
0.0354300000000001  21774.492237182214
0.03545  21787.048210257573
0.03548  21799.611423568836
0.0355  21812.310188620548
0.03553  21825.01635098916
0.03555  21837.601458126803
0.0355799999999999  21850.322353230004
0.0355999999999999  21862.922052739286
0.0356300000000001  21875.657697659622
0.0356500000000001  21888.400761380206
0.0356800000000001  21901.28007890303
0.0357  21914.038068238257
0.03573  21926.803489389862
0.03575  21939.576346687038
0.03578  21952.356644461513
0.0358  21965.273594159225
0.0358299999999999  21978.0688611596
0.0358499999999999  21991.000940140035
0.0358800000000001  22003.81119389937
0.0359000000000001  22016.75841988305
0.0359300000000001  22029.713264122423
0.03595  22042.675731100207
0.03598  22055.645825301614
0.036  22068.62355121461
0.03603  22081.608913329743
0.03605  22094.73188476905
0.0360799999999999  22107.732609245366
0.0360999999999999  22120.871105844846
0.0361300000000001  22133.887210856803
0.0361500000000001  22147.041250983537
0.0361800000000001  22160.203108479636
0.0362  22173.372787990917
0.03623  22186.550294165947
0.03625  22199.735631656065
0.03628  22213.059469786782
0.0363  22226.260561525436
0.0363299999999999  22239.60031938951
0.0363499999999999  22252.686285660722
0.0363800000000001  22266.041903716865
0.0364000000000001  22279.405537548337
0.0364300000000001  22292.777191966037
0.03645  22306.15687178376
0.03648  22319.54458181823
0.0365  22332.94032688896
0.03653  22346.344111818456
0.03655  22359.755941432075
0.0365799999999999  22373.307427861753
0.0365999999999999  22386.73544031936
0.0366300000000001  22400.303278104308
0.0366500000000001  22413.879338893556
0.0366800000000001  22427.46362767082
0.0367  22440.92414359837
0.03673  22454.52482331053
0.03675  22468.26591181271
0.03678  22481.750916456647
0.0368  22495.508666017493
0.0368299999999999  22509.27483465897
0.0368499999999999  22522.916939396702
0.0368800000000001  22536.69988058238
0.0369000000000001  22550.49125626469
0.0369300000000001  22564.158340871625
0.03695  22578.099331768502
0.03698  22591.916041922486
0.037  22605.74120723811
0.03703  22619.707889603415
0.03705  22633.550062192266
0.0370799999999999  22647.5339259205
0.0370999999999999  22661.393126704363
0.0371300000000001  22675.394192931493
0.0371500000000001  22689.403909547174
0.0371800000000001  22703.422281895935
0.0372  22717.582947773462
0.03723  22731.61873019838
0.03725  22745.663184460835
0.03728  22759.850196996584
0.0373  22773.912093727577
0.0373299999999999  22788.25077392139
0.0373499999999999  22802.33021760351
0.0373800000000001  22816.686790129064
0.0374000000000001  22830.918101781324
0.0374300000000001  22845.292673521362
0.03745  22859.54182734526
0.03748  22873.799868706195
0.0375  22888.201439230605
0.03753  22902.47735627491
0.03755  22917.031788101856
0.0375799999999999  22931.460577870093
0.0375999999999999  22945.898452147027
0.0376300000000001  22960.480477904945
0.0376500000000001  22974.936623397825
0.0376800000000001  22989.40187062282
0.0377  23004.146860740366
0.03773  23018.63049901955
0.03775  23033.258745699397
0.03778  23048.031864830198
0.0378  23062.67879595923
0.0378299999999999  23077.33503515382
0.0378499999999999  23092.000588329218
0.0378800000000001  23106.94730624419
0.0379000000000001  23121.631677898215
0.0379300000000001  23136.46147784304
0.03795  23151.30078935561
0.03798  23166.149618536503
0.038  23181.144330761614
0.03803  23196.14874858731
0.03805  23211.026342445042
0.0380799999999999  23226.050101946985
0.0380999999999999  23241.08358585087
0.0381300000000001  23256.126800450984
0.0381500000000001  23271.31664174098
0.0381800000000001  23286.379425237104
0.0382  23301.45195839415
0.03823  23316.671404009987
0.03825  23331.90079027354
0.03828  23347.14012367755
0.0383  23362.389410719064
0.0383299999999999  23377.64865789934
0.0383499999999999  23392.917871723876
0.0383800000000001  23408.334754384254
0.0384000000000001  23423.624010967404
0.0384300000000001  23439.06113022024
0.03845  23454.508423161453
0.03848  23469.965896495876
0.0385  23485.571706948285
0.03853  23501.04965224795
0.03855  23516.676131124124
0.0385799999999999  23532.313000465638
0.0385999999999999  23547.96026718141
0.0386300000000001  23563.617938184936
0.0386500000000001  23579.28602039427
0.0386800000000001  23595.103315049302
0.0387  23610.79233273105
0.03873  23626.63076223407
0.03875  23642.479816363553
0.03878  23658.339502246647
0.0388  23674.209827015253
0.0388299999999999  23690.230151691245
0.0388499999999999  23705.98242176067
0.0388800000000001  23722.024246933925
0.0389000000000001  23738.07692760138
0.0389300000000001  23754.14047110896
0.03895  23770.354710012223
0.03898  23786.440095877275
0.039  23802.536366714034
0.03903  23818.643529888373
0.03905  23834.901797663395
0.0390799999999999  23851.311464520597
0.0390999999999999  23867.592030963846
0.0391300000000001  23883.74321727013
0.0391500000000001  23900.18651008606
0.0391800000000001  23916.641123651712
0.0392  23933.10706576106
0.03923  23949.443464719956
0.03925  23965.93199032863
0.03928  23982.572941372102
0.0393  23999.084275703877
0.0393299999999999  24015.748246321866
0.0393499999999999  24032.42378771122
0.0393800000000001  24048.96944296399
0.0394000000000001  24065.668051777007
0.0394300000000001  24082.519916877915
0.03945  24099.241821751108
0.03948  24116.117196718507
0.0395  24133.004388583806
0.03953  24149.76134778421
0.03955  24166.672098799994
0.0395799999999999  24183.59469148559
0.0395999999999999  24200.671490605495
0.0396300000000001  24217.760348191965
0.0396500000000001  24234.718715171664
0.0396800000000001  24251.974272830103
0.0397  24268.95659794142
0.03973  24286.23653359106
0.03975  24303.385811353663
0.03978  24320.690261225427
0.0398  24337.863867852015
0.0398299999999999  24355.336132984794
0.0398499999999999  24372.53420415439
0.0398800000000001  24390.031359282075
0.0399000000000001  24407.39750234968
0.0399300000000001  24424.919686000558
0.03995  24442.45444890816
0.03998  24460.001800103222
0.04  24477.56174862296
0.04003  24495.13430351101
0.04005  24512.86366670916
0.0400799999999999  24530.46156500763
0.0400999999999999  24548.360899465766
0.0401300000000001  24566.12878760686
0.0401500000000001  24583.909535989427
0.0401800000000001  24601.847870248144
0.0402  24619.6544717892
0.04023  24637.473961592146
0.04025  24655.596413119274
0.04028  24673.587055704364
0.0403  24691.590825662883
0.0403299999999999  24709.753083634776
0.0403499999999999  24727.783243142785
0.0403800000000001  24745.97212297258
0.0404000000000001  24764.320053939384
0.0404300000000001  24782.535808950626
0.04045  24800.764962824815
0.04048  24819.0075254177
0.0405  24837.555711411173
0.04053  24855.971547140398
0.04055  24874.401037313317
0.0405799999999999  24892.844192054014
0.0405999999999999  24911.44755898995
0.0406300000000001  24929.918181918958
0.0406500000000001  24948.54925565415
0.0406800000000001  24967.194253097627
0.0407  24985.853184655094
0.04073  25004.67314662012
0.04075  25023.50728424548
0.04078  25042.208300667746
0.0408  25061.070710698543
0.0408299999999999  25079.94732836264
0.0408499999999999  25098.985805020293
0.0408800000000001  25117.890981270215
0.0409000000000001  25136.95826139145
0.0409300000000001  25156.040015704482
0.04095  25175.136255196834
0.04098  25194.395192753134
0.041  25213.520548101806
0.04103  25232.808849578618
0.04105  25251.96336517627
0.0410799999999999  25271.281075344497
0.0410999999999999  25290.76233228166
0.0411300000000001  25310.109723595495
0.0411500000000001  25329.62091296351
0.0411800000000001  25348.998031027244
0.0412  25368.539198816474
0.04123  25388.095430603036
0.04125  25407.816195302275
0.04128  25427.402705144697
0.0413  25447.15400263891
0.0413299999999999  25466.920642390305
0.0413499999999999  25486.702636316393
0.0413800000000001  25506.650035020386
0.0414000000000001  25526.462889630984
0.0414300000000001  25546.44140705742
0.04145  25566.435560851518
0.04148  25586.29485519173
0.0415  25606.320200648042
0.04153  25626.511962867033
0.04155  25646.71964722003
0.0415799999999999  25666.792284687206
0.0415999999999999  25687.182832559258
0.0416300000000001  25707.43835868586
0.0416500000000001  25727.55851820264
0.0416800000000001  25747.99734077841
0.0417  25768.45240063019
0.04173  25788.923710657415
0.04175  25809.56310428261
0.04178  25830.06707401118
0.0418  25850.58733277079
0.0418299999999999  25871.276077031318
0.0418499999999999  25891.9813789094
0.0418800000000001  25912.703251656465
0.0419000000000001  25933.289159326054
0.0419300000000001  25954.1967628161
0.04195  25975.121222165842
0.04198  25996.0625509646
0.042  26016.86772196416
0.04203  26037.995871321215
0.04205  26058.987890112512
0.0420799999999999  26079.996832819746
0.0420999999999999  26101.176248966374
0.0421300000000001  26122.372864795638
0.0421500000000001  26143.586694275262
0.0421800000000001  26164.817751384402
0.0422  26186.22008624916
0.04223  26207.4857656919
0.04225  26228.92300219975
0.04228  26250.53218840987
0.0423  26271.850095342663
0.0423299999999999  26293.494647837146
0.0423499999999999  26315.002238012843
0.0423800000000001  26336.682342202923
0.0424000000000001  26358.38030795023
0.0424300000000001  26380.096149970286
0.04245  26401.829882990845
0.04248  26423.581521751712
0.0425  26445.50664235108
0.04253  26467.29426502277
0.04255  26489.411476134577
0.0425799999999999  26511.23527062043
0.0425999999999999  26533.38920072918
0.0426300000000001  26555.405434889497
0.0426500000000001  26577.596275490057
0.0426800000000001  26599.649190727985
0.0427  26621.877003316637
0.04273  26644.123390422912
0.04275  26666.54522913785
0.04278  26688.828942937602
0.0428  26711.288402732214
0.0428299999999999  26733.609505855027
0.0428499999999999  26756.1066498528
0.0428800000000001  26778.622725880246
0.0429000000000001  26801.15774986919
0.0429300000000001  26823.869524768706
0.04295  26846.60054602778
0.04298  26869.192775416122
0.043  26891.96220439908
0.04303  26914.750928598685
0.04305  26937.55896436609
0.0430799999999999  26960.54491904046
0.0430999999999999  26983.391761444953
0.0431300000000001  27006.41682547582
0.0431500000000001  27029.461536909734
0.0431800000000001  27052.525912511926
0.0432  27075.60996906195
0.04323  27098.87312802081
0.04325  27121.99673288315
0.04328  27145.140069233916
0.0433  27168.462967928102
0.0433299999999999  27191.96585775003
0.0433499999999999  27215.168899107284
0.0433800000000001  27238.551966041552
0.0434000000000001  27261.955123529773
0.0434300000000001  27285.699395173513
0.04345  27309.14306137567
0.04348  27332.767650711492
0.0435  27356.412677203483
0.04353  27380.078158531418
0.04355  27403.925311476854
0.0435799999999999  27427.631895027247
0.0435999999999999  27451.358986665302
0.0436300000000001  27475.2682228817
0.0436500000000001  27499.03652374704
0.0436800000000001  27522.98728553951
0.0437  27547.12094907384
0.04373  27571.113590828758
0.04375  27595.289454144942
0.04378  27619.324049093015
0.0438  27643.379577387564
0.0438299999999999  27667.618807480972
0.0438499999999999  27691.879291859666
0.0438800000000001  27716.161049160546
0.0439000000000001  27740.4640980369
0.0439300000000001  27764.788457158324
0.04395  27789.297611186586
0.04398  27813.664790208473
0.044  27838.21708944482
0.04403  27862.627163746067
0.04405  27887.222684142052
0.0440799999999999  27911.839916044988
0.0440999999999999  27936.478878620546
0.0441300000000001  27961.304068826797
0.0441500000000001  27985.986695503798
0.0441800000000001  28010.691110580152
0.0442  28035.582247994087
0.04423  28060.49550441674
0.04425  28085.430899503768
0.04428  28110.388452928222
0.0443  28135.36818438068
0.0443299999999999  28160.37011356922
0.0443499999999999  28185.39426021937
0.0443800000000001  28210.606588330844
0.0444000000000001  28235.675376614145
0.0444300000000001  28260.932682063598
0.04445  28286.046191618116
0.04448  28311.348554642555
0.0445  28336.673551073247
0.04453  28362.021201156156
0.04455  28387.391525155388
0.0445799999999999  28412.784543353144
0.0445999999999999  28438.367560072824
0.0446300000000001  28463.63874356381
0.0446500000000001  28489.267549665823
0.0446800000000001  28514.751697749267
0.0447  28540.426526217005
0.04473  28566.124472431777
0.04475  28591.677370376794
0.04478  28617.42146311414
0.0448  28643.188735964424
0.0448299999999999  28669.147851349375
0.0448499999999999  28694.792905508635
0.0448800000000001  28720.629844001927
0.0449000000000001  28746.659143704564
0.0449300000000001  28772.71203357382
0.04495  28798.449727705396
0.04498  28824.54955500742
0.045  28850.673036394717
0.04503  28876.65033015617
0.04505  28902.821030100255
0.0450799999999999  28929.015448360966
0.0450999999999999  28955.063282031417
0.0451300000000001  28981.305047068272
0.0451500000000001  29007.741228097606
0.0451800000000001  29033.85994686334
0.0452  29060.344067446913
0.04523  29086.681247700337
0.04525  29113.042297150285
0.04528  29139.59864632892
0.0453  29165.836090189332
0.0453299999999999  29192.440596835946
0.0453499999999999  29219.069371594454
0.0453800000000001  29245.550403446345
0.0454000000000001  29272.22762393426
0.0454300000000001  29298.75683272691
0.04545  29325.482587081533
0.04548  29352.0600604632
0.0455  29378.83443698221
0.04553  29405.63323656512
0.04555  29432.456481490128
0.0455799999999999  29459.13090454082
0.0455999999999999  29486.176396581126
0.0456300000000001  29512.899505603484
0.0456500000000001  29539.820596726327
0.0456800000000001  29566.766244743238
0.0457  29593.910553369325
0.04573  29620.731301081043
0.04575  29647.925153310654
0.04578  29674.96941219493
0.0458  29702.03834032452
0.0458299999999999  29729.13196020225
0.0458499999999999  29756.425331632647
0.0458800000000001  29783.568562262695
0.0459000000000001  29810.561195660124
0.0459300000000001  29837.92932468424
0.04595  29865.146901666594
0.04598  29892.565144092972
0.046  29919.832558803857
0.04603  29947.124846318417
0.04605  29974.618350091
0.0460799999999999  30001.960612135514
0.0460999999999999  30029.327815257977
0.0461300000000001  30056.89678696438
0.0461500000000001  30084.314101793716
0.0461800000000001  30111.93355466267
0.0462  30139.57836407369
0.04623  30167.07109942451
0.04625  30194.588913112148
0.04628  30222.131828012523
0.0463  30249.877806956833
0.0463299999999999  30277.649258602807
0.0463499999999999  30305.267939529826
0.0463800000000001  30333.090243096533
0.0464000000000001  30360.759496207927
0.0464300000000001  30388.453988672187
0.04645  30416.352662707417
0.04648  30444.276949628846
0.0465  30472.047625084666
0.04653  30499.843632408792
0.04655  30527.66499470849
0.0465799999999999  30555.69147394506
0.0465999999999999  30583.743683401695
0.0466300000000001  30611.641577690993
0.0466500000000001  30639.56491989519
0.0466800000000001  30667.513733227315
0.0467  30695.668603147118
0.04673  30723.668593164544
0.04675  30751.69412422655
0.04678  30779.926277488532
0.0468  30808.003125712585
0.0468299999999999  30836.105585089812
0.0468499999999999  30864.233678982167
0.0468800000000001  30892.387430773015
0.0469000000000001  30920.566863866923
0.0469300000000001  30948.772001689915
0.04695  30977.00286768935
0.04698  31005.25948533394
0.047  31033.54187811385
0.04703  31062.03278684322
0.04705  31090.366967121103
0.0470799999999999  31118.726993285425
0.0470999999999999  31147.11288891232
0.0471300000000001  31175.341292699468
0.0471500000000001  31203.778830785708
0.0471800000000001  31232.242309039393
0.0472  31260.73175112257
0.04723  31289.063126865138
0.04725  31317.604399789783
0.04728  31345.987318803695
0.0473  31374.58051686562
0.0473299999999999  31403.015072923536
0.0473499999999999  31431.66029059011
0.0473800000000001  31460.14657763534
0.0474000000000001  31488.65868159704
0.0474300000000001  31517.196625872988
0.04745  31545.76043388201
0.04748  31574.53586108184
0.0475  31603.151635226215
0.04753  31631.79334364032
0.04755  31660.461009828214
0.0475799999999999  31689.15465731523
0.0475999999999999  31717.87430964802
0.0476300000000001  31746.619990394604
0.0476500000000001  31775.391723144367
0.0476800000000001  31804.0024485904
0.0477  31832.63893528021
0.04773  31861.48862637934
0.04775  31890.364463745515
0.04778  31919.07871123602
0.0478  31948.006742080746
0.0478299999999999  31976.58479286306
0.0478499999999999  32005.56494105485
0.0478800000000001  32034.38291564517
0.0479000000000001  32063.226838087372
0.0479300000000001  32092.09673174507
0.04795  32120.992620002886
0.04798  32149.91452626647
0.048  32178.862473962607
0.04803  32207.83648653909
0.04805  32236.457332794773
0.0480799999999999  32265.483204077107
0.0480999999999999  32294.535210402606
0.0481300000000001  32323.6133753034
0.0481500000000001  32352.337104363232
0.0481800000000001  32381.467314385398
0.0482  32410.433103230604
0.04823  32439.42480248053
0.04825  32468.442435312492
0.04828  32497.486024924514
0.0483  32526.55559453542
0.0483299999999999  32555.45966411758
0.0483499999999999  32584.581092162676
0.0483800000000001  32613.728569834442
0.0484000000000001  32642.71010392823
0.0484300000000001  32671.717391879512
0.04845  32700.750456573984
0.04848  32730.00184977395
0.0485  32759.086707779912
0.04853  32788.004540277914
0.04855  32817.33398378176
0.0485799999999999  32846.49644773256
0.0485999999999999  32875.49144050797
0.0486300000000001  32904.70558491323
0.0486500000000001  32933.75196135796
0.0486800000000001  32963.01787780358
0.0487  32991.92165827935
0.04873  33021.23926605646
0.04875  33050.58292633617
0.04878  33079.56348864516
0.0488  33108.95897757247
0.0488299999999999  33137.99072720224
0.0488499999999999  33167.2430343168
0.0488800000000001  33196.32589060151
0.0489000000000001  33225.62969263411
0.0489300000000001  33254.763745540455
0.04895  33284.11913314124
0.04898  33313.108512756095
0.049  33342.51540375257
0.04903  33371.55564461
0.04905  33401.01412936378
0.0490799999999999  33430.105320698734
0.0490999999999999  33459.418669041246
0.0491300000000001  33488.560728820834
0.0491500000000001  33517.728170381815
0.0491800000000001  33547.11835124071
0.0492  33576.33679457639
0.04923  33605.77836668876
0.04925  33634.850048339125
0.04928  33664.144903114764
0.0493  33693.465272751215
0.0493299999999999  33722.612810576924
0.0493499999999999  33751.984103849296
0.0493800000000001  33781.182265136544
0.0494000000000001  33810.40568516476
0.0494300000000001  33839.853443160675
0.04945  33869.127618442675
0.04948  33898.227716297755
0.0495  33927.75196441168
0.04953  33956.90243186068
0.04955  33986.07794517051
0.0495799999999999  34015.47861632249
0.0495999999999999  34044.70445784623
0.0496300000000001  34073.95540999158
0.0496500000000001  34103.432102167506
0.0496800000000001  34132.73351265992
0.0497  34161.85914599858
0.04973  34191.41188192512
0.04975  34220.58758581167
0.04978  34249.78818547325
0.0498  34279.013702153476
0.0498299999999999  34308.46597102641
0.0498499999999999  34337.74155775646
0.0498800000000001  34367.04212549208
0.0499000000000001  34396.165364570064
0.0499300000000001  34425.718289263765
0.04995  34454.891251560264
0.04998  34484.29178371935
