1e-08  2706.731663460742
2.99999999999727e-05  2729.000693455636
4.99999999999545e-05  2773.8125060792827
8.00000000000409e-05  2819.1862001344225
0.000100000000000023  2864.369516183651
0.000129999999999995  2909.1007315634733
0.000149999999999977  2953.2483749798525
0.00017999999999995  2996.713975658636
0.000200000000000045  3039.4544711147246
0.000230000000000018  3081.427435290846
0.00025  3122.611086062212
0.000279999999999973  3163.0056477039407
0.000299999999999955  3202.593748021548
0.000330000000000041  3241.3736239216964
0.000350000000000023  3279.3459809775864
0.000379999999999995  3316.528072872621
0.000399999999999977  3352.91163408832
0.00042999999999995  3388.5117560389454
0.000450000000000045  3423.338850463167
0.000480000000000018  3457.3982207863996
0.0005  3490.704509186317
0.000529999999999973  3523.2670111100956
0.000549999999999954  3555.0892793581647
0.000580000000000041  3586.1992704403515
0.000600000000000023  3616.596420305504
0.000629999999999995  3646.304610429247
0.000649999999999977  3675.326156559732
0.00067999999999995  3703.672361431383
0.000700000000000045  3731.363788240525
0.000730000000000018  3758.406522249866
0.00075  3784.815716888339
0.000779999999999973  3810.5996288751744
0.000799999999999955  3835.775635177311
0.000830000000000041  3860.3540423535364
0.000850000000000023  3884.3460578298723
0.000879999999999995  3907.7637641861693
0.000899999999999977  3930.6117301724817
0.00092999999999995  3952.903568273988
0.000950000000000045  3974.662151462745
0.000980000000000018  3995.885805062752
0.001  4016.5903382903343
0.00102999999999997  4036.775114115079
0.00104999999999995  4056.465758108429
0.00108000000000004  4075.671408048794
0.00110000000000002  4094.392990934965
0.00113  4112.640514084544
0.00114999999999998  4130.424460714531
0.00117999999999995  4147.755774437657
0.00120000000000005  4164.645843843021
0.00123000000000002  4181.097591240576
0.00125  4197.123147108777
0.00127999999999997  4212.726083523182
0.00129999999999995  4227.928224258945
0.00133000000000004  4242.7248180340775
0.00135000000000002  4257.12028661784
0.00138  4271.137463595567
0.00139999999999998  4284.772295477726
0.00142999999999995  4298.02997524934
0.00145000000000005  4310.934253455329
0.00148000000000002  4323.472505521025
0.0015  4335.659765553147
0.00152999999999997  4347.5113630424885
0.00154999999999995  4359.015085975517
0.00158000000000004  4370.195899037729
0.00160000000000002  4381.04184238748
0.00163  4391.578314083402
0.00164999999999998  4401.793588336398
0.00167999999999995  4411.704081006697
0.00170000000000005  4421.317035298742
0.00173000000000002  4430.639837494376
0.00175  4439.661119186793
0.00177999999999997  4448.407353956938
0.00179999999999995  4456.867362392418
0.00183000000000004  4465.05844729718
0.00185000000000002  4472.969550863707
0.00188  4480.627732204277
0.00189999999999998  4488.022096078757
0.00192999999999995  4495.160858051257
0.00195000000000005  4502.052339152456
0.00198000000000002  4508.704960886505
0.002  4515.108027112925
0.00202999999999997  4521.270066964498
0.00204999999999995  4527.209333973648
0.00208000000000004  4532.915284042523
0.00210000000000002  4538.396671876416
0.00213  4543.662333156332
0.00214999999999998  4548.711501937226
0.00217999999999995  4553.543443204219
0.00220000000000005  4558.167151268585
0.00223000000000002  4562.591689252659
0.00225  4566.806751637564
0.00227999999999997  4570.831200432836
0.00229999999999995  4574.664525012418
0.00233000000000004  4578.296497653127
0.00235000000000002  4581.746130564928
0.00238  4585.013007353431
0.00239999999999998  4588.106495408901
0.00242999999999995  4591.006704482997
0.00245000000000005  4593.742587169807
0.00248000000000002  4596.304068192523
0.0025  4598.70063851394
0.00252999999999997  4600.932038736577
0.00254999999999995  4602.998027259247
0.00258000000000004  4604.898380320637
0.00260000000000002  4606.652494774586
0.00263  4608.250398132553
0.00264999999999998  4609.691927399369
0.00267999999999995  4610.9867460982005
0.00270000000000005  4612.13473036115
0.00273000000000002  4613.135770347724
0.00275  4613.999587272297
0.00277999999999997  4614.726103974149
0.00279999999999995  4615.305435740243
0.00283000000000004  4615.766989361114
0.00285000000000002  4616.081265046248
0.00288  4616.27769821565
0.00289999999999998  4616.336629796466
0.00292999999999995  4616.27769821565
0.00295000000000005  4616.100907987042
0.00298000000000002  4615.796451797628
0.003  4615.374174843724
0.00302999999999997  4614.834109466004
0.00304999999999995  4614.17629702325
0.00308000000000004  4613.410603643889
0.00310000000000002  4612.537083067651
0.00313  4611.545984784387
0.00314999999999998  4610.457003585503
0.00317999999999995  4609.260401971501
0.00320000000000005  4607.956263877482
0.00323000000000002  4606.554481934412
0.00325  4605.055145487019
0.00327999999999997  4603.458350077729
0.00329999999999995  4601.764197436517
0.00333000000000004  4599.982582656676
0.00335000000000002  4598.094041418909
0.00338  4596.128042896801
0.00339999999999998  4594.065137866404
0.00342999999999995  4591.915227607356
0.00345000000000005  4589.678435152913
0.00348000000000002  4587.364648807368
0.0035  4584.954475646095
0.00352999999999997  4582.477318604533
0.00354999999999995  4579.913798603526
0.00358000000000004  4577.26406210502
0.00360000000000002  4574.547726558149
0.00363  4571.755185223986
0.00364999999999998  4568.886579657906
0.00367999999999995  4565.942055210563
0.00370000000000005  4562.921761015609
0.00373000000000002  4559.835551744559
0.00375  4556.683563878051
0.00377999999999997  4553.465936741413
0.00379999999999995  4550.173131264668
0.00383000000000004  4546.824662015388
0.00385000000000002  4543.410988575157
0.00388  4539.922602122994
0.00389999999999998  4536.388634309523
0.00392999999999995  4532.780263045022
0.00395000000000005  4529.126579526694
0.00398000000000002  4525.408440886875
0.004  4521.635631237205
0.00402999999999997  4517.7986800950675
0.00404999999999995  4513.916964248633
0.00408000000000004  4509.981008999261
0.00410000000000002  4505.98137488495
0.00413  4501.94697320306
0.00414999999999998  4497.8491939548085
0.00417999999999995  4493.707338951218
0.00420000000000005  4489.5215368630825
0.00423000000000002  4485.282374479793
0.00425  4480.999544399582
0.00427999999999997  4476.67317939917
0.00429999999999995  4472.303413516527
0.00433000000000004  4467.880875904314
0.00435000000000002  4463.424724862634
0.00438  4458.925582642102
0.00439999999999998  4454.383588255599
0.00442999999999995  4449.808349609328
0.00445000000000005  4445.190520823366
0.00448000000000002  4440.530244296189
0.0045  4435.837101572981
0.00452999999999997  4431.111207230352
0.00454999999999995  4426.352676559098
0.00458000000000004  4421.552217991593
0.00460000000000002  4416.719376346149
0.00463  4411.854269233921
0.00464999999999998  4406.957014960359
0.00467999999999995  4402.037098546824
0.00470000000000005  4397.075897064389
0.00473000000000002  4392.0922522542505
0.00475  4387.07691892227
0.00477999999999997  4382.030018571867
0.00479999999999995  4376.960986045741
0.00483000000000004  4371.860609778328
0.00485000000000002  4366.738303980441
0.00488  4361.594159698512
0.00489999999999998  4356.418999303492
0.00492999999999995  4351.222205541853
0.00495000000000005  4346.003870522415
0.00498000000000002  4340.764086656066
0.005  4335.50294665305
0.00502999999999997  4330.220543520234
0.00504999999999995  4324.916970558385
0.00508000000000004  4319.592321359421
0.00510000000000002  4314.25586906171
0.00513  4308.889337897021
0.00514999999999998  4303.511169343185
0.00517999999999995  4298.121423668475
0.00520000000000005  4292.711027776068
0.00523000000000002  4287.2800766852715
0.00525  4281.837775972287
0.00527999999999997  4276.384186332355
0.00529999999999995  4270.910281474741
0.00533000000000004  4265.425232601427
0.00535000000000002  4259.929100675651
0.00538  4254.412894771665
0.00539999999999998  4248.894791622107
0.00542999999999995  4243.356760278103
0.00545000000000005  4237.816930591301
0.00548000000000002  4232.266323636279
0.0055  4226.6960077572585
0.00552999999999997  4221.124042149369
0.00554999999999995  4215.541483435512
0.00558000000000004  4209.9483931049945
0.00560000000000002  4204.353778124085
0.00563  4198.748730792483
0.00564999999999998  4193.133312688742
0.00567999999999995  4187.51649504158
0.00570000000000005  4181.889405964541
0.00573000000000002  4176.260992770213
0.00575  4170.631281175282
0.00577999999999997  4164.991435176739
0.00579999999999995  4159.350366117449
0.00583000000000004  4153.699261974789
0.00585000000000002  4148.055835708532
0.00588  4142.402449605156
0.00589999999999998  4136.747966902014
0.00592999999999995  4131.083623592199
0.00595000000000005  4125.427036322972
0.00598000000000002  4119.769428997988
0.006  4114.1108270745435
0.00602999999999997  4108.4512559813365
0.00604999999999995  4102.790741118296
0.00608000000000004  4097.129307856401
0.00610000000000002  4091.4756867956644
0.00613  4085.8124806829633
0.00614999999999998  4080.1571132832178
0.00617999999999995  4074.50090458641
0.00620000000000005  4068.852536934918
0.00623000000000002  4063.2033543362018
0.00625  4057.562015045578
0.00627999999999997  4051.911265961138
0.00629999999999995  4046.27699546283
0.00633000000000004  4040.6419624201503
0.00635000000000002  4035.0061918571946
0.00638  4029.3868550584457
0.00639999999999998  4023.758221596952
0.00642999999999995  4018.1459999874555
0.00645000000000005  4012.533068828883
0.00648000000000002  4006.927978350115
0.0065  4001.330717598538
0.00652999999999997  3995.74127563684
0.00654999999999995  3990.1511518506527
0.00658000000000004  3984.57732657708
0.00660000000000002  3979.002821384009
0.00663  3973.44456916613
0.00664999999999998  3967.8856389284224
0.00667999999999995  3962.334485747838
0.00670000000000005  3956.799517457535
0.00673000000000002  3951.2638739876784
0.00675  3945.7443701881366
0.00677999999999997  3940.2325765601154
0.00679999999999995  3934.7284823333093
0.00683000000000004  3929.2320767524575
0.00685000000000002  3923.7433490773215
0.00688  3918.2706253198116
0.00689999999999998  3912.805534759141
0.00692999999999995  3907.3563802641143
0.00695000000000005  3901.914814514413
0.00698000000000002  3896.480826941598
0.007  3891.0544069919497
0.00702999999999997  3885.643811444907
0.00704999999999995  3880.248995288468
0.00708000000000004  3874.86166927852
0.00710000000000002  3869.4900559645753
0.00713  3864.125889169256
0.00714999999999998  3858.7773687255403
0.00717999999999995  3853.4362514233776
0.00720000000000005  3848.1107144766243
0.00723000000000002  3842.800713706648
0.00725  3837.498040196791
0.00727999999999997  3832.210837467588
0.00729999999999995  3826.9390617205486
0.00733000000000004  3821.682669315883
0.00735000000000002  3816.433496692005
0.00738  3811.199642859156
0.00739999999999998  3805.9891623933554
0.00742999999999995  3800.777718664678
0.00745000000000005  3795.5895622433422
0.00748000000000002  3790.4165524924642
0.0075  3785.258646770814
0.00752999999999997  3780.1077598005495
0.00754999999999995  3774.979945740999
0.00758000000000004  3769.859087694001
0.00760000000000002  3764.761196449871
0.00763  3759.678198270252
0.00764999999999998  3754.602062908524
0.00767999999999995  3749.548736591433
0.00770000000000005  3744.5101785906527
0.00773000000000002  3739.4863476345618
0.00775  3734.4772026009045
0.00777999999999997  3729.490637594247
0.00779999999999995  3724.510731037811
0.00783000000000004  3719.5533018934334
0.00785000000000002  3714.610374645407
0.00787999999999999  3709.6819090023323
0.00789999999999998  3704.7678648185574
0.00792999999999995  3699.8760741620213
0.00795000000000005  3694.9986043366894
0.00798000000000002  3690.1354157221776
0.008  3685.286468841381
0.00802999999999997  3680.4595551166426
0.00804999999999995  3675.6546046360772
0.00808000000000004  3670.8559271626664
0.00810000000000002  3666.0791148102785
0.00812999999999999  3661.324098498903
0.00814999999999998  3656.583029544178
0.00817999999999995  3651.855869723871
0.00820000000000005  3647.150340840018
0.00823000000000002  3642.458625078939
0.00825  3637.780684719423
0.00827999999999997  3633.131942279646
0.00829999999999995  3628.48914049659
0.00833000000000004  3623.8676924594265
0.00835000000000002  3619.2675316643144
0.00838  3614.680901144944
0.00839999999999998  3610.115445337939
0.00842999999999995  3605.571098668482
0.00845000000000005  3601.0401341180795
0.00848000000000002  3596.5225156013976
0.0085  3592.0334923799273
0.00852999999999997  3587.550072162301
0.00854999999999996  3583.0951187020096
0.00858000000000004  3578.653311468577
0.00860000000000002  3574.2322200168983
0.00863  3569.8241857727276
0.00864999999999998  3565.4367599143966
0.00867999999999995  3561.0698797966256
0.00870000000000005  3556.7234831131177
0.00873000000000002  3552.389949610562
0.00875  3548.0767942785565
0.00877999999999997  3543.7839556893273
0.00879999999999995  3539.5038418815066
0.00883000000000004  3535.2439410716966
0.00885000000000002  3531.004192700204
0.00888  3526.7845365371995
0.00889999999999998  3522.5849126813055
0.00892999999999995  3518.397775597501
0.00895000000000004  3514.230569714657
0.00898000000000002  3510.083235981515
0.009  3505.9557156701712
0.00902999999999997  3501.8404996422996
0.00904999999999995  3497.752439975365
0.00908000000000004  3493.6765860687356
0.00910000000000002  3489.6203310815467
0.00913  3485.5836177575593
0.00914999999999998  3481.566389156212
0.00917999999999995  3477.5611895770585
0.00920000000000004  3473.582769320098
0.00923000000000002  3469.6162826336167
0.00925  3465.6690727777554
0.00927999999999997  3461.748449662381
0.00929999999999995  3457.8396189457835
0.00933000000000004  3453.9498995103895
0.00935000000000002  3450.0718961861876
0.00938  3446.2202440615365
0.00939999999999998  3442.3875403386805
0.00942999999999995  3438.573731343526
0.00945000000000005  3434.771455670483
0.00948000000000002  3430.9952843442393
0.0095  3427.230556494858
0.00952999999999997  3423.4845275562934
0.00954999999999995  3419.7571452265365
0.00958000000000004  3416.055625694271
0.00960000000000002  3412.3653730031697
0.00963  3408.6936118191798
0.00964999999999998  3405.040291012851
0.00967999999999995  3401.4053597449238
0.00970000000000005  3397.7887674651524
0.00973000000000002  3394.190463911137
0.00975  3390.6103991071664
0.00977999999999997  3387.048523363055
0.00979999999999995  3383.5047872730083
0.00983000000000004  3379.979141714472
0.00985000000000002  3376.464353872656
0.00987999999999999  3372.974750561513
0.00989999999999998  3369.5030920642344
0.00992999999999995  3366.0493303801036
0.00995000000000005  3362.606263297041
0.00998000000000002  3359.188159619158
0.01  3353.0186436140198
0.01003  3349.6387932355237
0.01005  3346.2837089434042
0.01008  3342.9675484853205
0.0101  3339.70441424372
0.01013  3336.515454144859
0.01015  3333.435923621178
0.0101799999999999  3330.479697417258
0.0102  3327.6747729339813
0.01023  3325.0490703619544
0.01025  3322.61630782152
0.01028  3320.369000111589
0.0103  3318.3420745592193
0.01033  3316.5210164374193
0.01035  3314.912541095434
0.01038  3313.5233901812385
0.0104  3312.3391934767674
0.0104299999999999  3311.3667770753104
0.01045  3310.598910844728
0.01048  3310.021367375113
0.0105  3309.641088894002
0.01053  3309.443924659614
0.01055  3309.4368832970526
0.01058  3309.5988384263815
0.0106  3309.9368572701233
0.01063  3310.436906776882
0.01065  3311.1061052705013
0.0106799999999999  3311.9163686542265
0.0107  3312.8889464488184
0.01073  3314.0098793246143
0.01075  3315.272263887691
0.01078  3316.6833182455757
0.0108  3318.2291116454226
0.01083  3319.909831895213
0.01085  3321.732750771064
0.01088  3323.683958174214
0.0109  3325.763678963121
0.01093  3327.98631451657
0.01095  3330.3308920743275
0.01098  3332.818940459988
0.011  3335.443681994974
0.01103  3338.1983340749534
0.01105  3341.0974324809335
0.01108  3344.15557992223
0.0111  3347.373208410756
0.01113  3350.757902034859
0.01115  3354.345845506247
0.01118  3358.194844480047
0.0112  3362.3415579042157
0.01123  3366.901693324296
0.01125  3372.013231004696
0.01128  3377.8727049836666
0.0113  3384.7288295095063
0.01133  3392.890810066049
0.01135  3402.7444743226365
0.01138  3414.7112726518467
0.0114  3429.2072528723675
0.01143  3446.6235487510817
0.01145  3467.276926182731
0.01148  3491.410148431227
0.0115  3519.183888439683
0.01153  3550.6595258895936
0.01155  3585.833039003591
0.01158  3624.6696582907043
0.0116  3667.0776723240565
0.01163  3712.943125962103
0.01165  3762.15880400022
0.01168  3814.631266536749
0.0117  3870.280500614413
0.01173  3929.0314402371732
0.01175  3990.872840188391
0.01178  4055.809871995083
0.0118  4123.873710562395
0.01183  4195.150070144055
0.01185  4269.747298322127
0.01188  4347.798123248847
0.0119  4429.49933022483
0.0119299999999999  4515.0503878038935
0.01195  4604.692634138433
0.01198  4698.673226750665
0.012  4797.296437802323
0.01203  4900.845965610042
0.01205  5009.667463712941
0.01208  5124.065986042831
0.0121  5244.400981248758
0.01213  5371.000581750415
0.01215  5504.227024124965
0.0121799999999999  5644.383769809234
0.0122  5791.755818764836
0.01223  5946.643752481103
0.01225  6109.208346674591
0.01228  6279.583024723503
0.0123  6457.772421935799
0.01233  6643.689194139003
0.01235  6837.038327213732
0.01238  7037.421781051649
0.0124  7244.186793282862
0.0124299999999999  7456.519029765117
0.01245  7673.42572681688
0.01248  7893.719242925473
0.0125  8116.053440035003
0.01253  8338.970363635279
0.01255  8560.957929779574
0.01258  8780.518809594334
0.0126  8996.211829881126
0.01263  9206.678207603822
0.01265  9410.768745320263
0.0126799999999999  9607.520086164843
0.0127  9796.142515514817
0.01273  9975.998834795757
0.01275  10146.656265437454
0.01278  10307.823349366108
0.0128  10459.1767521018
0.01283  10600.618032200597
0.01285  10731.991202878038
0.01288  10853.216126788664
0.0129  10964.308143447432
0.01293  11065.273226351146
0.01295  11156.160748472863
0.01298  11237.069041441613
0.013  11308.165442554184
0.01303  11369.636610757168
0.01305  11421.668585201442
0.01308  11464.487559506873
0.0131  11498.374856974944
0.01313  11523.603506356925
0.01315  11540.445166138863
0.01318  11549.206951793272
0.0132  11550.234139704962
0.01323  11543.83413477784
0.01325  11530.37254593946
0.01328  11510.172855938405
0.0133  11483.62237269443
0.01333  11451.03322496674
0.01335  11412.845717986336
0.01338  11369.385030092217
0.0134  11321.020744813906
0.01343  11268.13338357078
0.01345  11211.117516478946
0.01348  11150.339701200419
0.0135  11086.121453038815
0.01353  11018.868404702731
0.01355  10948.926919915157
0.01358  10876.612670647435
0.0136  10802.24525463168
0.01363  10726.133591510514
0.01365  10648.593697547865
0.0136799999999999  10569.87579415695
0.0137  10490.25989875747
0.01373  10409.945695525
0.01375  10329.195829140303
0.01378  10248.21537775911
0.0138  10167.155920435567
0.01383  10086.228996078149
0.01385  10005.569408509748
0.01388  9925.343676005772
0.0139  9845.656460477096
0.0139299999999999  9766.621494574063
0.01395  9688.336408310553
0.01398  9610.893531073647
0.014  9534.373970438077
0.01403  9458.846010798257
0.01405  9384.335647845837
0.01408  9310.90747477801
0.0141  9238.584555837582
0.01413  9167.389038585892
0.01415  9097.361550734617
0.0141799999999999  9028.483670426083
0.0142  8960.794546209923
0.01423  8894.25629773054
0.01425  8828.907142308153
0.01428  8764.709443308908
0.0143  8701.663543135679
0.01433  8639.76964812767
0.01435  8578.99133783357
0.01438  8519.311228366229
0.0144  8460.730317452733
0.0144299999999999  8403.213727060855
0.01445  8346.745196493168
0.01448  8291.291180590519
0.0145  8236.818946778165
0.01453  8183.331369719134
0.01455  8130.779288645871
0.01458  8079.1491168082675
0.0146  8028.410471921726
0.01463  7978.516700937229
0.01465  7929.472862962756
0.01468  7881.216769660928
0.0147  7833.737690013422
0.01473  7787.008533257784
0.01475  7741.00280449186
0.01478  7695.678211757119
0.0148  7651.02595913522
0.01483  7607.021223787084
0.01485  7563.6075217378575
0.01488  7520.793613060056
0.0149  7478.572105754551
0.01493  7436.872439648302
0.01495  7395.688519841
0.01498  7355.014344393549
0.015  7314.828439415016
0.01503  7275.1097589716865
0.01505  7235.853069133254
0.01508  7197.037898492951
0.0151  7158.644176484058
0.01513  7120.682523976699
0.01515  7083.133162534598
0.01518  7045.991686912685
0.0152  7009.238838094975
0.01523  6972.885397000111
0.01525  6936.897613169736
0.01528  6901.315817265019
0.0153  6866.106443904444
0.01533  6831.280184862051
0.01535  6796.833027380845
0.01538  6762.789790557692
0.0154  6729.103187347163
0.01543  6695.798075095187
0.01545  6662.884621349356
0.01548  6630.35866545078
0.0155  6598.20206785743
0.01553  6566.452903008561
0.01555  6535.10678437664
0.01558  6504.131715440066
0.0156  6473.55138048905
0.01563  6443.3615867495255
0.01565  6413.585497642446
0.01568  6384.205089591072
0.0157  6355.202658228066
0.01573  6326.62811342028
0.01575  6298.436659257297
0.01578  6270.637656178565
0.0158  6243.253578326285
0.01583  6216.266829516863
0.01585  6189.660116350261
0.01588  6163.455780019642
0.0159  6137.649668999629
0.01593  6112.224700301534
0.01595  6087.202930631329
0.01598  6062.554467257577
0.016  6038.2884477688185
0.01603  6014.413870785203
0.01605  5990.9013632460355
0.01608  5967.772807357941
0.0161  5944.999163577664
0.01613  5922.589647510839
0.01615  5900.540792580606
0.01618  5878.836687572615
0.0162  5857.4865911169445
0.01623  5836.474804370782
0.01625  5815.798239437283
0.01628  5795.453864282805
0.0163  5775.438701998052
0.01633  5755.7375838109
0.01635  5736.359969598755
0.01638  5717.278712595893
0.0164  5698.503411265764
0.01643  5680.043550740866
0.01645  5661.86032255635
0.01648  5643.963459008356
0.0165  5626.362581161011
0.01653  5609.03140206089
0.01655  5591.979663281872
0.01658  5575.2051387278
0.0166  5558.681988578543
0.01663  5542.420066668134
0.01665  5526.429123324949
0.0166799999999999  5510.6719110643435
0.0167  5495.1700757938015
0.01673  5479.921713396001
0.01675  5464.913326668528
0.01678  5450.131578084128
0.0168  5435.597979703567
0.01683  5421.276154047288
0.01685  5407.176134780655
0.01688  5393.319336491709
0.0169  5379.669737426617
0.0169299999999999  5366.225943036023
0.01695  5353.009360672828
0.01698  5339.984390683507
0.017  5327.183795004965
0.01703  5314.560880379309
0.01705  5302.137090552447
0.01708  5289.911167938955
0.0171  5277.881876796338
0.01713  5266.025594349859
0.01715  5254.3636357459845
0.0171799999999999  5242.872516930591
0.0172  5231.55122929014
0.01723  5220.398780480282
0.01725  5209.425278152821
0.01728  5198.607571309961
0.0173  5187.944784605305
0.01733  5177.4470721863
0.01735  5167.102526036259
0.01738  5156.899340279669
0.0174  5146.85866012978
0.0174299999999999  5136.9468251462085
0.01745  5127.174074689412
0.01748  5117.539687140844
0.0175  5108.032083787237
0.01753  5098.67232130747
0.01755  5089.427165481066
0.01758  5080.31767307268
0.0176  5071.31080506288
0.01763  5062.438386495212
0.01765  5053.689014658609
0.0176799999999999  5045.040636592765
0.0177  5036.503501257075
0.01773  5028.077093727792
0.01775  5019.760906303282
0.01778  5011.543775582628
0.0178  5003.435905505757
0.01783  4995.426180462944
0.01785  4987.5141708836545
0.01788  4979.6888577732325
0.0179  4971.9710294718025
0.0179299999999999  4964.339099150436
0.01795  4956.803254173889
0.01798  4949.352561789591
0.018  4941.986672232222
0.01803  4934.705240045868
0.01805  4927.518408127603
0.01808  4920.41532524105
0.0181  4913.374751208452
0.01813  4906.427764417513
0.01815  4899.5531470111955
0.0181799999999999  4892.76103230797
0.0182  4886.030312094458
0.01823  4879.381522085789
0.01825  4872.814352877561
0.01828  4866.31814524915
0.0183  4859.882298660682
0.01833  4853.527249703352
0.01835  4847.232076981409
0.01838  4840.996568979854
0.0184  4834.841090107982
0.0184299999999999  4828.7550814088545
0.01845  4822.717777897075
0.01848  4816.749512741464
0.0185  4810.839812376682
0.01853  4804.998702677999
0.01855  4799.2055291258785
0.01858  4793.480533123757
0.0186  4787.813300410791
0.01863  4782.193467295318
0.01865  4776.641208629256
0.01868  4771.136001528811
0.0187  4765.6979776364515
0.01873  4760.306664946276
0.01875  4754.961918899582
0.01878  4749.673701966842
0.0188  4744.441838826078
0.01883  4739.2560726126285
0.01885  4734.116264721166
0.01888  4729.0323396302765
0.0189  4723.9840271143485
0.01893  4718.991305515417
0.01895  4714.043980016089
0.01898  4709.151938319255
0.019  4704.284991574271
0.01903  4699.483067876176
0.01905  4694.716011943785
0.01908  4689.993706282008
0.0191  4685.316025538004
0.01913  4680.672886734205
0.01915  4676.074145478029
0.01918  4671.509740517745
0.0192  4666.999439626123
0.01923  4662.513333829749
0.01925  4658.081094047603
0.01928  4653.6827718678205
0.0193  4649.30838698573
0.01933  4644.98752845122
0.01935  4640.700306925478
0.01938  4636.446636656879
0.0194  4632.226432614847
0.01943  4628.039610487032
0.01945  4623.895924742464
0.01948  4619.785436918535
0.0195  4615.708065052256
0.01953  4611.653915847049
0.01955  4607.642541365084
0.01958  4603.664041109838
0.0196  4599.718335928236
0.01963  4595.795569064172
0.01965  4591.905457585351
0.01968  4588.047924210479
0.0197  4584.232646023114
0.01973  4580.430286088605
0.01975  4576.660292627179
0.01978  4572.92259089119
0.0198  4569.217106812379
0.01983  4565.534053086846
0.01985  4561.88308642576
0.01988  4558.254436156122
0.0199  4554.657744407783
0.01993  4551.092940066618
0.01995  4547.550277035581
0.01998  4544.029707940772
0.02  4540.5311857270135
0.02003  4537.073970313462
0.02005  4533.629033274538
0.02008  4530.2252668728925
0.0201  4526.833687508079
0.02013  4523.4638960103675
0.02015  4520.125464770319
0.02018  4516.808717799048
0.0202  4513.513610967881
0.02023  4510.240100456588
0.02025  4506.99773209909
0.02028  4503.776859616248
0.0203  4500.577440244345
0.02033  4497.39943152391
0.02035  4494.24279129877
0.02038  4491.107477715128
0.0204  4488.002998153026
0.02043  4484.910206915461
0.02045  4481.838618608136
0.02048  4478.797721924202
0.0205  4475.768411369141
0.02053  4472.769699242195
0.02055  4469.77299621706
0.02058  4466.816316243904
0.0206  4463.871089652988
0.02063  4460.946787729732
0.02065  4458.043371886714
0.0206799999999999  4455.160803828255
0.0207  4452.289572582962
0.02073  4449.448592413995
0.02075  4446.609425058005
0.02078  4443.809888855943
0.0208  4441.012115210966
0.02083  4438.244432142755
0.02085  4435.487911120533
0.02088  4432.751964862618
0.0209  4430.036557400337
0.0209299999999999  4427.332233183413
0.02095  4424.657802232812
0.02098  4421.984986833186
0.021  4419.332591639216
0.02103  4416.709979080877
0.02105  4414.088922888005
0.02108  4411.497580542316
0.0211  4408.907759474352
0.02113  4406.347584324146
0.02115  4403.7982655961705
0.0211799999999999  4401.269150556829
0.0212  4398.750847030519
0.02123  4396.252691837195
0.02125  4393.765303832474
0.02128  4391.288666342663
0.0213  4388.841438653367
0.02133  4386.3955747831715
0.02135  4383.97905672777
0.02138  4381.57319244745
0.0214  4379.177965860658
0.0214299999999999  4376.802673298727
0.02145  4374.4286691098205
0.02148  4372.083859424301
0.0215  4369.74030661891
0.02153  4367.425887117468
0.02155  4365.1126934411905
0.02158  4362.828572693901
0.0216  4360.545647152313
0.02163  4358.282462034377
0.02165  4356.029719680137
0.0216799999999999  4353.787405108188
0.0217  4351.555503411395
0.02173  4349.352507600363
0.02175  4347.1506270665095
0.02178  4344.968350432904
0.0218  4342.787169305692
0.02183  4340.63478922601
0.02185  4338.483475912859
0.02188  4336.342455088255
0.0219  4334.220934301274
0.0219299999999999  4332.118885960561
0.02195  4330.008644295469
0.02198  4327.92705553966
0.022  4325.855671415851
0.02203  4323.794478227718
0.02205  4321.734267161431
0.02208  4319.693419384042
0.0221  4317.66272186059
0.02213  4315.651343407308
0.02215  4313.650079921606
0.0221799999999999  4311.64974446628
0.0222  4309.668675587604
0.02223  4307.697682252895
0.02225  4305.736751468882
0.02228  4303.785870312443
0.0223  4301.845025930453
0.02233  4299.923354303008
0.02235  4298.002541103012
0.02238  4296.0917265579665
0.0224  4294.190898093321
0.0224299999999999  4292.300043203835
0.02245  4290.437406595036
0.02248  4288.566453655175
0.0225  4286.705437231476
0.02253  4284.863461815566
0.02255  4283.022277887078
0.02258  4281.20010293993
0.0226  4279.378703221422
0.02263  4277.576280815272
0.02265  4275.774617567578
0.02268  4273.982806729357
0.0227  4272.200836548711
0.02273  4270.437781369618
0.02275  4268.666371490978
0.02278  4266.922931997916
0.0228  4265.180204572979
0.02283  4263.447260080075
0.02285  4261.715019683239
0.02288  4260.001610724257
0.0229  4258.297950834661
0.02293  4256.5949722727455
0.02295  4254.901727738804
0.02298  4253.2272555669
0.023  4251.553442366046
0.02303  4249.889330185012
0.02305  4248.23490814675
0.02308  4246.590165440289
0.0231  4244.946059510896
0.02313  4243.311618425025
0.02315  4241.686831507663
0.02318  4240.071688149506
0.0232  4238.466177806846
0.02323  4236.861275393401
0.02325  4235.275003087456
0.02328  4233.680316838614
0.0233  4232.104239944655
0.02333  4230.537750913176
0.02335  4228.980839530597
0.02338  4227.424501118455
0.0234  4225.877726685523
0.02343  4224.331518202652
0.02345  4222.803844802593
0.02348  4221.276723865334
0.0235  4219.759133392455
0.02353  4218.242088508267
0.02355  4216.743532567949
0.02358  4215.245508998665
0.0236  4213.756983042141
0.02363  4212.2689827274835
0.02365  4210.790466988196
0.02368  4209.321426204715
0.0237  4207.852897933277
0.02373  4206.393831759667
0.02375  4204.944218195197
0.02378  4203.504047814782
0.0238  4202.06437068484
0.02383  4200.634124146341
0.02385  4199.2043644174155
0.02388  4197.792954243102
0.0239  4196.373090000224
0.02393  4194.971556917973
0.02395  4193.570491929226
0.02398  4192.178814397547
0.024  4190.787598707719
0.02403  4189.405758326265
0.02405  4188.02437358299
0.0240799999999999  4186.661259869584
0.0240999999999999  4185.298589820976
0.0241300000000001  4183.9274613099715
0.0241500000000001  4182.574580140594
0.0241800000000001  4181.231032654776
0.0242  4179.887916749988
0.02423  4178.554122818825
0.02425  4177.229642211843
0.02428  4175.8966965308055
0.0243  4174.573058250973
0.0243299999999999  4173.258718790556
0.0243499999999999  4171.953669629813
0.0243800000000001  4170.6401548683
0.0244000000000001  4169.344795514081
0.0244300000000001  4168.058706686177
0.02445  4166.764149104091
0.02448  4165.478856310259
0.0245  4164.202819978341
0.02453  4162.927174542351
0.02455  4161.660774470515
0.0245799999999999  4160.394759649028
0.0245999999999999  4159.129129960691
0.0246300000000001  4157.89042492976
0.0246500000000001  4156.634400976252
0.0246800000000001  4155.387597685803
0.0247  4154.150006987875
0.02473  4152.912784879086
0.02475  4151.684764612101
0.02478  4150.45710747188
0.0248  4149.238641508974
0.0248299999999999  4148.020533255898
0.0248499999999999  4146.811605601667
0.0248800000000001  4145.594209863037
0.0249000000000001  4144.394807205105
0.0249300000000001  4143.195751558162
0.02495  4141.997042821807
0.02498  4140.816301353082
0.025  4139.627088746723
0.02503  4135.427938843152
0.02505  4134.117127987155
0.0250799999999999  4132.885872230268
0.0250999999999999  4131.690146346563
0.0251300000000001  4130.503554706165
0.0251500000000001  4129.334875446719
0.0251800000000001  4128.166526851849
0.0252  4127.016070561148
0.02523  4125.874713332353
0.02525  4124.733671754457
0.02528  4123.592945740161
0.0253  4122.470077590733
0.0253299999999999  4121.32997759037
0.0253499999999999  4120.21649206348
0.0253800000000001  4119.094543333678
0.0254000000000001  4117.990423440489
0.0254300000000001  4116.8778401818545
0.02545  4115.774314474116
0.02548  4114.679839194176
0.0255  4113.585654959382
0.02553  4112.5005116841185
0.02555  4111.406906980636
0.0255799999999999  4110.3310838241505
0.0255999999999999  4109.246799088439
0.0256300000000001  4108.171541162818
0.0256500000000001  4107.0965645976685
0.0256800000000001  4106.021869319363
0.0257  4104.964923152979
0.02573  4103.899517348598
0.02575  4102.843117504627
0.02578  4101.78698959242
0.0258  4100.739858511116
0.0258299999999999  4099.692994748301
0.0258499999999999  4098.646398235733
0.0258800000000001  4097.608787212482
0.0259000000000001  4096.571438870253
0.0259300000000001  4095.5343531425483
0.02595  4094.506241669026
0.02598  4093.478388284707
0.026  4092.4507929248043
0.02603  4091.423455524544
0.02605  4090.4050789994417
0.0260799999999999  4089.395656786107
0.0260999999999999  4088.3777849906323
0.0261300000000001  4087.360166548727
0.0261500000000001  4086.3601901271018
0.0261800000000001  4085.35176610358
0.0262  4084.352281038969
0.02623  4083.344352523348
0.02625  4082.3540444247433
0.02628  4081.3639764994
0.0263  4080.3654670511805
0.0263299999999999  4079.375881403135
0.0263499999999999  4078.3952131805318
0.0263800000000001  4077.414780707266
0.0264000000000001  4076.434583926664
0.0264300000000001  4075.454622782068
0.02645  4074.47489721683
0.02648  4073.5040741950424
0.0265  4072.533482490754
0.02653  4071.563122048848
0.02655  4070.5929928142205
0.0265799999999999  4069.6317535135377
0.0265999999999999  4068.6707412021387
0.0266300000000001  4067.709955826423
0.0266500000000001  4066.7580500002996
0.0266800000000001  4065.797716291935
0.0267  4064.8462579588654
0.02673  4063.9036688758297
0.02675  4062.9526537785837
0.02678  4062.001861233294
0.0268  4061.0599317317365
0.0268299999999999  4060.11822065233
0.0268499999999999  4059.1853644998428
0.0268800000000001  4058.2527226811644
0.0269000000000001  4057.311662559859
0.0269300000000001  4056.3794512445024
0.02695  4055.4474541147956
0.02698  4054.515671121528
0.027  4053.592726871701
0.02703  4052.6613700221133
0.02705  4051.747468603759
0.0270799999999999  4050.825154490007
0.0270999999999999  4049.9116671501624
0.0271300000000001  4048.998385807637
0.0271500000000001  4048.0766974776693
0.0271800000000001  4047.1638299327024
0.0272  4046.2511682452873
0.02723  4045.3387123690004
0.02725  4044.4350674292714
0.02728  4043.531624345117
0.0273  4042.6283830714497
0.0273299999999999  4041.7253435631883
0.0273499999999999  4040.8311032791007
0.0273800000000001  4039.937060847569
0.0274000000000001  4039.034622524988
0.0274300000000001  4038.140977568624
0.02745  4037.2475303330975
0.02748  4036.3542807746617
0.0275  4035.469814946436
0.02753  4034.58554292672
0.02755  4033.6928823386297
0.0275799999999999  4032.817580142945
0.0275999999999999  4031.925310720363
0.0276300000000001  4031.041815389867
0.0276500000000001  4030.1670884696905
0.0276800000000001  4029.2925513632686
0.0277  4028.409632935969
0.02773  4027.535477193408
0.02775  4026.6615111406572
0.02778  4025.796300251486
0.0278  4024.9141479399486
0.0278299999999999  4024.0493125076327
0.0278499999999999  4023.1932228794376
0.0278800000000001  4022.320199086014
0.0279000000000001  4021.4559210168604
0.0279300000000001  4020.5918286555925
0.02795  4019.7279219623083
0.02798  4018.872751681104
0.028  4018.0092143667994
0.02803  4017.154409729163
0.02805  4016.299786945506
0.0280799999999999  4015.4453459771416
0.0280999999999999  4014.5825451113133
0.0281300000000001  4013.737009331578
0.0281500000000001  4012.8831135770424
0.0281800000000001  4012.037935724975
0.0282  4011.184401437008
0.02823  4010.3395813610923
0.02825  4009.4949392178987
0.02828  4008.6419459354624
0.0283  4007.7976613416477
0.0283299999999999  4006.9535545677736
0.0283499999999999  4006.118149222958
0.0283800000000001  4005.274396181402
0.0284000000000001  4004.439340922475
0.0284300000000001  4003.595941465001
0.02845  4002.7697526675806
0.02848  4001.935219599028
0.0285  4001.100860521357
0.02853  4000.2666753982944
0.02855  3999.432664193572
0.0285799999999999  3998.598826870929
0.0285999999999999  3997.765163394113
0.0286300000000001  3996.9316737268796
0.0286500000000001  3996.1153625430347
0.0286800000000001  3995.282216840969
0.0287  3994.4577436777563
0.02873  3993.624943570827
0.02875  3992.809307735231
0.02878  3991.9853448857043
0.0288  3991.1615520705377
0.0288299999999999  3990.346419344377
0.0288499999999999  3989.522964740644
0.0288800000000001  3988.699680066389
0.0289000000000001  3987.8850501393285
0.0289300000000001  3987.0621034678875
0.02895  3986.256289377737
0.02898  3985.4336788201085
0.029  3984.61971592305
0.02903  3983.8059192652645
0.02905  3982.9922888128003
0.0290799999999999  3982.1788245317116
0.0290999999999999  3981.3655263880623
0.0291300000000001  3980.560863617345
0.0291500000000001  3979.7563634747917
0.0291800000000001  3978.9435600811694
0.0292  3978.139386807361
0.02923  3977.3269136560957
0.02925  3976.523067118221
0.02928  3975.719383043548
0.0293  3974.907404140446
0.0293299999999999  3974.1040466029463
0.0293499999999999  3973.3093052704085
0.0293800000000001  3972.4978185882396
0.0294000000000001  3971.703398469182
0.0294300000000001  3970.900688484404
0.02945  3970.1065877594265
0.02948  3969.295755182541
0.0295  3968.501975412127
0.02953  3967.708354381793
0.02955  3966.9064518243217
0.0295799999999999  3966.1131498667974
0.0295999999999999  3965.311569711697
0.0296300000000001  3964.5185866986985
0.0296500000000001  3963.7257622664456
0.0296800000000001  3962.9330963832217
0.0297  3962.1405890173237
0.02973  3961.3482401370493
0.02975  3960.5560497107053
0.02978  3959.764017706604
0.0298  3958.9721440930634
0.0298299999999999  3958.180428838409
0.0298499999999999  3957.397291896253
0.0298800000000001  3956.6058915805447
0.0299000000000001  3955.8146495290703
0.0299300000000001  3955.0319806628922
0.02995  3954.241053362125
0.02998  3953.450284231003
0.03  3952.668083161037
0.03003  3951.8776285924955
0.03005  3951.0957386767964
0.0300799999999999  3950.3055985457067
0.0300999999999999  3949.5324229120333
0.0301300000000001  3948.7509970017622
0.0301500000000001  3947.961325772116
0.0301800000000001  3947.1802107077583
0.0302  3946.399250189174
0.03023  3945.6184441857895
0.03025  3944.8377926670314
0.03028  3944.0572956023348
0.0303  3943.276952961139
0.0303299999999999  3942.5051530128067
0.0303499999999999  3941.716730827051
0.0303800000000001  3940.9368512730675
0.0304000000000001  3940.1655093423633
0.0304300000000001  3939.3859367018413
0.03045  3938.606518301922
0.03048  3937.83563247686
0.0305  3937.056520808918
0.03053  3936.277563290373
0.03055  3935.5071333012515
0.0305799999999999  3934.7284823333093
0.0305999999999999  3933.95835553887
0.0306300000000001  3933.1800110008903
0.0306500000000001  3932.410187281814
0.0306800000000001  3931.632149053204
0.0307  3930.862628290219
0.03073  3930.0848962504356
0.03075  3929.3156783243157
0.03078  3928.5382523528606
0.0308  3927.7776941093553
0.0308299999999999  3927.0005724323287
0.0308499999999999  3926.231958187105
0.0308800000000001  3925.4551423382054
0.0309000000000001  3924.686830573097
0.0309300000000001  3923.918669186211
0.03095  3923.1506581481162
0.03098  3922.3827974293836
0.031  3921.615087000593
0.03103  3920.8391846124223
0.03105  3920.0717763080584
0.0310799999999999  3919.312857159743
0.0310999999999999  3918.5374102741116
0.0311300000000001  3917.7704524857377
0.0311500000000001  3917.0036448105784
0.0311800000000001  3916.228654808996
0.0312  3915.470479682388
0.03123  3914.7041221706104
0.03125  3913.937914654559
0.03128  3913.1718571048746
0.0313  3912.3976252330845
0.0313299999999999  3911.6401917872076
0.0313499999999999  3910.8745839605367
0.0313800000000001  3910.109125982858
0.0314000000000001  3909.343817824844
0.0314300000000001  3908.57865945717
0.03145  3907.813650850519
0.03148  3907.048791975578
0.0315  3906.284082803042
0.03153  3905.519523303609
0.03155  3904.7551134479845
0.0315799999999999  3903.99085320688
0.0315999999999999  3903.2267425510113
0.0316300000000001  3902.462781451102
0.0316500000000001  3901.6989698778784
0.0316800000000001  3900.9353078020763
0.0317  3900.1717951944333
0.03173  3899.4084320256957
0.03175  3898.6452182666153
0.03178  3897.8821538879465
0.0318  3897.119238860454
0.0318299999999999  3896.3647632838797
0.0318499999999999  3895.6021452484592
0.0318800000000001  3894.8396764768518
0.0319000000000001  3894.0773569398457
0.0319300000000001  3893.3069029677094
0.03195  3892.5448834336
0.03198  3891.783013046165
0.032  3891.0295705537233
0.03203  3890.2679967516956
0.03205  3889.498296472005
0.0320799999999999  3888.7370223793987
0.0320999999999999  3887.975897287564
0.0321300000000001  3887.2149211673373
0.0321500000000001  3886.454093989559
0.0321800000000001  3885.6934157250803
0.0322  3884.9246205388936
0.03223  3884.172505819436
0.03225  3883.404011549481
0.03228  3882.6439302639856
0.0323  3881.883997745798
0.0323299999999999  3881.1242139658016
0.0323499999999999  3880.3563228088183
0.0323800000000001  3879.6050925039376
0.0324000000000001  3878.8375019093346
0.0324300000000001  3878.0783144063325
0.03245  3877.3192754957013
0.03248  3876.552137156315
0.0325  3875.8016433352286
0.03253  3875.0348052635613
0.03255  3874.276362045351
0.0325799999999999  3873.509825754805
0.0325999999999999  3872.7434411255826
0.0326300000000001  3871.9854463858196
0.0326500000000001  3871.227600004977
0.0326800000000001  3870.469901954013
0.0327  3869.7041187821196
0.03273  3868.9467189153156
0.03275  3868.1894672909993
0.03278  3867.4241353094085
0.0328  3866.658954750868
0.0328299999999999  3865.893925585416
0.0328499999999999  3865.137271470673
0.0328800000000001  3864.3725433744657
0.0329000000000001  3863.607966581826
0.0329300000000001  3862.851759887608
0.03295  3862.0874839861867
0.03298  3861.323359298865
0.033  3860.567599760605
0.03303  3859.7955634468562
0.03305  3859.04010293724
0.0330799999999999  3858.276581182685
0.0330999999999999  3857.513210493021
0.0331300000000001  3856.7499908383584
0.0331500000000001  3855.986922188815
0.0331800000000001  3855.232207127504
0.0332  3854.4612377855815
0.03323  3853.698621972158
0.03325  3852.9361570443816
0.03328  3852.1738429723996
0.0333  3851.4116797263646
0.0333299999999999  3850.641474413518
0.0333499999999999  3849.879614350837
0.0333800000000001  3849.117905024278
0.0334000000000001  3848.3563464040158
0.0334300000000001  3847.586752096731
0.03345  3846.825496419309
0.03348  3846.064391358426
0.0335  3845.2870739257514
0.03353  3844.5262732460133
0.03355  3843.7574448767655
0.0335799999999999  3842.9969468383624
0.0335999999999999  3842.228424303811
0.0336300000000001  3841.4600554583963
0.0336500000000001  3840.7000119648433
0.0336800000000001  3839.93194877133
0.0337  3839.1640391750952
0.03373  3838.396283145422
0.03375  3837.6286806516014
0.03378  3836.8612316629274
0.0338  3836.093936148705
0.0338299999999999  3835.3267940782384
0.0338499999999999  3834.5598054208454
0.0338800000000001  3833.7848131482037
0.0339000000000001  3833.018132856158
0.0339300000000001  3832.25160588484
0.03395  3831.485232203586
0.03398  3830.7190117817413
0.034  3829.9447957612733
0.03403  3829.1707362154643
0.03405  3828.4049786465307
0.0340799999999999  3827.6312303088994
0.0340999999999999  3826.8576383514023
0.0341300000000001  3826.0923433557823
0.0341500000000001  3825.31906241847
0.0341800000000001  3824.5459377668276
0.0342  3823.7729693692704
0.03423  3823.0001571942166
0.03425  3822.235633617684
0.03428  3821.4631321493052
0.0343  3820.6826576883755
0.0343299999999999  3819.910470087666
0.0343499999999999  3819.146564386765
0.0343800000000001  3818.3665630488026
0.0344000000000001  3817.5867210139922
0.0344300000000001  3816.8232800164346
0.03445  3816.043753173202
0.03448  3815.264385536213
0.0345  3814.493293007497
0.03453  3813.7142420279038
0.03455  3812.935350157367
0.0345799999999999  3812.164728343546
0.0345999999999999  3811.386152937101
0.0346300000000001  3810.6158442272445
0.0346500000000001  3809.82947912752
0.0346800000000001  3809.051380659437
0.0347  3808.2734411058764
0.03473  3807.4956604343815
0.03475  3806.718038612501
0.03478  3805.9324778705036
0.0348  3805.163271387825
0.0348299999999999  3804.3780314902083
0.0348499999999999  3803.6010463955945
0.0348800000000001  3802.816128881356
0.0349000000000001  3802.039462781079
0.0349300000000001  3801.246779750155
0.03495  3800.4704341650495
0.03498  3799.6861626892223
0.035  3798.9020530569765
0.03503  3798.1261863458617
0.03505  3797.334319189644
0.0350799999999999  3796.550694887781
0.0350999999999999  3795.7591562040448
0.0351300000000001  3794.9758569554674
0.0351500000000001  3794.1927193498423
0.0351800000000001  3793.4016722778356
0.0352  3792.6188595236085
0.03523  3791.836208311941
0.03525  3791.045652546332
0.03528  3790.255261602827
0.0353  3789.473098147203
0.0353299999999999  3788.674974044679
0.0353499999999999  3787.885077361331
0.0353800000000001  3787.103403020917
0.0354000000000001  3786.313833992684
0.0354300000000001  3785.516375282103
0.03545  3784.727137131541
0.03548  3783.9380635283724
0.0355  3783.141105193338
0.03553  3782.3443147105713
0.03555  3781.5557378994317
0.0355799999999999  3780.7592813205656
0.0355999999999999  3779.9710349712964
0.0356300000000001  3779.1749121564044
0.0356500000000001  3778.378957017807
0.0356800000000001  3777.57513211774
0.0357  3776.779513918599
0.03573  3775.984063289472
0.03575  3775.188780195067
0.03578  3774.393664600097
0.0358  3773.590687544388
0.0358299999999999  3772.795908533485
0.0358499999999999  3771.9932713897115
0.0358800000000001  3771.198828820394
0.0359000000000001  3770.3965314446673
0.0359300000000001  3769.594404752355
0.03595  3768.7924487071386
0.03598  3767.990663272719
0.036  3767.189048412798
0.03603  3766.3876040910864
0.03605  3765.5783183940193
0.0360799999999999  3764.777216744367
0.0360999999999999  3763.9682770720806
0.0361300000000001  3763.167517947971
0.0361500000000001  3762.358924152517
0.0361800000000001  3761.5505041000397
0.0362  3760.7422577532056
0.03623  3759.9341850746923
0.03625  3759.1262860271836
0.03628  3758.3105641594075
0.0363  3757.5030139801825
0.0363299999999999  3756.6876443587553
0.0363499999999999  3755.8884341406524
0.0363800000000001  3755.073414879384
0.0364000000000001  3754.2585724754426
0.0364300000000001  3753.4439068904535
0.03645  3752.6294180860473
0.03648  3751.8151060238606
0.0365  3751.0009706655437
0.03653  3750.187011972749
0.03655  3749.3732299071435
0.0365799999999999  3748.551648780107
0.0365999999999999  3747.738221584602
0.0366300000000001  3746.91699872864
0.0366500000000001  3746.0959558230766
0.0366800000000001  3745.275092828477
0.0367  3744.4623766381724
0.03673  3743.6418716014896
0.03675  3742.8135829162848
0.03678  3742.0014008680405
0.0368  3741.1734751404556
0.0368299999999999  3740.3457325931895
0.0368499999999999  3739.5261296158246
0.0368800000000001  3738.6987515472406
0.0369000000000001  3737.8715565378075
0.0369300000000001  3737.0524957140824
0.03695  3736.2177155343843
0.03698  3735.391069459417
0.037  3734.564606281643
0.03703  3733.730381844949
0.03705  3732.9042860978234
0.0370799999999999  3732.0704325422957
0.0370999999999999  3731.2447040624656
0.0371300000000001  3730.411221223215
0.0371500000000001  3729.577924566778
0.0371800000000001  3728.7448140515676
0.0372  3727.9039579170158
0.03723  3727.0712213313086
0.03725  3726.238670761719
0.03728  3725.39837977873
0.0373  3724.5662028873185
0.0373299999999999  3723.718366243217
0.0373499999999999  3722.8865646320583
0.0373800000000001  3722.039110330164
0.0374000000000001  3721.1997663752854
0.0374300000000001  3720.352696045454
0.03745  3719.5137323879326
0.03748  3718.6749579221555
0.0375  3717.82846232372
0.03753  3716.9900678972695
0.03755  3716.1360491556634
0.0375799999999999  3715.2901314983283
0.0375999999999999  3714.4444064003255
0.0376300000000001  3713.5909725520323
0.0376500000000001  3712.7456342398027
0.0376800000000001  3711.9004883550297
0.0377  3711.0397431618294
0.03773  3710.1949855952894
0.03775  3709.342528097468
0.03778  3708.482376064563
0.0378  3707.630312057338
0.0378299999999999  3706.778443821049
0.0378499999999999  3705.926771310716
0.0378800000000001  3705.059528237069
0.0379000000000001  3704.2082506662177
0.0379300000000001  3703.349289210656
0.03795  3702.4905269379515
0.03798  3701.6319638019154
0.038  3700.7657257783662
0.03803  3699.8996904676515
0.03805  3699.041728115513
0.0380799999999999  3698.1760962464004
0.0380999999999999  3697.3106669482745
0.0381300000000001  3696.4454401737316
0.0381500000000001  3695.572552946686
0.0381800000000001  3694.7077329171816
0.0382  3693.8431152686817
0.03823  3692.970842560694
0.03825  3692.098775833213
0.03828  3691.2269150375996
0.0383  3690.3552601252222
0.0383299999999999  3689.483811047464
0.0383499999999999  3688.612567755719
0.0383800000000001  3687.7336839511636
0.0384000000000001  3686.8628539385027
0.0384300000000001  3685.9843870373525
0.03845  3685.106129448054
0.03848  3684.2280811207374
0.0385  3683.3424050984695
0.03853  3682.4647770128386
0.03855  3681.579524882939
0.0385799999999999  3680.69448556467
0.0385999999999999  3679.8096590068717
0.0386300000000001  3678.9250451583976
0.0386500000000001  3678.0406439681146
0.0386800000000001  3677.1486316560827
0.0387  3676.264657509621
0.03873  3675.373075916535
0.03875  3674.481710553184
0.03878  3673.5905613671284
0.0388  3672.699628305941
0.0388299999999999  3671.801098966129
0.0388499999999999  3670.9184103485163
0.0388800000000001  3670.0203167853156
0.0389000000000001  3669.122442941531
0.0389300000000001  3668.2247887634076
0.03895  3667.319551381346
0.03898  3666.4223382823006
0.039  3665.5253446872625
0.03903  3664.6285705425335
0.03905  3663.724220628215
0.0390799999999999  3662.812300661656
0.0390999999999999  3661.908398962886
0.0391300000000001  3661.012509707253
0.0391500000000001  3660.1012646996132
0.0391800000000001  3659.190246505582
0.0392  3658.279455068706
0.03923  3657.37667197676
0.03925  3656.4663319479937
0.03928  3655.548440736669
0.0393  3654.6385557641443
0.0393299999999999  3653.7211233837093
0.0393499999999999  3652.8039213084485
0.0393800000000001  3651.8947194610473
0.0394000000000001  3650.9779758721925
0.0394300000000001  3650.05369633565
0.03945  3649.137414903095
0.03948  3648.213601321932
0.0395  3647.2900216128987
0.03953  3646.374433952011
0.03955  3645.4513198455566
0.0395799999999999  3644.528439434152
0.0395999999999999  3643.5980403141325
0.0396300000000001  3642.667878712501
0.0396500000000001  3641.7457029554935
0.0396800000000001  3640.8082678218784
0.0397  3639.886562842921
0.03973  3638.94960627739
0.03975  3638.020631358484
0.03978  3637.0841551092276
0.0398  3636.155656414927
0.0398299999999999  3635.2119257340323
0.0398499999999999  3634.2839049947247
0.0398800000000001  3633.340660109657
0.0399000000000001  3632.4053885489852
0.0399300000000001  3631.4626312155424
0.03995  3630.520118566076
0.03998  3629.5778505370795
0.04  3628.6358270650626
0.04003  3627.6940480865546
0.04005  3626.7447970515977
0.0400799999999999  3625.803508872497
0.0400999999999999  3624.8470400822257
0.0401300000000001  3623.8985340178365
0.0401500000000001  3622.950276147025
0.0401800000000001  3621.994560025244
0.0402  3621.046800363282
0.04023  3620.0992886995887
0.04025  3619.1366243551242
0.04028  3618.1819142555687
0.0403  3617.2274560037517
0.0403299999999999  3616.265555343018
0.0403499999999999  3615.311602617076
0.0403800000000001  3614.3502114240687
0.0404000000000001  3613.381387832523
0.0404300000000001  3612.4205099262513
0.04045  3611.459887538633
0.04048  3610.499520601722
0.0405  3609.524049338101
0.04053  3608.5565193953216
0.04055  3607.5892487981446
0.0405799999999999  3606.622237477053
0.0405999999999999  3605.6478137632917
0.0406300000000001  3604.6813228422584
0.0406500000000001  3603.707423517559
0.0406800000000001  3602.7337873173383
0.0407  3601.760414170508
0.04073  3600.7796427645617
0.04075  3599.799138425949
0.04078  3598.826558151584
0.0408  3597.8465856444436
0.0408299999999999  3596.866879987093
0.0408499999999999  3595.8797902906663
0.0408800000000001  3594.900620198269
0.0409000000000001  3593.914070103347
0.0409300000000001  3592.927790747784
0.04095  3591.9417820572803
0.04098  3590.9484036336767
0.041  3589.962938147215
0.04103  3588.970106987728
0.04105  3587.9851844060495
0.0410799999999999  3586.9929002091844
0.0410999999999999  3585.9932606549405
0.0411300000000001  3585.001527339519
0.0411500000000001  3584.0024427501553
0.0411800000000001  3583.0112600103475
0.0412  3582.012730077768
0.04123  3581.0144784200675
0.04125  3580.008887911405
0.04128  3579.011194693586
0.0413  3578.00616673029
0.0413299999999999  3577.0014209905344
0.0413499999999999  3575.9969573950652
0.0413800000000001  3574.985169505139
0.0414000000000001  3573.981272096534
0.0414300000000001  3572.970054521962
0.04145  3571.9591230599653
0.04148  3570.956075400392
0.0415  3569.945713771006
0.04153  3568.9280445400127
0.04155  3567.910665411656
0.0415799999999999  3566.901165446579
0.0415999999999999  3565.8767771320818
0.0416300000000001  3564.8602678155394
0.0416500000000001  3563.851630925958
0.0416800000000001  3562.828118415803
0.0417  3561.804899851066
0.04173  3560.781975147327
0.04175  3559.7517702722
0.04178  3558.729435212483
0.0418  3557.70739376003
0.0418299999999999  3556.6780784222997
0.0418499999999999  3555.6490608859203
0.0418800000000001  3554.620341064731
0.0419000000000001  3553.599479714511
0.0419300000000001  3552.5637942234075
0.04195  3551.528410579613
0.04198  3550.493328695154
0.042  3549.466100529583
0.04203  3548.4240698524814
0.04205  3547.38989271845
0.0420799999999999  3546.356016992121
0.0420999999999999  3545.3148993544346
0.0421300000000001  3544.2740873617345
0.0421500000000001  3543.233580924291
0.0421800000000001  3542.1933799524013
0.0422  3541.1459499952894
0.04223  3540.1063618973944
0.04225  3539.059549073508
0.04228  3538.0055181138496
0.0423  3536.966851964852
0.0423299999999999  3535.913444268948
0.0423499999999999  3534.867871294798
0.0423800000000001  3533.815088734069
0.0424000000000001  3532.7626197214413
0.0424300000000001  3531.710464163537
0.04245  3530.658621966996
0.04248  3529.6070930384935
0.0425  3528.5483697270197
0.04253  3527.49746929068
0.04255  3526.431875716881
0.0425799999999999  3525.381605631679
0.0425999999999999  3524.3166512222565
0.0426300000000001  3523.25951480528
0.0426500000000001  3522.1952014413473
0.0426800000000001  3521.13870136385
0.0427  3520.075028659533
0.04273  3519.011677271619
0.04275  3517.941162113887
0.04278  3516.8784553286973
0.0428  3515.808589116359
0.0428299999999999  3514.746526543136
0.0428499999999999  3513.677308882804
0.0428800000000001  3512.608416488147
0.0429000000000001  3511.5398492602185
0.0429300000000001  3510.4641380195176
0.04295  3509.3887563079484
0.04298  3508.321168529745
0.043  3507.246443286981
0.04303  3506.1720472713005
0.04305  3505.097980381848
0.0430799999999999  3504.016787155006
0.0430999999999999  3502.9433804994223
0.0431300000000001  3501.8628518870396
0.0431500000000001  3500.782656577812
0.0431800000000001  3499.7027944689285
0.0432  3498.623265457607
0.04323  3497.5366278658944
0.04325  3496.457767036938
0.04328  3495.37923899669
0.0433  3494.2936089673317
0.0433299999999999  3493.2008837736516
0.0433499999999999  3492.12336036156
0.0433800000000001  3491.0387415757255
0.0434000000000001  3489.9544596617
0.0434300000000001  3488.855668288931
0.04345  3487.7720644157566
0.04348  3486.681378620259
0.0435  3485.591033900806
0.04353  3484.5010301507386
0.04355  3483.4039557577676
0.0435799999999999  3482.3146359443276
0.0435999999999999  3481.2256567797676
0.0436300000000001  3480.129613618592
0.0436500000000001  3479.0413177477712
0.0436800000000001  3477.945962312728
0.0437  3476.8435541964714
0.04373  3475.7488907141906
0.04375  3474.6471790059836
0.04378  3473.553207039348
0.0438  3472.4595795032687
0.0438299999999999  3471.358910411426
0.0438499999999999  3470.2585901998004
0.0438800000000001  3469.1586187578064
0.0439000000000001  3468.0589959748936
0.0439300000000001  3466.9597217405476
0.04395  3465.8534217802267
0.04398  3464.7548466490066
0.044  3463.6492502599467
0.04403  3462.551373787245
0.04405  3461.4464805219995
0.0440799999999999  3460.3419398260007
0.0440999999999999  3459.2377515867433
0.0441300000000001  3458.126557967852
0.0441500000000001  3457.023076652545
0.0441800000000001  3455.919947455934
0.0442  3454.809819598646
0.04423  3453.700048342172
0.04425  3452.5906335719606
0.04428  3451.4815751734996
0.0443  3450.372873032314
0.0443299999999999  3449.264527033964
0.0443499999999999  3448.1565370640496
0.0443800000000001  3447.0415688694034
0.0444000000000001  3445.9342929692066
0.0444300000000001  3444.8200433415577
0.04445  3443.713481050881
0.04448  3442.5999495271303
0.0445  3441.4867780659883
0.04453  3440.3739665510257
0.04455  3439.2615148658547
0.0445799999999999  3438.149422894122
0.0445999999999999  3437.030377681145
0.0446300000000001  3435.926317625757
0.0446500000000001  3434.807995986716
0.0446800000000001  3433.697344069067
0.0447  3432.579747913965
0.04473  3431.462515512869
0.04475  3430.35294536291
0.04478  3429.236437739136
0.0448  3428.120293515077
0.0448299999999999  3426.997221081242
0.0448499999999999  3425.889094793016
0.0448800000000001  3424.7740400585726
0.0449000000000001  3423.652063877115
0.0449300000000001  3422.5304552616735
0.04495  3421.423773310954
0.04498  3420.3028946966488
0.045  3419.1823832887917
0.04503  3418.0695114476684
0.04505  3416.9497317093396
0.0450799999999999  3415.8303188174586
0.0450999999999999  3414.7185380027095
0.0451300000000001  3413.599856063052
0.0451500000000001  3412.4742800189
0.0451800000000001  3411.363591524084
0.0452  3410.2387528498343
0.04523  3409.1215385142236
0.04525  3408.0046901846213
0.04528  3406.8809590505166
0.0453  3405.7720910638536
0.0453299999999999  3404.649096091043
0.0453499999999999  3403.526471406577
0.0453800000000001  3402.4114560539697
0.0454000000000001  3401.289569192953
0.0454300000000001  3400.175286662708
0.04545  3399.054137140221
0.04548  3397.940586950705
0.0455  3396.820174282146
0.04553  3395.7001310504593
0.04555  3394.5804571338326
0.0455799999999999  3393.468372548282
0.0455999999999999  3392.3422167586928
0.0456300000000001  3391.2308654338926
0.0456500000000001  3390.1126651810005
0.0456800000000001  3388.9948336354764
0.0457  3387.870162433688
0.04573  3386.7602761802696
0.04575  3385.6363465383074
0.04578  3384.519990982132
0.0458  3383.4040035250678
0.0458299999999999  3382.2883840457384
0.0458499999999999  3381.165938445077
0.0458800000000001  3380.0510569293488
0.0459000000000001  3378.943732261026
0.0459300000000001  3377.82239661589
0.04595  3376.7086175757727
0.04598  3375.5880236753846
0.046  3374.4749813814465
0.04603  3373.3623060941286
0.04605  3372.242822700053
0.0460799999999999  3371.1308834288
0.0460999999999999  3370.019310800465
0.0461300000000001  3368.9009368121933
0.0461500000000001  3367.7900994705337
0.0461800000000001  3366.672465267922
0.0462  3365.5552019631923
0.04623  3364.445467820254
0.04625  3363.3360995931284
0.04628  3362.227097161161
0.0463  3361.1113090954736
0.0463299999999999  3359.9958913150085
0.0463499999999999  3358.88799025947
0.0463800000000001  3357.773310309183
0.0464000000000001  3356.6661421116387
0.0464300000000001  3355.559338983828
0.04645  3354.445763679142
0.04648  3353.332557925351
0.0465  3352.22685398979
0.04653  3351.121514641151
0.04655  3350.0165397592173
0.0465799999999999  3348.90480388686
0.0465999999999999  3347.7934369549666
0.0466300000000001  3346.6895594496073
0.0466500000000001  3345.5860459289333
0.0466800000000001  3344.4828962729316
0.0467  3343.3729967944846
0.04673  3342.270576853501
0.04675  3341.1685204165997
0.04678  3340.0597208463146
0.0468  3338.9583934012876
0.0468299999999999  3337.857429100108
0.0468499999999999  3336.7568278230374
0.0468800000000001  3335.6565894503738
0.0469000000000001  3334.556713862456
0.0469300000000001  3333.4572009396607
0.04695  3332.3580505624063
0.04698  3331.2592626111505
0.047  3330.1608369663895
0.04703  3329.0556904039067
0.04705  3327.957991349311
0.0470799999999999  3326.860654242165
0.0470999999999999  3325.763678963121
0.0471300000000001  3324.674139160112
0.0471500000000001  3323.577884846941
0.0471800000000001  3322.481992004839
0.0472  3321.386460514619
0.04723  3320.2983547141994
0.04725  3319.203543240948
0.04728  3318.116152577107
0.0473  3317.0220606476078
0.0473299999999999  3315.935384650335
0.0473499999999999  3314.8420117916826
0.0473800000000001  3313.7560499912756
0.0474000000000001  3312.6704439583627
0.0474300000000001  3311.5851935763912
0.04745  3310.500298728847
0.04748  3309.4087179966214
0.0475  3308.324536175318
0.04753  3307.240709538377
0.04755  3306.157237969436
0.0475799999999999  3305.0741213521737
0.0475999999999999  3303.991359570306
0.0476300000000001  3302.9089525075856
0.0476500000000001  3301.8269000478044
0.0476800000000001  3300.7522249443978
0.0477  3299.6778996250982
0.04773  3298.5969056773056
0.04775  3297.516265869507
0.04778  3296.442993786723
0.0478  3295.363059613168
0.0478299999999999  3294.2974974898175
0.0478499999999999  3293.218266193508
0.0478800000000001  3292.14639301908
0.0479000000000001  3291.0748687167925
0.0479300000000001  3290.003693173093
0.04795  3288.932866274469
0.04798  3287.862387907444
0.048  3286.792257958577
0.04803  3285.7224763144673
0.04805  3284.667020138477
0.0480799999999999  3283.5979302145092
0.0480999999999999  3282.529188256792
0.0481300000000001  3281.4607941520694
0.0481500000000001  3280.406706934898
0.0481800000000001  3279.3390036531346
0.0482  3278.278622939779
0.04823  3277.2185851026115
0.04825  3276.158890030762
0.04828  3275.0995376133974
0.0483  3274.040527739719
0.0483299999999999  3272.9888240975665
0.0483499999999999  3271.9304967272524
0.0483800000000001  3270.872511569175
0.0484000000000001  3269.8218255729907
0.0484300000000001  3268.7714770834073
0.04845  3267.7214659920082
0.04848  3266.6648418322934
0.0485  3265.615507444787
0.04853  3264.573456023291
0.04855  3263.517849778788
0.0485799999999999  3262.4695262837768
0.0485999999999999  3261.428478738621
0.0486300000000001  3260.3808264018066
0.0486500000000001  3259.340445356634
0.0486800000000001  3258.293463748325
0.0487  3257.2606791109265
0.04873  3256.214365575513
0.04875  3255.1683881421577
0.04878  3254.136594063194
0.0488  3253.0912840619767
0.0488299999999999  3252.060148364834
0.0488499999999999  3251.022422431494
0.0488800000000001  3249.991942503555
0.0489000000000001  3248.9548765305967
0.0489300000000001  3247.925051954813
0.04895  3246.888645522523
0.04898  3245.86638197345
0.049  3244.830632458662
0.04903  3243.8090168627427
0.04905  3242.773923849074
0.0490799999999999  3241.752955795609
0.0490999999999999  3240.725414020063
0.0491300000000001  3239.705090927716
0.0491500000000001  3238.6850890780156
0.0491800000000001  3237.658519727345
0.0492  3236.6391622283963
0.04923  3235.613241377269
0.04925  3234.601409945363
0.04928  3233.583014959219
0.0493  3232.564940608669
0.0493299999999999  3231.554062432392
0.0493499999999999  3230.536626885459
0.0493800000000001  3229.5263829974688
0.0494000000000001  3228.516455029967
0.0494300000000001  3227.499975855632
0.04945  3226.4906815801955
0.04948  3225.4885656626193
0.0495  3224.4730398012143
0.04953  3223.4715505431072
0.04955  3222.4703723376047
0.0495799999999999  3221.462650904951
0.0495999999999999  3220.462096643696
0.0496300000000001  3219.4618531446445
0.0496500000000001  3218.455072527242
0.0496800000000001  3217.45545238992
0.0497  3216.4629862556603
0.04973  3215.457143435068
0.04975  3214.465293705291
0.04978  3213.4737499245102
0.0498  3212.4825119983525
0.0498299999999999  3211.484746878933
0.0498499999999999  3210.49412248673
0.0498800000000001  3209.5038036655496
0.0499000000000001  3208.5206169534854
0.0499300000000001  3207.524082359266
0.04995  3206.541502107204
0.04998  3205.5524025233776
