1e-08  956795.625
2.99999999999727e-05  951380.1562500001
4.99999999999545e-05  940615.3125000001
8.00000000000409e-05  929891.25
0.000100000000000023  919382.3437499999
0.000129999999999995  909140.625
0.000149999999999977  899185.7812500001
0.00017999999999995  889529.0625000001
0.000200000000000045  880169.0624999999
0.000230000000000018  871104.375
0.00025  862329.3750000001
0.000279999999999973  853834.21875
0.000299999999999955  845613.28125
0.000330000000000041  837658.125
0.000350000000000023  829960.3125
0.000379999999999995  822508.59375
0.000399999999999977  815297.3437500001
0.00042999999999995  808316.71875
0.000450000000000045  801558.28125
0.000480000000000018  795015.0
0.0005  788678.4375
0.000529999999999973  782541.5625
0.000549999999999954  776598.75
0.000580000000000041  770840.15625
0.000600000000000023  765261.5625
0.000629999999999995  759854.53125
0.000649999999999977  754614.84375
0.00067999999999995  749536.8750000001
0.000700000000000045  744613.59375
0.000730000000000018  739840.78125
0.00075  735212.8125
0.000779999999999973  730725.4687499999
0.000799999999999955  726373.125
0.000830000000000041  722151.5625
0.000850000000000023  718056.5625
0.000879999999999995  714083.90625
0.000899999999999977  710230.78125
0.00092999999999995  706492.96875
0.000950000000000045  702864.84375
0.000980000000000018  699345.0
0.001  695929.2187500001
0.00102999999999997  692616.09375
0.00104999999999995  689400.0
0.00108000000000004  686278.125
0.00110000000000002  683249.0625
0.00113  680310.0
0.00114999999999998  677458.125
0.00117999999999995  674690.6250000001
0.00120000000000005  672004.6874999999
0.00123000000000002  669398.9062500001
0.00125  666870.46875
0.00127999999999997  664417.9687500001
0.00129999999999995  662037.1875000001
0.00133000000000004  659728.1250000001
0.00135000000000002  657489.375
0.00138  655316.71875
0.00139999999999998  653210.15625
0.00142999999999995  651168.2812500001
0.00145000000000005  649186.875
0.00148000000000002  647267.34375
0.0015  645406.875
0.00152999999999997  643602.65625
0.00154999999999995  641856.09375
0.00158000000000004  640162.96875
0.00160000000000002  638524.6875
0.00163  636937.03125
0.00164999999999998  635401.4062500001
0.00167999999999995  633915.0
0.00170000000000005  632476.40625
0.00173000000000002  631084.21875
0.00175  629739.84375
0.00177999999999997  628439.0625
0.00179999999999995  627183.28125
0.00183000000000004  625969.6875
0.00185000000000002  624799.6875000001
0.00188  623669.0625
0.00189999999999998  622579.2187500001
0.00192999999999995  621528.7500000001
0.00195000000000005  620516.25
0.00198000000000002  619540.3125
0.002  618602.34375
0.00202999999999997  617700.9375000001
0.00204999999999995  616833.28125
0.00208000000000004  616000.78125
0.00210000000000002  615202.03125
0.00213  614435.625
0.00214999999999998  613701.5625
0.00217999999999995  612999.84375
0.00220000000000005  612329.0625
0.00223000000000002  611687.8125
0.00225  611077.5
0.00227999999999997  610495.3125
0.00229999999999995  609941.2500000001
0.00233000000000004  609416.71875
0.00235000000000002  608918.90625
0.00238  608447.8125
0.00239999999999998  608002.03125
0.00242999999999995  607584.375
0.00245000000000005  607190.625
0.00248000000000002  606822.1875000001
0.0025  606477.65625
0.00252999999999997  606157.03125
0.00254999999999995  605860.3125
0.00258000000000004  605587.5
0.00260000000000002  605335.78125
0.00263  605106.5625
0.00264999999999998  604899.84375
0.00267999999999995  604714.21875
0.00270000000000005  604549.6875000001
0.00273000000000002  604406.25
0.00275  604282.5
0.00277999999999997  604178.4375
0.00279999999999995  604095.46875
0.00283000000000004  604029.3750000001
0.00285000000000002  603984.3750000001
0.00288  603956.25
0.00289999999999998  603947.8125000001
0.00292999999999995  603956.25
0.00295000000000005  603981.5625000001
0.00298000000000002  604025.15625
0.003  604085.625
0.00302999999999997  604162.96875
0.00304999999999995  604257.1875000001
0.00308000000000004  604366.875
0.00310000000000002  604492.03125
0.00313  604634.0625
0.00314999999999998  604790.1562500001
0.00317999999999995  604961.71875
0.00320000000000005  605148.7500000001
0.00323000000000002  605349.84375
0.00325  605564.9999999999
0.00327999999999997  605794.21875
0.00329999999999995  606037.5
0.00333000000000004  606293.4375
0.00335000000000002  606564.84375
0.00338  606847.4999999999
0.00339999999999998  607144.21875
0.00342999999999995  607453.59375
0.00345000000000005  607775.625
0.00348000000000002  608108.90625
0.0035  608456.25
0.00352999999999997  608813.4374999999
0.00354999999999995  609183.28125
0.00358000000000004  609565.78125
0.00360000000000002  609958.125
0.00363  610361.71875
0.00364999999999998  610776.5625
0.00367999999999995  611202.65625
0.00370000000000005  611640.0
0.00373000000000002  612087.1875
0.00375  612544.2187500001
0.00377999999999997  613011.09375
0.00379999999999995  613489.21875
0.00383000000000004  613975.78125
0.00385000000000002  614472.1875
0.00388  614979.84375
0.00389999999999998  615494.53125
0.00392999999999995  616020.4687500001
0.00395000000000005  616553.4375
0.00398000000000002  617096.25
0.004  617647.4999999999
0.00402999999999997  618208.59375
0.00404999999999995  618776.71875
0.00408000000000004  619353.28125
0.00410000000000002  619939.6875000001
0.00413  620531.71875
0.00414999999999998  621133.59375
0.00417999999999995  621742.5
0.00420000000000005  622358.4375
0.00423000000000002  622982.8125
0.00425  623614.21875
0.00427999999999997  624252.6562500001
0.00429999999999995  624898.125
0.00433000000000004  625552.03125
0.00435000000000002  626211.5625
0.00438  626878.125
0.00439999999999998  627551.71875
0.00442999999999995  628230.9375
0.00445000000000005  628917.1875
0.00448000000000002  629610.46875
0.0045  630309.3750000001
0.00452999999999997  631013.90625
0.00454999999999995  631724.0625
0.00458000000000004  632441.25
0.00460000000000002  633164.0625
0.00463  633892.5
0.00464999999999998  634626.5625
0.00467999999999995  635364.84375
0.00470000000000005  636110.15625
0.00473000000000002  636859.6875
0.00475  637614.84375
0.00477999999999997  638375.625
0.00479999999999995  639140.625
0.00483000000000004  639911.2500000001
0.00485000000000002  640686.09375
0.00488  641465.15625
0.00489999999999998  642249.8437500001
0.00492999999999995  643038.7500000001
0.00495000000000005  643831.875
0.00498000000000002  644629.21875
0.005  645430.7812500001
0.00502999999999997  646236.5625
0.00504999999999995  647046.5625
0.00508000000000004  647860.78125
0.00510000000000002  648677.8125
0.00513  649500.4687500001
0.00514999999999998  650325.9375
0.00517999999999995  651154.21875
0.00520000000000005  651986.71875
0.00523000000000002  652823.4375
0.00525  653662.9687500001
0.00527999999999997  654505.3125000001
0.00529999999999995  655351.8750000001
0.00533000000000004  656201.2500000001
0.00535000000000002  657053.4375
0.00538  657909.84375
0.00539999999999998  658767.65625
0.00542999999999995  659629.6875
0.00545000000000005  660493.1250000001
0.00548000000000002  661359.375
0.0055  662229.8437500001
0.00552999999999997  663101.71875
0.00554999999999995  663976.40625
0.00558000000000004  664853.90625
0.00560000000000002  665732.8125
0.00563  666614.53125
0.00564999999999998  667499.0625
0.00567999999999995  668385.0
0.00570000000000005  669273.75
0.00573000000000002  670163.9062500001
0.00575  671055.46875
0.00577999999999997  671949.84375
0.00579999999999995  672845.625
0.00583000000000004  673744.21875
0.00585000000000002  674642.8125
0.00588  675544.21875
0.00589999999999998  676447.03125
0.00592999999999995  677352.65625
0.00595000000000005  678258.2812499999
0.00598000000000002  679165.3125
0.006  680073.75
0.00602999999999997  680983.59375
0.00604999999999995  681894.84375
0.00608000000000004  682807.5
0.00610000000000002  683720.15625
0.00613  684635.625
0.00614999999999998  685551.0937500001
0.00617999999999995  686467.96875
0.00620000000000005  687384.84375
0.00623000000000002  688303.125
0.00625  689221.40625
0.00627999999999997  690142.5
0.00629999999999995  691062.1875
0.00633000000000004  691983.2812500001
0.00635000000000002  692905.78125
0.00638  693826.875
0.00639999999999998  694750.78125
0.00642999999999995  695673.2812500001
0.00645000000000005  696597.1875000001
0.00648000000000002  697521.0937500001
0.0065  698445.0
0.00652999999999997  699368.90625
0.00654999999999995  700294.21875
0.00658000000000004  701218.125
0.00660000000000002  702143.4375
0.00663  703067.34375
0.00664999999999998  703992.6562500001
0.00667999999999995  704917.96875
0.00670000000000005  705841.875
0.00673000000000002  706767.1875
0.00675  707691.09375
0.00677999999999997  708615.0
0.00679999999999995  709538.90625
0.00683000000000004  710462.8125
0.00685000000000002  711386.71875
0.00688  712309.21875
0.00689999999999998  713231.71875
0.00692999999999995  714152.8124999999
0.00695000000000005  715073.9062500001
0.00698000000000002  715995.0
0.007  716916.09375
0.00702999999999997  717835.7812500001
0.00704999999999995  718754.0625000001
0.00708000000000004  719672.3437499999
0.00710000000000002  720589.21875
0.00713  721506.09375
0.00714999999999998  722421.5625000001
0.00717999999999995  723337.03125
0.00720000000000005  724251.0937500001
0.00723000000000002  725163.75
0.00725  726076.40625
0.00727999999999997  726987.65625
0.00729999999999995  727897.5
0.00733000000000004  728805.9375
0.00735000000000002  729714.375
0.00738  730621.4062500001
0.00739999999999998  731525.625
0.00742999999999995  732431.2500000001
0.00745000000000005  733334.0625000001
0.00748000000000002  734235.46875
0.0075  735135.46875
0.00752999999999997  736035.46875
0.00754999999999995  736932.6562500001
0.00758000000000004  737829.84375
0.00760000000000002  738724.2187500001
0.00763  739617.1875
0.00764999999999998  740510.15625
0.00767999999999995  741400.3125
0.00770000000000005  742289.0625
0.00773000000000002  743176.4062500001
0.00775  744062.34375
0.00777999999999997  744945.46875
0.00779999999999995  745828.5937500001
0.00783000000000004  746708.9062499999
0.00785000000000002  747587.8125
0.00787999999999999  748465.3125
0.00789999999999998  749341.40625
0.00792999999999995  750214.6874999999
0.00795000000000005  751086.5625000001
0.00798000000000002  751957.0312499999
0.008  752826.09375
0.00802999999999997  753692.3437500001
0.00804999999999995  754555.78125
0.00808000000000004  755419.21875
0.00810000000000002  756279.84375
0.00812999999999999  757137.65625
0.00814999999999998  757994.0625
0.00817999999999995  758849.0625000001
0.00820000000000005  759701.2500000001
0.00823000000000002  760552.03125
0.00825  761401.40625
0.00827999999999997  762246.5625000001
0.00829999999999995  763091.71875
0.00833000000000004  763934.0625
0.00835000000000002  764773.5937500001
0.00838  765611.71875
0.00839999999999998  766447.03125
0.00842999999999995  767279.53125
0.00845000000000005  768110.625
0.00848000000000002  768940.3125000001
0.0085  769765.78125
0.00852999999999997  770591.2500000002
0.00854999999999996  771412.5
0.00858000000000004  772232.34375
0.00860000000000002  773049.375
0.00863  773865.0000000001
0.00864999999999998  774677.8125000001
0.00867999999999995  775487.8125
0.00870000000000005  776294.9999999999
0.00873000000000002  777100.78125
0.00875  777903.75
0.00877999999999997  778703.9062500001
0.00879999999999995  779502.65625
0.00883000000000004  780298.59375
0.00885000000000002  781091.71875
0.00888  781882.03125
0.00889999999999998  782669.5312500001
0.00892999999999995  783455.625
0.00895000000000004  784238.90625
0.00898000000000002  785019.375
0.009  785797.03125
0.00902999999999997  786573.28125
0.00904999999999995  787345.3125
0.00908000000000004  788115.9374999999
0.00910000000000002  788883.75
0.00913  789648.75
0.00914999999999998  790410.9375
0.00917999999999995  791171.71875
0.00920000000000004  791928.2812500001
0.00923000000000002  792683.4375000001
0.00925  793435.78125
0.00927999999999997  794183.9062499999
0.00929999999999995  794930.6249999999
0.00933000000000004  795674.5312499999
0.00935000000000002  796417.03125
0.00938  797155.3125000001
0.00939999999999998  797890.78125
0.00942999999999995  798623.4375
0.00945000000000005  799354.6874999999
0.00948000000000002  800081.7187500001
0.0095  800807.3437500001
0.00952999999999997  801530.15625
0.00954999999999995  802250.15625
0.00958000000000004  802965.9375000001
0.00960000000000002  803680.3124999999
0.00963  804391.875
0.00964999999999998  805100.625
0.00967999999999995  805806.5625
0.00970000000000005  806509.6875
0.00973000000000002  807210.0
0.00975  807907.5000000001
0.00977999999999997  808602.1875
0.00979999999999995  809294.0625
0.00983000000000004  809983.1250000001
0.00985000000000002  810670.7812499999
0.00987999999999999  811354.21875
0.00989999999999998  812034.8437500001
0.00992999999999995  812712.6562500001
0.00995000000000005  813389.0625
0.00998000000000002  814061.2500000001
0.01  815276.25
0.01003  815942.8125
0.01005  816605.1562500001
0.01008  817260.46875
0.0101  817905.9375000001
0.01013  818537.34375
0.01015  819147.65625
0.0101799999999999  819734.0625000001
0.0102  820290.9375
0.01023  820812.65625
0.01025  821296.4062499999
0.01028  821743.5937499999
0.0103  822147.1875000001
0.01033  822510.0000000001
0.01035  822830.6249999999
0.01038  823107.65625
0.0104  823343.9062500001
0.0104299999999999  823537.96875
0.01045  823691.2499999999
0.01048  823806.5625000001
0.0105  823882.5
0.01053  823921.8749999999
0.01055  823923.2812500001
0.01058  823890.9375
0.0106  823823.4375
0.01063  823723.5937499998
0.01065  823590.0000000001
0.0106799999999999  823428.2812499999
0.0107  823234.2187499999
0.01073  823010.625
0.01075  822758.90625
0.01078  822477.6562500002
0.0108  822169.6875
0.01083  821835.0000000001
0.01085  821472.1875
0.01088  821084.0625
0.0109  820670.6250000001
0.01093  820229.0625
0.01095  819763.59375
0.01098  819270.0
0.011  818749.6875
0.01103  818204.0625
0.01105  817630.3125000001
0.01108  817025.625
0.0111  816390.0
0.01113  815722.0312499999
0.01115  815014.6875000002
0.01118  814256.71875
0.0112  813441.0937500001
0.01123  812545.3125
0.01125  811542.6562500001
0.01128  810395.1562500001
0.0113  809055.0000000001
0.01133  807463.125
0.01135  805546.4062500002
0.01138  803226.0937499999
0.0114  800426.25
0.01143  797077.9687499999
0.01145  793129.2187499999
0.01148  788544.84375
0.0115  783307.96875
0.01153  777422.8125
0.01155  770907.65625
0.01158  763787.8124999999
0.0116  756099.8437499999
0.01163  747884.53125
0.01165  739181.25
0.01168  730026.5625
0.0117  720454.21875
0.01173  710496.5625
0.01175  700174.6875
0.01178  689506.8750000001
0.0118  678507.1875
0.01183  667181.25
0.01185  655531.8750000001
0.01188  643559.0625
0.0119  631254.375
0.0119299999999999  618610.7812500001
0.01195  605617.03125
0.01198  592263.2812499999
0.012  578534.0625
0.01203  564419.53125
0.01205  549904.2187500001
0.01208  534981.09375
0.0121  519638.90625
0.01213  503873.4375
0.01215  487679.0625
0.0121799999999999  471060.00000000006
0.0122  454024.68750000006
0.01223  436581.56250000006
0.01225  418755.9375
0.01228  400575.9375
0.0123  382082.34374999994
0.01233  363322.96875000006
0.01235  344362.4999999999
0.01238  325269.84375
0.0124  306130.78125
0.0124299999999999  287036.71875000006
0.01245  268084.6875
0.01248  249377.34374999997
0.0125  231018.75
0.01253  213110.1562500001
0.01255  195745.78124999997
0.01258  179008.59375000003
0.0126  162968.90624999994
0.01263  147684.37500000006
0.01265  133192.96875
0.0126799999999999  119517.18749999994
0.0127  106666.87500000001
0.01273  94642.17187500006
0.01275  83431.26562500001
0.01278  73015.59374999999
0.0128  63381.37499999991
0.01283  54503.29687499993
0.01285  46362.65625000001
0.01288  38938.781249999985
0.0129  32207.906250000007
0.01293  26149.500000000047
0.01295  20742.890625000047
0.01298  15966.843749999949
0.013  11798.296875000036
0.01303  8215.171874999993
0.01305  5197.359375000033
0.01308  2724.187499999986
0.0131  773.437499999996
0.01313  675.1406249999703
0.01315  1640.390624999999
0.01318  2142.000000000044
0.0132  2200.781250000017
0.01323  1834.4531250000464
0.01325  1063.265624999965
0.01328  95.62499999997699
0.0133  1621.968749999947
0.01333  3500.2968750000314
0.01335  5708.109374999982
0.01338  8229.79687499994
0.0134  11047.359374999989
0.01343  14142.23437500003
0.01345  17495.015625
0.01348  21087.843750000025
0.0135  24905.390625000033
0.01353  28927.125000000004
0.01355  33135.75000000005
0.01358  37515.515625000065
0.0136  42050.109374999956
0.01363  46723.500000000044
0.01365  51518.812499999956
0.0136799999999999  56422.82812500001
0.0137  61420.078124999956
0.01373  66499.73437500001
0.01375  71646.60937500001
0.01378  76848.74999999996
0.0138  82097.29687499996
0.01383  87379.17187500003
0.01385  92685.93749999993
0.01388  98006.76562499999
0.0139  103334.62500000006
0.0139299999999999  108661.64062499999
0.01395  113980.78125
0.01398  119285.15625000003
0.014  124568.43750000006
0.01403  129825.0000000001
0.01405  135052.03125000006
0.01408  140243.90625000003
0.0141  145397.81250000006
0.01413  150510.93750000003
0.01415  155579.0624999999
0.0141799999999999  160602.1875
0.0142  165576.09374999997
0.01423  170502.18750000003
0.01425  175376.25000000006
0.01428  180199.6875
0.0143  184971.09374999994
0.01433  189689.06250000003
0.01435  194355.0
0.01438  198968.90624999997
0.0144  203529.37499999997
0.0144299999999999  208037.81249999994
0.01445  212494.21875000003
0.01448  216900.0
0.0145  221256.5625
0.01453  225562.49999999997
0.01455  229820.625
0.01458  234030.93750000003
0.0146  238194.84374999997
0.01463  242315.15624999997
0.01465  246390.46874999997
0.01468  250425.00000000003
0.0147  254418.7500000001
0.01473  258373.12499999997
0.01475  262289.53125
0.01478  266170.78125
0.0148  270016.875
0.01483  273829.21874999994
0.01485  277612.03125000006
0.01488  281363.90624999994
0.0149  285084.84375
0.01493  288780.46875
0.01495  292450.78125
0.01498  296095.78124999994
0.015  299716.87500000006
0.01503  303315.46875
0.01505  306891.5625000001
0.01508  310446.56250000006
0.0151  313981.875
0.01513  317496.09375
0.01515  320990.625
0.01518  324465.46874999994
0.0152  327922.0312499999
0.01523  331358.90625
0.01525  334778.90625
0.01528  338177.81249999994
0.0153  341558.43749999994
0.01533  344919.375
0.01535  348260.625
0.01538  351579.375
0.0154  354879.84375
0.01543  358159.21875
0.01545  361416.09375000006
0.01548  364650.46875
0.0155  367863.75
0.01553  371051.71875
0.01555  374214.375
0.01558  377354.53125
0.0156  380469.37499999994
0.01563  383558.90625000006
0.01565  386620.3125
0.01568  389655.0
0.0157  392664.37500000006
0.01573  395642.81250000006
0.01575  398594.53125
0.01578  401518.125
0.0158  404410.78125000006
0.01583  407273.90625000006
0.01585  410108.90625000006
0.01588  412912.96875
0.0159  415686.09375
0.01593  418429.68750000006
0.01595  421140.93750000006
0.01598  423822.65625
0.016  426473.43750000006
0.01603  429091.87499999994
0.01605  431680.78125
0.01608  434237.34375000006
0.0161  436764.37499999994
0.01613  439260.46875
0.01615  441725.6250000001
0.01618  444161.25000000006
0.0162  446565.93750000006
0.01623  448941.09375
0.01625  451286.71875
0.01628  453602.8125
0.0163  455889.37500000006
0.01633  458147.8125
0.01635  460376.71875
0.01638  462578.90625
0.0164  464752.96875
0.01643  466897.5
0.01645  469016.71875
0.01648  471109.21875
0.0165  473173.59374999994
0.01653  475212.65625000006
0.01655  477225.0000000001
0.01658  479210.62500000006
0.0166  481172.34375
0.01663  483108.75
0.01665  485018.43750000006
0.0166799999999999  486905.62500000006
0.0167  488767.49999999994
0.01673  490604.06249999994
0.01675  492416.71875
0.01678  494206.875
0.0168  495971.71875000006
0.01683  497715.46875
0.01685  499436.71875000006
0.01688  501132.65625000006
0.0169  502807.4999999999
0.0169299999999999  504461.25000000006
0.01695  506091.0937500001
0.01698  507701.25000000006
0.017  509287.50000000006
0.01703  510855.46874999994
0.01705  512402.34375
0.01708  513928.125
0.0171  515432.8125
0.01713  516919.21874999994
0.01715  518384.53125000006
0.0171799999999999  519831.5625
0.0172  521260.3125
0.01723  522670.78125000006
0.01725  524061.5625
0.01728  525435.46875
0.0173  526792.5
0.01733  528131.25
0.01735  529453.125
0.01738  530759.53125
0.0174  532047.65625
0.0174299999999999  533321.71875
0.01745  534580.3125000001
0.01748  535823.4375000001
0.0175  537052.5
0.01753  538264.6875
0.01755  539464.2187500001
0.01758  540648.28125
0.0176  541821.0937500001
0.01763  542978.4375
0.01765  544121.71875
0.0176799999999999  545253.75
0.0177  546373.125
0.01773  547479.8437500001
0.01775  548573.9062499999
0.01778  549656.71875
0.0178  550726.875
0.01783  551785.7812500001
0.01785  552833.4374999999
0.01788  553871.25
0.0179  554896.40625
0.0179299999999999  555911.7187500001
0.01795  556915.78125
0.01798  557910.0
0.018  558894.375
0.01803  559868.90625
0.01805  560832.1875
0.01808  561785.625
0.0181  562732.03125
0.01813  563667.1875
0.01815  564593.90625
0.0181799999999999  565510.7812500001
0.0182  566420.6250000001
0.01823  567320.625
0.01825  568210.7812500001
0.01828  569092.5000000001
0.0183  569967.1875000001
0.01833  570832.03125
0.01835  571689.84375
0.01838  572540.625
0.0184  573381.5625
0.0184299999999999  574214.0624999999
0.01845  575040.9375
0.01848  575859.3750000001
0.0185  576670.78125
0.01853  577473.75
0.01855  578271.0937500001
0.01858  579060.0000000001
0.0186  579841.8750000001
0.01863  580618.1250000001
0.01865  581385.9375000001
0.01868  582148.125
0.0187  582901.8749999999
0.01873  583650.0
0.01875  584392.5000000001
0.01878  585127.96875
0.0188  585856.4062500001
0.01883  586579.21875
0.01885  587296.40625
0.01888  588006.5625
0.0189  588712.5
0.01893  589411.40625
0.01895  590104.6874999999
0.01898  590790.9375
0.019  591474.375
0.01903  592149.375
0.01905  592820.15625
0.01908  593485.3125
0.0191  594144.84375
0.01913  594800.15625
0.01915  595449.84375
0.01918  596095.3125
0.0192  596733.75
0.01923  597369.3750000001
0.01925  597997.96875
0.01928  598622.34375
0.0193  599243.9062499999
0.01933  599858.4375
0.01935  600468.75
0.01938  601074.84375
0.0194  601676.7187500001
0.01943  602274.3750000001
0.01945  602866.40625
0.01948  603454.2187499999
0.0195  604037.8125
0.01953  604618.59375
0.01955  605193.75
0.01958  605764.6875
0.0196  606331.4062500001
0.01963  606895.3125000001
0.01965  607455.0
0.01968  608010.46875
0.0197  608560.3125
0.01973  609108.75
0.01975  609652.96875
0.01978  610192.9687499999
0.0198  610728.7500000001
0.01983  611261.7187500001
0.01985  611790.46875
0.01988  612316.4062500001
0.0199  612838.125
0.01993  613355.625
0.01995  613870.3125
0.01998  614382.1875
0.02  614891.2500000001
0.02003  615394.6875000001
0.02005  615896.71875
0.02008  616393.125
0.0201  616888.125
0.02013  617380.3125
0.02015  617868.2812500001
0.02018  618353.4375
0.0202  618835.78125
0.02023  619315.3125000001
0.02025  619790.625
0.02028  620263.1250000001
0.0203  620732.8125
0.02033  621199.6875
0.02035  621663.75
0.02038  622125.0
0.0204  622582.0312499999
0.02043  623037.65625
0.02045  623490.46875
0.02048  623939.0625
0.0205  624386.25
0.02053  624829.2187500001
0.02055  625272.1875
0.02058  625709.5312500001
0.0206  626145.46875
0.02063  626578.59375
0.02065  627008.90625
0.0206799999999999  627436.4062500001
0.0207  627862.5
0.02073  628284.375
0.02075  628706.2500000001
0.02078  629122.5
0.0208  629538.7500000001
0.02083  629950.7812500001
0.02085  630361.4062500001
0.02088  630769.21875
0.0209  631174.21875
0.0209299999999999  631577.8125
0.02095  631977.1875
0.02098  632376.5625
0.021  632773.125
0.02103  633165.46875
0.02105  633557.8124999999
0.02108  633945.9375000001
0.0211  634334.0625
0.02113  634717.9687499999
0.02115  635100.46875
0.0211799999999999  635480.15625
0.0212  635858.4375
0.02123  636233.90625
0.02125  636607.96875
0.02128  636980.625
0.0213  637349.0625
0.02133  637717.5
0.02135  638081.71875
0.02138  638444.5312500001
0.0214  638805.9375
0.0214299999999999  639164.53125
0.02145  639523.125
0.02148  639877.5000000001
0.0215  640231.875
0.02153  640582.03125
0.02155  640932.1875000001
0.02158  641278.1249999999
0.0216  641624.0625
0.02163  641967.1875
0.02165  642308.90625
0.0216799999999999  642649.21875
0.0217  642988.1250000001
0.02173  643322.8125
0.02175  643657.5
0.02178  643989.375
0.0218  644321.2499999999
0.02183  644648.90625
0.02185  644976.5625
0.02188  645302.8125
0.0219  645626.25
0.0219299999999999  645946.875
0.02195  646268.90625
0.02198  646586.71875
0.022  646903.1250000001
0.02203  647218.125
0.02205  647533.1250000001
0.02208  647845.3124999999
0.0221  648156.0937500001
0.02213  648464.0625
0.02215  648770.625
0.0221799999999999  649077.1875000001
0.0222  649380.9375000001
0.02223  649683.28125
0.02225  649984.2187500001
0.02228  650283.75
0.0223  650581.875
0.02233  650877.1875000001
0.02235  651172.5
0.02238  651466.4062499999
0.0224  651758.90625
0.0224299999999999  652050.0
0.02245  652336.875
0.02248  652625.1562500001
0.0225  652912.03125
0.02253  653196.09375
0.02255  653480.1562499999
0.02258  653761.40625
0.0226  654042.6562500001
0.02263  654321.09375
0.02265  654599.53125
0.02268  654876.5625
0.0227  655152.1875
0.02273  655425.0000000001
0.02275  655699.2187500001
0.02278  655969.21875
0.0228  656239.21875
0.02283  656507.8125
0.02285  656776.4062500001
0.02288  657042.1875
0.0229  657306.5625
0.02293  657570.9374999999
0.02295  657833.90625
0.02298  658094.0625
0.023  658354.2187500001
0.02303  658612.9687500001
0.02305  658870.3124999999
0.02308  659126.25
0.0231  659382.1875
0.02313  659636.71875
0.02315  659889.84375
0.02318  660141.5625000001
0.0232  660391.875
0.02323  660642.1875
0.02325  660889.6875000001
0.02328  661138.59375
0.0233  661384.6875000001
0.02333  661629.375
0.02335  661872.6562500001
0.02338  662115.9374999999
0.0234  662357.8125000001
0.02343  662599.6875000001
0.02345  662838.7500000001
0.02348  663077.8125000001
0.0235  663315.46875
0.02353  663553.125
0.02355  663787.96875
0.02358  664022.8125
0.0236  664256.25
0.02363  664489.6875
0.02365  664721.71875
0.02368  664952.34375
0.0237  665182.96875
0.02373  665412.1874999999
0.02375  665640.0
0.02378  665866.4062500001
0.0238  666092.8125000001
0.02383  666317.8125000001
0.02385  666542.8124999999
0.02388  666765.0
0.0239  666988.5937500001
0.02393  667209.375
0.02395  667430.1562500001
0.02398  667649.53125
0.024  667868.9062500001
0.02403  668086.8749999999
0.02405  668304.8437500001
0.0240799999999999  668520.0
0.0240999999999999  668735.15625
0.0241300000000001  668951.7187500001
0.0241500000000001  669165.46875
0.0241800000000001  669377.8125
0.0242  669590.15625
0.02423  669801.09375
0.02425  670010.6250000001
0.02428  670221.5625000001
0.0243  670431.09375
0.0243299999999999  670639.2187499999
0.0243499999999999  670845.9375
0.0243800000000001  671054.0625
0.0244000000000001  671259.375
0.0244300000000001  671463.28125
0.02445  671668.5937500001
0.02448  671872.5
0.0245  672075.0
0.02453  672277.5000000001
0.02455  672478.5937500001
0.0245799999999999  672679.6875
0.0245999999999999  672880.78125
0.0246300000000001  673077.6562500001
0.0246500000000001  673277.34375
0.0246800000000001  673475.6250000001
0.0247  673672.5
0.02473  673869.375
0.02475  674064.84375
0.02478  674260.3125
0.0248  674454.375
0.0248299999999999  674648.4375
0.0248499999999999  674841.0937500001
0.0248800000000001  675035.15625
0.0249000000000001  675226.40625
0.0249300000000001  675417.65625
0.02495  675608.9062500001
0.02498  675797.34375
0.025  675987.1875
0.02503  676657.96875
0.02505  676867.4999999999
0.0250799999999999  677064.375
0.0250999999999999  677255.625
0.0251300000000001  677445.46875
0.0251500000000001  677632.5000000001
0.0251800000000001  677819.53125
0.0252  678003.75
0.02523  678186.5625000001
0.02525  678369.3750000001
0.02528  678552.1875000001
0.0253  678732.1875
0.0253299999999999  678915.0000000001
0.0253499999999999  679093.59375
0.0253800000000001  679273.59375
0.0254000000000001  679450.78125
0.0254300000000001  679629.375
0.02545  679806.5625000001
0.02548  679982.3437500001
0.0255  680158.125
0.02553  680332.5
0.02555  680508.2812500001
0.0255799999999999  680681.25
0.0255999999999999  680855.6249999999
0.0256300000000001  681028.59375
0.0256500000000001  681201.5624999999
0.0256800000000001  681374.5312500001
0.0257  681544.6874999999
0.02573  681716.25
0.02575  681886.40625
0.02578  682056.5625000001
0.0258  682225.3125000001
0.0258299999999999  682394.0625
0.0258499999999999  682562.8125000001
0.0258800000000001  682730.1562499999
0.0259000000000001  682897.5
0.0259300000000001  683064.8437500001
0.02595  683230.78125
0.02598  683396.71875
0.026  683562.65625
0.02603  683728.59375
0.02605  683893.1250000001
0.0260799999999999  684056.2500000001
0.0260999999999999  684220.78125
0.0261300000000001  684385.3125
0.0261500000000001  684547.03125
0.0261800000000001  684710.15625
0.0262  684871.875
0.02623  685035.0
0.02625  685195.3125
0.02628  685355.625
0.0263  685517.34375
0.0263299999999999  685677.6562500001
0.0263499999999999  685836.5625000001
0.0263800000000001  685995.46875
0.0264000000000001  686154.375
0.0264300000000001  686313.28125
0.02645  686472.1874999999
0.02648  686629.6875
0.0265  686787.1875
0.02653  686944.6875
0.02655  687102.1875
0.0265799999999999  687258.28125
0.0265999999999999  687414.375
0.0266300000000001  687570.46875
0.0266500000000001  687725.15625
0.0266800000000001  687881.25
0.0267  688035.9375
0.02673  688189.21875
0.02675  688343.9062500001
0.02678  688498.5937500001
0.0268  688651.875
0.0268299999999999  688805.15625
0.0268499999999999  688957.03125
0.0268800000000001  689108.9062499999
0.0269000000000001  689262.1875
0.0269300000000001  689414.0625000001
0.02695  689565.9375000001
0.02698  689717.8125000001
0.027  689868.28125
0.02703  690020.15625
0.02705  690169.2187500001
0.0270799999999999  690319.6875
0.0270999999999999  690468.7500000001
0.0271300000000001  690617.8125
0.0271500000000001  690768.28125
0.0271800000000001  690917.34375
0.0272  691066.40625
0.02723  691215.46875
0.02725  691363.125
0.02728  691510.7812500001
0.0273  691658.4375
0.0273299999999999  691806.09375
0.0273499999999999  691952.34375
0.0273800000000001  692098.5937500001
0.0274000000000001  692246.25
0.0274300000000001  692392.5000000001
0.02745  692538.75
0.02748  692685.0000000001
0.0275  692829.84375
0.02753  692974.6875
0.02755  693120.9375
0.0275799999999999  693264.375
0.0275999999999999  693410.625
0.0276300000000001  693555.4687500001
0.0276500000000001  693698.90625
0.0276800000000001  693842.3437500001
0.0277  693987.1875
0.02773  694130.625
0.02775  694274.0625
0.02778  694416.09375
0.0278  694560.9375
0.0278299999999999  694702.96875
0.0278499999999999  694843.5937500001
0.0278800000000001  694987.0312499999
0.0279000000000001  695129.0625
0.0279300000000001  695271.0937500001
0.02795  695413.125
0.02798  695553.7500000001
0.028  695695.78125
0.02803  695836.40625
0.02805  695977.03125
0.0280799999999999  696117.65625
0.0280999999999999  696259.6875000001
0.0281300000000001  696398.9062500001
0.0281500000000001  696539.53125
0.0281800000000001  696678.7500000001
0.0282  696819.3750000001
0.02823  696958.59375
0.02825  697097.8125000001
0.02828  697238.4375
0.0283  697377.6562499999
0.0283299999999999  697516.875
0.0283499999999999  697654.6875
0.0283800000000001  697793.90625
0.0284000000000001  697931.71875
0.0284300000000001  698070.9375
0.02845  698207.34375
0.02848  698345.15625
0.0285  698482.9687500001
0.02853  698620.7812500001
0.02855  698758.59375
0.0285799999999999  698896.4062500001
0.0285999999999999  699034.21875
0.0286300000000001  699172.0312500001
0.0286500000000001  699307.03125
0.0286800000000001  699444.8437500001
0.0287  699581.25
0.02873  699719.0624999999
0.02875  699854.0625000001
0.02878  699990.4687500001
0.0288  700126.8750000001
0.0288299999999999  700261.875
0.0288499999999999  700398.28125
0.0288800000000001  700534.6875
0.0289000000000001  700669.6874999999
0.0289300000000001  700806.09375
0.02895  700939.6875
0.02898  701076.09375
0.029  701211.0937500001
0.02903  701346.0937500001
0.02905  701481.0937500001
0.0290799999999999  701616.0937500001
0.0290999999999999  701751.09375
0.0291300000000001  701884.6875
0.0291500000000001  702018.28125
0.0291800000000001  702153.28125
0.0292  702286.875
0.02923  702421.875
0.02925  702555.4687500001
0.02928  702689.0625
0.0293  702824.0625
0.0293299999999999  702957.6562500001
0.0293499999999999  703089.8437500001
0.0293800000000001  703224.84375
0.0294000000000001  703357.03125
0.0294300000000001  703490.625
0.02945  703622.8125
0.02948  703757.8125
0.0295  703890.0
0.02953  704022.1875
0.02955  704155.7812500001
0.0295799999999999  704287.96875
0.0295999999999999  704421.5625
0.0296300000000001  704553.75
0.0296500000000001  704685.9374999999
0.0296800000000001  704818.1250000001
0.0297  704950.3125
0.02973  705082.4999999999
0.02975  705214.6875000001
0.02978  705346.875
0.0298  705479.0625
0.0298299999999999  705611.25
0.0298499999999999  705742.0312500001
0.0298800000000001  705874.21875
0.0299000000000001  706006.40625
0.0299300000000001  706137.1875
0.02995  706269.3750000001
0.02998  706401.5625
0.03  706532.3437499999
0.03003  706664.5312500001
0.03005  706795.3125
0.0300799999999999  706927.5000000001
0.0300999999999999  707056.8750000001
0.0301300000000001  707187.65625
0.0301500000000001  707319.8437500001
0.0301800000000001  707450.625
0.0302  707581.4062500001
0.03023  707712.1875
0.03025  707842.96875
0.03028  707973.7499999999
0.0303  708104.5312500001
0.0303299999999999  708233.90625
0.0303499999999999  708366.09375
0.0303800000000001  708496.8750000001
0.0304000000000001  708626.2500000001
0.0304300000000001  708757.0312500001
0.03045  708887.8125000001
0.03048  709017.1875000001
0.0305  709147.9687500001
0.03053  709278.75
0.03055  709408.125
0.0305799999999999  709538.90625
0.0305999999999999  709668.28125
0.0306300000000001  709799.0625
0.0306500000000001  709928.4375
0.0306800000000001  710059.2187500001
0.0307  710188.5937500001
0.03073  710319.3750000001
0.03075  710448.75
0.03078  710579.53125
0.0308  710707.5000000001
0.0308299999999999  710838.28125
0.0308499999999999  710967.6562500001
0.0308800000000001  711098.4375
0.0309000000000001  711227.8125
0.0309300000000001  711357.1875000001
0.03095  711486.5625
0.03098  711615.9375
0.031  711745.3125
0.03103  711876.09375
0.03105  712005.4687500001
0.0310799999999999  712133.4375
0.0310999999999999  712264.21875
0.0311300000000001  712393.59375
0.0311500000000001  712522.96875
0.0311800000000001  712653.7499999999
0.0312  712781.71875
0.03123  712911.09375
0.03125  713040.4687500001
0.03128  713169.84375
0.0313  713300.6250000001
0.0313299999999999  713428.5937500001
0.0313499999999999  713557.96875
0.0313800000000001  713687.34375
0.0314000000000001  713816.71875
0.0314300000000001  713946.09375
0.03145  714075.4687500001
0.03148  714204.8437500001
0.0315  714334.21875
0.03153  714463.5937499999
0.03155  714592.96875
0.0315799999999999  714722.34375
0.0315999999999999  714851.7187500001
0.0316300000000001  714981.09375
0.0316500000000001  715110.46875
0.0316800000000001  715239.84375
0.0317  715369.21875
0.03173  715498.5937500001
0.03175  715627.96875
0.03178  715757.34375
0.0318  715886.7187500001
0.0318299999999999  716014.6875000001
0.0318499999999999  716144.0625
0.0318800000000001  716273.4375000001
0.0319000000000001  716402.8125
0.0319300000000001  716533.5937499999
0.03195  716662.9687500001
0.03198  716792.3437500001
0.032  716920.3125
0.03203  717049.6875
0.03205  717180.46875
0.0320799999999999  717309.8437500001
0.0320999999999999  717439.2187500001
0.0321300000000001  717568.59375
0.0321500000000001  717697.9687499999
0.0321800000000001  717827.34375
0.0322  717958.1250000001
0.03223  718086.09375
0.03225  718216.875
0.03228  718346.2500000001
0.0323  718475.6250000001
0.0323299999999999  718605.0
0.0323499999999999  718735.78125
0.0323800000000001  718863.75
0.0324000000000001  718994.5312500001
0.0324300000000001  719123.90625
0.03245  719253.28125
0.03248  719384.0625
0.0325  719512.03125
0.03253  719642.8125000001
0.03255  719772.1875
0.0325799999999999  719902.9687500001
0.0325999999999999  720033.75
0.0326300000000001  720163.125
0.0326500000000001  720292.5000000001
0.0326800000000001  720421.875
0.0327  720552.6562500001
0.03273  720682.03125
0.03275  720811.40625
0.03278  720942.1875000001
0.0328  721072.96875
0.0328299999999999  721203.7500000001
0.0328499999999999  721333.125
0.0328800000000001  721463.9062499999
0.0329000000000001  721594.6875
0.0329300000000001  721724.0625000001
0.03295  721854.84375
0.03298  721985.6250000001
0.033  722115.0
0.03303  722247.1875000001
0.03305  722376.5625
0.0330799999999999  722507.3437500001
0.0330999999999999  722638.125
0.0331300000000001  722768.9062500001
0.0331500000000001  722899.6875
0.0331800000000001  723029.0625
0.0332  723161.2500000001
0.03323  723292.0312500001
0.03325  723422.8125
0.03328  723553.5937499999
0.0333  723684.375
0.0333299999999999  723816.5625
0.0333499999999999  723947.3437500002
0.0333800000000001  724078.1250000001
0.0334000000000001  724208.90625
0.0334300000000001  724341.0937500001
0.03345  724471.875
0.03348  724602.6562500001
0.0335  724736.2500000001
0.03353  724867.03125
0.03355  724999.21875
0.0335799999999999  725130.0000000002
0.0335999999999999  725262.1875
0.0336300000000001  725394.375
0.0336500000000001  725525.15625
0.0336800000000001  725657.3437500001
0.0337  725789.5312500001
0.03373  725921.71875
0.03375  726053.90625
0.03378  726186.0937500001
0.0338  726318.28125
0.0338299999999999  726450.4687500001
0.0338499999999999  726582.6562500001
0.0338800000000001  726716.25
0.0339000000000001  726848.4375000001
0.0339300000000001  726980.6249999999
0.03395  727112.8124999999
0.03398  727245.0
0.034  727378.5937499999
0.03403  727512.1875000001
0.03405  727644.375
0.0340799999999999  727777.96875
0.0340999999999999  727911.5625
0.0341300000000001  728043.75
0.0341500000000001  728177.34375
0.0341800000000001  728310.9375
0.0342  728444.5312500001
0.03423  728578.1250000001
0.03425  728710.3125000002
0.03428  728843.90625
0.0343  728978.9062500001
0.0343299999999999  729112.5000000001
0.0343499999999999  729244.6875
0.0343800000000001  729379.6875
0.0344000000000001  729514.6875000002
0.0344300000000001  729646.875
0.03445  729781.875
0.03448  729916.8750000001
0.0345  730050.4687499999
0.03453  730185.4687499999
0.03455  730320.4687500001
0.0345799999999999  730454.0625
0.0345999999999999  730589.0624999999
0.0346300000000001  730722.65625
0.0346500000000001  730859.0625
0.0346800000000001  730994.0625
0.0347  731129.0625000001
0.03473  731264.0624999999
0.03475  731399.0625000001
0.03478  731535.46875
0.0348  731669.0625000001
0.0348299999999999  731805.4687500001
0.0348499999999999  731940.46875
0.0348800000000001  732076.875
0.0349000000000001  732211.8750000001
0.0349300000000001  732349.6875
0.03495  732484.6875
0.03498  732621.09375
0.035  732757.5
0.03503  732892.4999999999
0.03505  733030.3124999999
0.0350799999999999  733166.7187499999
0.0350999999999999  733304.5312500001
0.0351300000000001  733440.9375000001
0.0351500000000001  733577.34375
0.0351800000000001  733715.15625
0.0352  733851.5625
0.03523  733987.96875
0.03525  734125.7812499999
0.03528  734263.59375
0.0353  734400.0000000001
0.0353299999999999  734539.2187499999
0.0353499999999999  734677.0312500001
0.0353800000000001  734813.4374999999
0.0354000000000001  734951.2500000001
0.0354300000000001  735090.46875
0.03545  735228.2812499999
0.03548  735366.09375
0.0355  735505.3125
0.03553  735644.5312499999
0.03555  735782.3437500001
0.0355799999999999  735921.5624999999
0.0355999999999999  736059.3750000002
0.0356300000000001  736198.59375
0.0356500000000001  736337.8125
0.0356800000000001  736478.4374999999
0.0357  736617.65625
0.03573  736756.875
0.03575  736896.09375
0.03578  737035.3125000002
0.0358  737175.9375000001
0.0358299999999999  737315.15625
0.0358499999999999  737455.7812500001
0.0358800000000001  737595.0
0.0359000000000001  737735.6250000001
0.0359300000000001  737876.25
0.03595  738016.8750000001
0.03598  738157.5
0.036  738298.1250000001
0.03603  738438.7500000001
0.03605  738580.78125
0.0360799999999999  738721.40625
0.0360999999999999  738863.4375
0.0361300000000001  739004.0625000002
0.0361500000000001  739146.09375
0.0361800000000001  739288.125
0.0362  739430.1562500001
0.03623  739572.1875
0.03625  739714.2187500001
0.03628  739857.6562500001
0.0363  739999.6875
0.0363299999999999  740143.125
0.0363499999999999  740283.7500000001
0.0363800000000001  740427.1875000001
0.0364000000000001  740570.625
0.0364300000000001  740714.0625
0.03645  740857.4999999999
0.03648  741000.9375000001
0.0365  741144.3749999999
0.03653  741287.8125000001
0.03655  741431.25
0.0365799999999999  741576.09375
0.0365999999999999  741719.53125
0.0366300000000001  741864.375
0.0366500000000001  742009.21875
0.0366800000000001  742154.0625000001
0.0367  742297.5
0.03673  742442.3437500001
0.03675  742588.59375
0.03678  742732.0312499999
0.0368  742878.28125
0.0368299999999999  743024.5312500001
0.0368499999999999  743169.375
0.0368800000000001  743315.6250000001
0.0369000000000001  743461.875
0.0369300000000001  743606.7187500001
0.03695  743754.375
0.03698  743900.6249999999
0.037  744046.8750000001
0.03703  744194.5312500001
0.03705  744340.7812500001
0.0370799999999999  744488.4375
0.0370999999999999  744634.6875000002
0.0371300000000001  744782.34375
0.0371500000000001  744929.9999999999
0.0371800000000001  745077.65625
0.0372  745226.71875
0.03723  745374.3749999999
0.03725  745522.03125
0.03728  745671.09375
0.0373  745818.7500000001
0.0373299999999999  745969.2187500001
0.0373499999999999  746116.8749999999
0.0373800000000001  746267.3437500001
0.0374000000000001  746416.4062499999
0.0374300000000001  746566.8750000001
0.03745  746715.9374999999
0.03748  746864.9999999999
0.0375  747015.4687499999
0.03753  747164.5312499999
0.03755  747316.40625
0.0375799999999999  747466.8750000001
0.0375999999999999  747617.3437500002
0.0376300000000001  747769.21875
0.0376500000000001  747919.6875000001
0.0376800000000001  748070.1562500001
0.0377  748223.4375
0.03773  748373.90625
0.03775  748525.7812499999
0.03778  748679.0625
0.0378  748830.9374999999
0.0378299999999999  748982.8124999999
0.0378499999999999  749134.6875000001
0.0378800000000001  749289.3749999999
0.0379000000000001  749441.2499999999
0.0379300000000001  749594.5312500001
0.03795  749747.8124999999
0.03798  749901.09375
0.038  750055.7812499999
0.03803  750210.4687500001
0.03805  750363.75
0.0380799999999999  750518.4375
0.0380999999999999  750673.1250000001
0.0381300000000001  750827.8125000001
0.0381500000000001  750983.9062500001
0.0381800000000001  751138.5937500001
0.0382  751293.2812499999
0.03823  751449.375
0.03825  751605.4687500002
0.03828  751761.5625
0.0383  751917.6562500001
0.0383299999999999  752073.7499999999
0.0383499999999999  752229.84375
0.0383800000000001  752387.34375
0.0384000000000001  752543.4375000001
0.0384300000000001  752700.9374999999
0.03845  752858.4375000001
0.03848  753015.9375
0.0385  753174.8437499999
0.03853  753332.3437499999
0.03855  753491.25
0.0385799999999999  753650.1562499999
0.0385999999999999  753809.0625
0.0386300000000001  753967.96875
0.0386500000000001  754126.875
0.0386800000000001  754287.1875
0.0387  754446.0937500001
0.03873  754606.40625
0.03875  754766.7187500001
0.03878  754927.03125
0.0388  755087.34375
0.0388299999999999  755249.0625000001
0.0388499999999999  755407.96875
0.0388800000000001  755569.6875000001
0.0389000000000001  755731.4062500001
0.0389300000000001  755893.125
0.03895  756056.2500000001
0.03898  756217.96875
0.039  756379.6875
0.03903  756541.40625
0.03905  756704.5312499999
0.0390799999999999  756869.0625
0.0390999999999999  757032.1875000001
0.0391300000000001  757193.9062500001
0.0391500000000001  757358.4374999999
0.0391800000000001  757522.9687499999
0.0392  757687.5000000001
0.03923  757850.625
0.03925  758015.15625
0.03928  758181.0937500001
0.0393  758345.6250000001
0.0393299999999999  758511.5624999999
0.0393499999999999  758677.5
0.0393800000000001  758842.0312500001
0.0394000000000001  759007.9687500001
0.0394300000000001  759175.3125
0.03945  759341.2499999999
0.03948  759508.5937500001
0.0395  759675.9375000001
0.03953  759841.8749999999
0.03955  760009.2187499999
0.0395799999999999  760176.5625000001
0.0395999999999999  760345.3125000001
0.0396300000000001  760514.0624999999
0.0396500000000001  760681.40625
0.0396800000000001  760851.5625
0.0397  761018.9062500001
0.03973  761189.0624999999
0.03975  761357.8124999999
0.03978  761527.96875
0.0398  761696.7187500001
0.0398299999999999  761868.28125
0.0398499999999999  762037.0312500001
0.0398800000000001  762208.5937500001
0.0399000000000001  762378.75
0.0399300000000001  762550.3125000001
0.03995  762721.8750000001
0.03998  762893.4374999999
0.04  763065.0
0.04003  763236.5625000001
0.04005  763409.5312500001
0.0400799999999999  763581.09375
0.0400999999999999  763755.46875
0.0401300000000001  763928.4375
0.0401500000000001  764101.4062500001
0.0401800000000001  764275.78125
0.0402  764448.75
0.04023  764621.7187500001
0.04025  764797.5
0.04028  764971.875
0.0403  765146.25
0.0403299999999999  765322.03125
0.0403499999999999  765496.40625
0.0403800000000001  765672.1875
0.0404000000000001  765849.3749999999
0.0404300000000001  766025.1562500001
0.04045  766200.9375000001
0.04048  766376.71875
0.0405  766555.3125000001
0.04053  766732.5
0.04055  766909.6875
0.0405799999999999  767086.8749999999
0.0405999999999999  767265.4687500001
0.0406300000000001  767442.65625
0.0406500000000001  767621.2500000001
0.0406800000000001  767799.8437500001
0.0407  767978.4374999999
0.04073  768158.4375000001
0.04075  768338.4375
0.04078  768517.03125
0.0408  768697.0312500001
0.0408299999999999  768877.03125
0.0408499999999999  769058.4375
0.0408800000000001  769238.4375000001
0.0409000000000001  769419.8437499999
0.0409300000000001  769601.2499999999
0.04095  769782.6562500001
0.04098  769965.46875
0.041  770146.8750000002
0.04103  770329.6875
0.04105  770511.0937500001
0.0410799999999999  770693.9062499999
0.0410999999999999  770878.125
0.0411300000000001  771060.9375
0.0411500000000001  771245.15625
0.0411800000000001  771427.9687500001
0.0412  771612.1875
0.04123  771796.4062500001
0.04125  771982.03125
0.04128  772166.25
0.0413  772351.8750000002
0.0413299999999999  772537.4999999999
0.0413499999999999  772723.1250000001
0.0413800000000001  772910.15625
0.0414000000000001  773095.7812499999
0.0414300000000001  773282.8124999999
0.04145  773469.84375
0.04148  773655.46875
0.0415  773842.5000000002
0.04153  774030.9375000001
0.04155  774219.375
0.0415799999999999  774406.4062500001
0.0415999999999999  774596.2500000001
0.0416300000000001  774784.6874999999
0.0416500000000001  774971.7187500001
0.0416800000000001  775161.5624999999
0.0417  775351.4062499999
0.04173  775541.25
0.04175  775732.5000000001
0.04178  775922.34375
0.0418  776112.1875000001
0.0418299999999999  776303.4375000001
0.0418499999999999  776494.6875
0.0418800000000001  776685.9375
0.0419000000000001  776875.7812499999
0.0419300000000001  777068.4375000001
0.04195  777261.09375
0.04198  777453.75
0.042  777645.0
0.04203  777839.0625000001
0.04205  778031.7187500001
0.0420799999999999  778224.3750000001
0.0420999999999999  778418.4375000001
0.0421300000000001  778612.5000000001
0.0421500000000001  778806.5625000001
0.0421800000000001  779000.6250000001
0.0422  779196.09375
0.04223  779390.1562500002
0.04225  779585.6250000001
0.04228  779782.4999999998
0.0423  779976.5625
0.0423299999999999  780173.4374999999
0.0423499999999999  780368.9062500001
0.0423800000000001  780565.78125
0.0424000000000001  780762.65625
0.0424300000000001  780959.5312499999
0.04245  781156.40625
0.04248  781353.28125
0.0425  781551.5624999999
0.04253  781748.4375000001
0.04255  781948.1250000001
0.0425799999999999  782145.0000000001
0.0425999999999999  782344.6874999999
0.0426300000000001  782542.9687500001
0.0426500000000001  782742.6562500001
0.0426800000000001  782940.9375
0.0427  783140.6250000001
0.04273  783340.3125000002
0.04275  783541.4062500001
0.04278  783741.09375
0.0428  783942.1875000001
0.0428299999999999  784141.8750000002
0.0428499999999999  784342.9687500001
0.0428800000000001  784544.0625000002
0.0429000000000001  784745.1562500001
0.0429300000000001  784947.65625
0.04295  785150.15625
0.04298  785351.25
0.043  785553.75
0.04303  785756.25
0.04305  785958.7500000001
0.0430799999999999  786162.65625
0.0430999999999999  786365.1562500001
0.0431300000000001  786569.0625
0.0431500000000001  786772.96875
0.0431800000000001  786976.8749999999
0.0432  787180.7812500001
0.04323  787386.09375
0.04325  787590.0000000002
0.04328  787793.90625
0.0433  787999.2187500001
0.0433299999999999  788205.9375000001
0.0433499999999999  788409.8437500001
0.0433800000000001  788615.1562500002
0.0434000000000001  788820.4687500001
0.0434300000000001  789028.59375
0.04345  789233.90625
0.04348  789440.6249999999
0.0435  789647.34375
0.04353  789854.0625000002
0.04355  790062.1875
0.0435799999999999  790268.9062500001
0.0435999999999999  790475.6250000001
0.0436300000000001  790683.7500000001
0.0436500000000001  790890.46875
0.0436800000000001  791098.59375
0.0437  791308.1250000001
0.04373  791516.25
0.04375  791725.7812500001
0.04378  791933.90625
0.0438  792142.0312500001
0.0438299999999999  792351.5625000002
0.0438499999999999  792561.0937500001
0.0438800000000001  792770.6250000001
0.0439000000000001  792980.15625
0.0439300000000001  793189.6875
0.04395  793400.6250000001
0.04398  793610.1562499999
0.044  793821.0937500001
0.04403  794030.6250000001
0.04405  794241.5625000001
0.0440799999999999  794452.5
0.0440999999999999  794663.4375
0.0441300000000001  794875.78125
0.0441500000000001  795086.71875
0.0441800000000001  795297.6562499999
0.0442  795510.0000000002
0.04423  795722.3437500002
0.04425  795934.6875
0.04428  796147.03125
0.0443  796359.375
0.0443299999999999  796571.71875
0.0443499999999999  796784.0625
0.0443800000000001  796997.8125000002
0.0444000000000001  797210.1562500001
0.0444300000000001  797423.90625
0.04445  797636.25
0.04448  797850.0
0.0445  798063.75
0.04453  798277.5
0.04455  798491.2500000001
0.0445799999999999  798705.0000000001
0.0445999999999999  798920.1562500001
0.0446300000000001  799132.4999999999
0.0446500000000001  799347.65625
0.0446800000000001  799561.4062500001
0.0447  799776.5625
0.04473  799991.7187500001
0.04475  800205.4687499999
0.04478  800420.6250000001
0.0448  800635.78125
0.0448299999999999  800852.3437500002
0.0448499999999999  801066.0937499999
0.0448800000000001  801281.2500000001
0.0449000000000001  801497.8125
0.0449300000000001  801714.375
0.04495  801928.1250000001
0.04498  802144.6875
0.045  802361.25
0.04503  802576.4062499999
0.04505  802792.9687499998
0.0450799999999999  803009.53125
0.0450999999999999  803224.6875
0.0451300000000001  803441.2500000001
0.0451500000000001  803659.21875
0.0451800000000001  803874.3750000001
0.0452  804092.3437500001
0.04523  804308.90625
0.04525  804525.46875
0.04528  804743.4374999999
0.0453  804958.5937500001
0.0453299999999999  805176.5625
0.0453499999999999  805394.5312500001
0.0453800000000001  805611.09375
0.0454000000000001  805829.0624999999
0.0454300000000001  806045.6250000001
0.04545  806263.59375
0.04548  806480.1562500001
0.0455  806698.1249999999
0.04553  806916.0937500001
0.04555  807134.0625
0.0455799999999999  807350.6249999999
0.0455999999999999  807569.9999999999
0.0456300000000001  807786.5625000001
0.0456500000000001  808004.53125
0.0456800000000001  808222.4999999999
0.0457  808441.875
0.04573  808658.4375000001
0.04575  808877.8125
0.04578  809095.78125
0.0458  809313.7499999999
0.0458299999999999  809531.71875
0.0458499999999999  809751.0937500001
0.0458800000000001  809969.0624999999
0.0459000000000001  810185.6250000001
0.0459300000000001  810405.0
0.04595  810622.9687500001
0.04598  810842.3437499999
0.046  811060.3125000001
0.04603  811278.28125
0.04605  811497.65625
0.0460799999999999  811715.6250000002
0.0460999999999999  811933.5937500001
0.0461300000000001  812152.9687500001
0.0461500000000001  812370.9374999999
0.0461800000000001  812590.3125
0.0462  812809.6875000002
0.04623  813027.6562499999
0.04625  813245.6250000001
0.04628  813463.59375
0.0463  813682.96875
0.0463299999999999  813902.3437499999
0.0463499999999999  814120.3125
0.0463800000000001  814339.6874999999
0.0464000000000001  814557.65625
0.0464300000000001  814775.6250000002
0.04645  814995.0
0.04648  815214.375
0.0465  815432.34375
0.04653  815650.3125000001
0.04655  815868.2812500001
0.0465799999999999  816087.6562500001
0.0465999999999999  816307.0312500001
0.0466300000000001  816525.0
0.0466500000000001  816742.9687500001
0.0466800000000001  816960.9375
0.0467  817180.3125
0.04673  817398.2812500001
0.04675  817616.2500000001
0.04678  817835.6249999999
0.0468  818053.59375
0.0468299999999999  818271.5625
0.0468499999999999  818489.53125
0.0468800000000001  818707.5000000001
0.0469000000000001  818925.46875
0.0469300000000001  819143.4375
0.04695  819361.40625
0.04698  819579.3750000001
0.047  819797.3437499999
0.04703  820016.7187500001
0.04705  820234.6875000001
0.0470799999999999  820452.65625
0.0470999999999999  820670.6250000001
0.0471300000000001  820887.1875000001
0.0471500000000001  821105.1562499999
0.0471800000000001  821323.1250000001
0.0472  821541.0937500001
0.04723  821757.6562500001
0.04725  821975.625
0.04728  822192.1875
0.0473  822410.1562500002
0.0473299999999999  822626.7187500001
0.0473499999999999  822844.6875
0.0473800000000001  823061.2500000001
0.0474000000000001  823277.8125
0.0474300000000001  823494.375
0.04745  823710.9375000001
0.04748  823928.90625
0.0475  824145.4687500001
0.04753  824362.03125
0.04755  824578.59375
0.0475799999999999  824795.1562500001
0.0475999999999999  825011.71875
0.0476300000000001  825228.2812499999
0.0476500000000001  825444.8437500001
0.0476800000000001  825660.0
0.0477  825875.15625
0.04773  826091.7187499999
0.04775  826308.2812500001
0.04778  826523.4375
0.0478  826740.0000000001
0.0478299999999999  826953.7499999999
0.0478499999999999  827170.3125
0.0478800000000001  827385.46875
0.0479000000000001  827600.625
0.0479300000000001  827815.7812499999
0.04795  828030.9375
0.04798  828246.09375
0.048  828461.25
0.04803  828676.4062500001
0.04805  828888.7500000001
0.0480799999999999  829103.9062500001
0.0480999999999999  829319.0625
0.0481300000000001  829534.21875
0.0481500000000001  829746.5625
0.0481800000000001  829961.7187500002
0.0482  830175.46875
0.04823  830389.2187499999
0.04825  830602.9687500001
0.04828  830816.7187499999
0.0483  831030.4687500001
0.0483299999999999  831242.8125000001
0.0483499999999999  831456.5625000001
0.0483800000000001  831670.3125
0.0484000000000001  831882.65625
0.0484300000000001  832094.9999999999
0.04845  832307.3437500001
0.04848  832521.0937500001
0.0485  832733.4374999999
0.04853  832944.3749999999
0.04855  833158.1249999999
0.0485799999999999  833370.46875
0.0485999999999999  833581.40625
0.0486300000000001  833793.7500000001
0.0486500000000001  834004.6875
0.0486800000000001  834217.0312500001
0.0487  834426.5625000001
0.04873  834638.9062500002
0.04875  834851.25
0.04878  835060.7812500001
0.0488  835273.125
0.0488299999999999  835482.6562500002
0.0488499999999999  835693.59375
0.0488800000000001  835903.125
0.0489000000000001  836114.0625
0.0489300000000001  836323.5937499999
0.04895  836534.53125
0.04898  836742.6562499998
0.049  836953.5937500001
0.04903  837161.71875
0.04905  837372.65625
0.0490799999999999  837580.78125
0.0490999999999999  837790.3125
0.0491300000000001  837998.4375000001
0.0491500000000001  838206.5625000001
0.0491800000000001  838416.0937500001
0.0492  838624.2187500001
0.04923  838833.75
0.04925  839040.46875
0.04928  839248.5937499999
0.0493  839456.71875
0.0493299999999999  839663.4375000001
0.0493499999999999  839871.5625000001
0.0493800000000001  840078.2812499999
0.0494000000000001  840284.9999999999
0.0494300000000001  840493.1249999999
0.04945  840699.8437500001
0.04948  840905.15625
0.0495  841113.28125
0.04953  841318.59375
0.04955  841523.9062500001
0.0495799999999999  841730.625
0.0495999999999999  841935.9375
0.0496300000000001  842141.25
0.0496500000000001  842347.96875
0.0496800000000001  842553.28125
0.0497  842757.1874999999
0.04973  842963.90625
0.04975  843167.8124999999
0.04978  843371.7187500001
0.0498  843575.6249999999
0.0498299999999999  843780.9375000001
0.0498499999999999  843984.84375
0.0498800000000001  844188.75
0.0499000000000001  844391.2500000001
0.0499300000000001  844596.5625000001
0.04995  844799.0625
0.04998  845002.9687500001
