1e-08  -65.0388
2.99999999999727e-05  -64.6537
4.99999999999545e-05  -63.8882
8.00000000000409e-05  -63.1256
0.000100000000000023  -62.3783
0.000129999999999995  -61.65
0.000149999999999977  -60.9421
0.00017999999999995  -60.2554
0.000200000000000045  -59.5898
0.000230000000000018  -58.9452
0.00025  -58.3212
0.000279999999999973  -57.7171
0.000299999999999955  -57.1325
0.000330000000000041  -56.5668
0.000350000000000023  -56.0194
0.000379999999999995  -55.4895
0.000399999999999977  -54.9767
0.00042999999999995  -54.4803
0.000450000000000045  -53.9997
0.000480000000000018  -53.5344
0.0005  -53.0838
0.000529999999999973  -52.6474
0.000549999999999954  -52.2248
0.000580000000000041  -51.8153
0.000600000000000023  -51.4186
0.000629999999999995  -51.0341
0.000649999999999977  -50.6615
0.00067999999999995  -50.3004
0.000700000000000045  -49.9503
0.000730000000000018  -49.6109
0.00075  -49.2818
0.000779999999999973  -48.9627
0.000799999999999955  -48.6532
0.000830000000000041  -48.353
0.000850000000000023  -48.0618
0.000879999999999995  -47.7793
0.000899999999999977  -47.5053
0.00092999999999995  -47.2395
0.000950000000000045  -46.9815
0.000980000000000018  -46.7312
0.001  -46.4883
0.00102999999999997  -46.2527
0.00104999999999995  -46.024
0.00108000000000004  -45.802
0.00110000000000002  -45.5866
0.00113  -45.3776
0.00114999999999998  -45.1748
0.00117999999999995  -44.978
0.00120000000000005  -44.787
0.00123000000000002  -44.6017
0.00125  -44.4219
0.00127999999999997  -44.2475
0.00129999999999995  -44.0782
0.00133000000000004  -43.914
0.00135000000000002  -43.7548
0.00138  -43.6003
0.00139999999999998  -43.4505
0.00142999999999995  -43.3053
0.00145000000000005  -43.1644
0.00148000000000002  -43.0279
0.0015  -42.8956
0.00152999999999997  -42.7673
0.00154999999999995  -42.6431
0.00158000000000004  -42.5227
0.00160000000000002  -42.4062
0.00163  -42.2933
0.00164999999999998  -42.1841
0.00167999999999995  -42.0784
0.00170000000000005  -41.9761
0.00173000000000002  -41.8771
0.00175  -41.7815
0.00177999999999997  -41.689
0.00179999999999995  -41.5997
0.00183000000000004  -41.5134
0.00185000000000002  -41.4302
0.00188  -41.3498
0.00189999999999998  -41.2723
0.00192999999999995  -41.1976
0.00195000000000005  -41.1256
0.00198000000000002  -41.0562
0.002  -40.9895
0.00202999999999997  -40.9254
0.00204999999999995  -40.8637
0.00208000000000004  -40.8045
0.00210000000000002  -40.7477
0.00213  -40.6932
0.00214999999999998  -40.641
0.00217999999999995  -40.5911
0.00220000000000005  -40.5434
0.00223000000000002  -40.4978
0.00225  -40.4544
0.00227999999999997  -40.413
0.00229999999999995  -40.3736
0.00233000000000004  -40.3363
0.00235000000000002  -40.3009
0.00238  -40.2674
0.00239999999999998  -40.2357
0.00242999999999995  -40.206
0.00245000000000005  -40.178
0.00248000000000002  -40.1518
0.0025  -40.1273
0.00252999999999997  -40.1045
0.00254999999999995  -40.0834
0.00258000000000004  -40.064
0.00260000000000002  -40.0461
0.00263  -40.0298
0.00264999999999998  -40.0151
0.00267999999999995  -40.0019
0.00270000000000005  -39.9902
0.00273000000000002  -39.98
0.00275  -39.9712
0.00277999999999997  -39.9638
0.00279999999999995  -39.9579
0.00283000000000004  -39.9532
0.00285000000000002  -39.95
0.00288  -39.948
0.00289999999999998  -39.9474
0.00292999999999995  -39.948
0.00295000000000005  -39.9498
0.00298000000000002  -39.9529
0.003  -39.9572
0.00302999999999997  -39.9627
0.00304999999999995  -39.9694
0.00308000000000004  -39.9772
0.00310000000000002  -39.9861
0.00313  -39.9962
0.00314999999999998  -40.0073
0.00317999999999995  -40.0195
0.00320000000000005  -40.0328
0.00323000000000002  -40.0471
0.00325  -40.0624
0.00327999999999997  -40.0787
0.00329999999999995  -40.096
0.00333000000000004  -40.1142
0.00335000000000002  -40.1335
0.00338  -40.1536
0.00339999999999998  -40.1747
0.00342999999999995  -40.1967
0.00345000000000005  -40.2196
0.00348000000000002  -40.2433
0.0035  -40.268
0.00352999999999997  -40.2934
0.00354999999999995  -40.3197
0.00358000000000004  -40.3469
0.00360000000000002  -40.3748
0.00363  -40.4035
0.00364999999999998  -40.433
0.00367999999999995  -40.4633
0.00370000000000005  -40.4944
0.00373000000000002  -40.5262
0.00375  -40.5587
0.00377999999999997  -40.5919
0.00379999999999995  -40.6259
0.00383000000000004  -40.6605
0.00385000000000002  -40.6958
0.00388  -40.7319
0.00389999999999998  -40.7685
0.00392999999999995  -40.8059
0.00395000000000005  -40.8438
0.00398000000000002  -40.8824
0.004  -40.9216
0.00402999999999997  -40.9615
0.00404999999999995  -41.0019
0.00408000000000004  -41.0429
0.00410000000000002  -41.0846
0.00413  -41.1267
0.00414999999999998  -41.1695
0.00417999999999995  -41.2128
0.00420000000000005  -41.2566
0.00423000000000002  -41.301
0.00425  -41.3459
0.00427999999999997  -41.3913
0.00429999999999995  -41.4372
0.00433000000000004  -41.4837
0.00435000000000002  -41.5306
0.00438  -41.578
0.00439999999999998  -41.6259
0.00442999999999995  -41.6742
0.00445000000000005  -41.723
0.00448000000000002  -41.7723
0.0045  -41.822
0.00452999999999997  -41.8721
0.00454999999999995  -41.9226
0.00458000000000004  -41.9736
0.00460000000000002  -42.025
0.00463  -42.0768
0.00464999999999998  -42.129
0.00467999999999995  -42.1815
0.00470000000000005  -42.2345
0.00473000000000002  -42.2878
0.00475  -42.3415
0.00477999999999997  -42.3956
0.00479999999999995  -42.45
0.00483000000000004  -42.5048
0.00485000000000002  -42.5599
0.00488  -42.6153
0.00489999999999998  -42.6711
0.00492999999999995  -42.7272
0.00495000000000005  -42.7836
0.00498000000000002  -42.8403
0.005  -42.8973
0.00502999999999997  -42.9546
0.00504999999999995  -43.0122
0.00508000000000004  -43.0701
0.00510000000000002  -43.1282
0.00513  -43.1867
0.00514999999999998  -43.2454
0.00517999999999995  -43.3043
0.00520000000000005  -43.3635
0.00523000000000002  -43.423
0.00525  -43.4827
0.00527999999999997  -43.5426
0.00529999999999995  -43.6028
0.00533000000000004  -43.6632
0.00535000000000002  -43.7238
0.00538  -43.7847
0.00539999999999998  -43.8457
0.00542999999999995  -43.907
0.00545000000000005  -43.9684
0.00548000000000002  -44.03
0.0055  -44.0919
0.00552999999999997  -44.1539
0.00554999999999995  -44.2161
0.00558000000000004  -44.2785
0.00560000000000002  -44.341
0.00563  -44.4037
0.00564999999999998  -44.4666
0.00567999999999995  -44.5296
0.00570000000000005  -44.5928
0.00573000000000002  -44.6561
0.00575  -44.7195
0.00577999999999997  -44.7831
0.00579999999999995  -44.8468
0.00583000000000004  -44.9107
0.00585000000000002  -44.9746
0.00588  -45.0387
0.00589999999999998  -45.1029
0.00592999999999995  -45.1673
0.00595000000000005  -45.2317
0.00598000000000002  -45.2962
0.006  -45.3608
0.00602999999999997  -45.4255
0.00604999999999995  -45.4903
0.00608000000000004  -45.5552
0.00610000000000002  -45.6201
0.00613  -45.6852
0.00614999999999998  -45.7503
0.00617999999999995  -45.8155
0.00620000000000005  -45.8807
0.00623000000000002  -45.946
0.00625  -46.0113
0.00627999999999997  -46.0768
0.00629999999999995  -46.1422
0.00633000000000004  -46.2077
0.00635000000000002  -46.2733
0.00638  -46.3388
0.00639999999999998  -46.4045
0.00642999999999995  -46.4701
0.00645000000000005  -46.5358
0.00648000000000002  -46.6015
0.0065  -46.6672
0.00652999999999997  -46.7329
0.00654999999999995  -46.7987
0.00658000000000004  -46.8644
0.00660000000000002  -46.9302
0.00663  -46.9959
0.00664999999999998  -47.0617
0.00667999999999995  -47.1275
0.00670000000000005  -47.1932
0.00673000000000002  -47.259
0.00675  -47.3247
0.00677999999999997  -47.3904
0.00679999999999995  -47.4561
0.00683000000000004  -47.5218
0.00685000000000002  -47.5875
0.00688  -47.6531
0.00689999999999998  -47.7187
0.00692999999999995  -47.7842
0.00695000000000005  -47.8497
0.00698000000000002  -47.9152
0.007  -47.9807
0.00702999999999997  -48.0461
0.00704999999999995  -48.1114
0.00708000000000004  -48.1767
0.00710000000000002  -48.2419
0.00713  -48.3071
0.00714999999999998  -48.3722
0.00717999999999995  -48.4373
0.00720000000000005  -48.5023
0.00723000000000002  -48.5672
0.00725  -48.6321
0.00727999999999997  -48.6969
0.00729999999999995  -48.7616
0.00733000000000004  -48.8262
0.00735000000000002  -48.8908
0.00738  -48.9553
0.00739999999999998  -49.0196
0.00742999999999995  -49.084
0.00745000000000005  -49.1482
0.00748000000000002  -49.2123
0.0075  -49.2763
0.00752999999999997  -49.3403
0.00754999999999995  -49.4041
0.00758000000000004  -49.4679
0.00760000000000002  -49.5315
0.00763  -49.595
0.00764999999999998  -49.6585
0.00767999999999995  -49.7218
0.00770000000000005  -49.785
0.00773000000000002  -49.8481
0.00775  -49.9111
0.00777999999999997  -49.9739
0.00779999999999995  -50.0367
0.00783000000000004  -50.0993
0.00785000000000002  -50.1618
0.00787999999999999  -50.2242
0.00789999999999998  -50.2865
0.00792999999999995  -50.3486
0.00795000000000005  -50.4106
0.00798000000000002  -50.4725
0.008  -50.5343
0.00802999999999997  -50.5959
0.00804999999999995  -50.6573
0.00808000000000004  -50.7187
0.00810000000000002  -50.7799
0.00812999999999999  -50.8409
0.00814999999999998  -50.9018
0.00817999999999995  -50.9626
0.00820000000000005  -51.0232
0.00823000000000002  -51.0837
0.00825  -51.1441
0.00827999999999997  -51.2042
0.00829999999999995  -51.2643
0.00833000000000004  -51.3242
0.00835000000000002  -51.3839
0.00838  -51.4435
0.00839999999999998  -51.5029
0.00842999999999995  -51.5621
0.00845000000000005  -51.6212
0.00848000000000002  -51.6802
0.0085  -51.7389
0.00852999999999997  -51.7976
0.00854999999999996  -51.856
0.00858000000000004  -51.9143
0.00860000000000002  -51.9724
0.00863  -52.0304
0.00864999999999998  -52.0882
0.00867999999999995  -52.1458
0.00870000000000005  -52.2032
0.00873000000000002  -52.2605
0.00875  -52.3176
0.00877999999999997  -52.3745
0.00879999999999995  -52.4313
0.00883000000000004  -52.4879
0.00885000000000002  -52.5443
0.00888  -52.6005
0.00889999999999998  -52.6565
0.00892999999999995  -52.7124
0.00895000000000004  -52.7681
0.00898000000000002  -52.8236
0.009  -52.8789
0.00902999999999997  -52.9341
0.00904999999999995  -52.989
0.00908000000000004  -53.0438
0.00910000000000002  -53.0984
0.00913  -53.1528
0.00914999999999998  -53.207
0.00917999999999995  -53.2611
0.00920000000000004  -53.3149
0.00923000000000002  -53.3686
0.00925  -53.4221
0.00927999999999997  -53.4753
0.00929999999999995  -53.5284
0.00933000000000004  -53.5813
0.00935000000000002  -53.6341
0.00938  -53.6866
0.00939999999999998  -53.7389
0.00942999999999995  -53.791
0.00945000000000005  -53.843
0.00948000000000002  -53.8947
0.0095  -53.9463
0.00952999999999997  -53.9977
0.00954999999999995  -54.0489
0.00958000000000004  -54.0998
0.00960000000000002  -54.1506
0.00963  -54.2012
0.00964999999999998  -54.2516
0.00967999999999995  -54.3018
0.00970000000000005  -54.3518
0.00973000000000002  -54.4016
0.00975  -54.4512
0.00977999999999997  -54.5006
0.00979999999999995  -54.5498
0.00983000000000004  -54.5988
0.00985000000000002  -54.6477
0.00987999999999999  -54.6963
0.00989999999999998  -54.7447
0.00992999999999995  -54.7929
0.00995000000000005  -54.841
0.00998000000000002  -54.8888
0.01  -54.975199999999994
0.01003  -55.0226
0.01005  -55.069700000000005
0.01008  -55.1163
0.0101  -55.1622
0.01013  -55.2071
0.01015  -55.2505
0.0101799999999999  -55.29220000000001
0.0102  -55.3318
0.01023  -55.3689
0.01025  -55.403299999999994
0.01028  -55.4351
0.0103  -55.463800000000006
0.01033  -55.4896
0.01035  -55.51239999999999
0.01038  -55.53209999999999
0.0104  -55.548899999999996
0.0104299999999999  -55.5627
0.01045  -55.57359999999999
0.01048  -55.5818
0.0105  -55.587199999999996
0.01053  -55.589999999999996
0.01055  -55.5901
0.01058  -55.5878
0.0106  -55.583
0.01063  -55.57589999999999
0.01065  -55.5664
0.0106799999999999  -55.554899999999996
0.0107  -55.5411
0.01073  -55.525200000000005
0.01075  -55.5073
0.01078  -55.487300000000005
0.0108  -55.4654
0.01083  -55.44160000000001
0.01085  -55.4158
0.01088  -55.3882
0.0109  -55.3588
0.01093  -55.327400000000004
0.01095  -55.2943
0.01098  -55.2592
0.011  -55.2222
0.01103  -55.1834
0.01105  -55.1426
0.01108  -55.099599999999995
0.0111  -55.0544
0.01113  -55.006899999999995
0.01115  -54.9566
0.01118  -54.9027
0.0112  -54.8447
0.01123  -54.781
0.01125  -54.7097
0.01128  -54.6281
0.0113  -54.5328
0.01133  -54.419599999999996
0.01135  -54.283300000000004
0.01138  -54.1183
0.0114  -53.9192
0.01143  -53.6811
0.01145  -53.400299999999994
0.01148  -53.0743
0.0115  -52.7019
0.01153  -52.2834
0.01155  -51.820100000000004
0.01158  -51.3138
0.0116  -50.7671
0.01163  -50.182900000000004
0.01165  -49.564
0.01168  -48.913
0.0117  -48.2323
0.01173  -47.5242
0.01175  -46.7902
0.01178  -46.031600000000005
0.0118  -45.2494
0.01183  -44.443999999999996
0.01185  -43.6156
0.01188  -42.764199999999995
0.0119  -41.889199999999995
0.0119299999999999  -40.990100000000005
0.01195  -40.0661
0.01198  -39.116499999999995
0.012  -38.1402
0.01203  -37.1365
0.01205  -36.1043
0.01208  -35.043099999999995
0.0121  -33.9521
0.01213  -32.831
0.01215  -31.6794
0.0121799999999999  -30.497600000000006
0.0122  -29.2862
0.01223  -28.0458
0.01225  -26.7782
0.01228  -25.4854
0.0123  -24.170299999999997
0.01233  -22.8363
0.01235  -21.487999999999992
0.01238  -20.1303
0.0124  -18.7693
0.0124299999999999  -17.411500000000004
0.01245  -16.0638
0.01248  -14.7335
0.0125  -13.427999999999997
0.01253  -12.154500000000006
0.01255  -10.919699999999999
0.01258  -9.729500000000002
0.0126  -8.588899999999995
0.01263  -7.5020000000000024
0.01265  -6.471499999999999
0.0126799999999999  -5.498999999999995
0.0127  -4.5852
0.01273  -3.7301100000000034
0.01275  -2.9328900000000004
0.01278  -2.192219999999999
0.0128  -1.5071199999999934
0.01283  -0.875789999999995
0.01285  -0.29690000000000083
0.01288  0.2310200000000009
0.0129  0.7096599999999995
0.01293  1.1404799999999966
0.01295  1.524949999999997
0.01298  1.8645800000000037
0.013  2.1610099999999974
0.01303  2.4158100000000005
0.01305  2.6304099999999977
0.01308  2.806280000000001
0.0131  2.9450000000000003
0.01313  3.048009999999998
0.01315  3.11665
0.01318  3.152320000000003
0.0132  3.156500000000001
0.01323  3.1304500000000033
0.01325  3.0756099999999975
0.01328  2.9932000000000016
0.0133  2.8846600000000038
0.01333  2.751089999999998
0.01335  2.5940900000000013
0.01338  2.4147700000000043
0.0134  2.214410000000001
0.01343  1.994329999999998
0.01345  1.75591
0.01348  1.5004199999999983
0.0135  1.2289499999999975
0.01353  0.9429599999999994
0.01355  0.6436799999999963
0.01358  0.3322299999999956
0.0136  0.009770000000003165
0.01363  -0.32256000000000284
0.01365  -0.6635599999999968
0.0136799999999999  -1.0122900000000001
0.0137  -1.3676499999999976
0.01373  -1.7288700000000006
0.01375  -2.0948700000000002
0.01378  -2.4647999999999968
0.0138  -2.8380299999999963
0.01383  -3.213630000000002
0.01385  -3.590999999999994
0.01388  -3.969369999999998
0.0139  -4.348240000000004
0.0139299999999999  -4.727049999999998
0.01395  -5.1053
0.01398  -5.482500000000002
0.014  -5.858200000000004
0.01403  -6.232000000000006
0.01405  -6.6037000000000035
0.01408  -6.972900000000003
0.0141  -7.339400000000005
0.01413  -7.703000000000003
0.01415  -8.063399999999994
0.0141799999999999  -8.4206
0.0142  -8.774299999999997
0.01423  -9.124600000000001
0.01425  -9.471200000000003
0.01428  -9.8142
0.0143  -10.153499999999994
0.01433  -10.489000000000004
0.01435  -10.820799999999998
0.01438  -11.148899999999998
0.0144  -11.473199999999999
0.0144299999999999  -11.793799999999997
0.01445  -12.110700000000001
0.01448  -12.424
0.0145  -12.733800000000002
0.01453  -13.04
0.01455  -13.342799999999997
0.01458  -13.642200000000003
0.0146  -13.938299999999998
0.01463  -14.231299999999997
0.01465  -14.521099999999997
0.01468  -14.808
0.0147  -15.092000000000006
0.01473  -15.373199999999997
0.01475  -15.651699999999998
0.01478  -15.927700000000002
0.0148  -16.2012
0.01483  -16.472299999999997
0.01485  -16.741300000000003
0.01488  -17.0081
0.0149  -17.2727
0.01493  -17.5355
0.01495  -17.7965
0.01498  -18.055699999999995
0.015  -18.313200000000002
0.01503  -18.5691
0.01505  -18.823400000000007
0.01508  -19.0762
0.0151  -19.327599999999997
0.01513  -19.5775
0.01515  -19.826
0.01518  -20.073099999999997
0.0152  -20.318899999999992
0.01523  -20.563299999999998
0.01525  -20.8065
0.01528  -21.048199999999994
0.0153  -21.288599999999995
0.01533  -21.5276
0.01535  -21.7652
0.01538  -22.001199999999997
0.0154  -22.2359
0.01543  -22.469099999999997
0.01545  -22.700700000000005
0.01548  -22.9307
0.0155  -23.1592
0.01553  -23.3859
0.01555  -23.610799999999998
0.01558  -23.8341
0.0156  -24.0556
0.01563  -24.2753
0.01565  -24.493000000000002
0.01568  -24.708799999999997
0.0157  -24.922800000000002
0.01573  -25.134600000000006
0.01575  -25.344499999999996
0.01578  -25.5524
0.0158  -25.7581
0.01583  -25.9617
0.01585  -26.163300000000007
0.01588  -26.362700000000004
0.0159  -26.5599
0.01593  -26.755000000000003
0.01595  -26.9478
0.01598  -27.1385
0.016  -27.327000000000005
0.01603  -27.513199999999998
0.01605  -27.6973
0.01608  -27.8791
0.0161  -28.058799999999998
0.01613  -28.2363
0.01615  -28.411600000000007
0.01618  -28.5848
0.0162  -28.7558
0.01623  -28.9247
0.01625  -29.091499999999996
0.01628  -29.2562
0.0163  -29.418800000000005
0.01633  -29.5794
0.01635  -29.737899999999996
0.01638  -29.8945
0.0164  -30.049100000000003
0.01643  -30.2016
0.01645  -30.3523
0.01648  -30.5011
0.0165  -30.6479
0.01653  -30.792900000000003
0.01655  -30.936000000000007
0.01658  -31.077200000000005
0.0166  -31.216700000000003
0.01663  -31.3544
0.01665  -31.4902
0.0166799999999999  -31.6244
0.0167  -31.7568
0.01673  -31.8874
0.01675  -32.0163
0.01678  -32.1436
0.0168  -32.2691
0.01683  -32.3931
0.01685  -32.5155
0.01688  -32.636100000000006
0.0169  -32.755199999999995
0.0169299999999999  -32.8728
0.01695  -32.9887
0.01698  -33.1032
0.017  -33.216
0.01703  -33.3275
0.01705  -33.4375
0.01708  -33.546
0.0171  -33.653
0.01713  -33.7587
0.01715  -33.8629
0.0171799999999999  -33.9658
0.0172  -34.0674
0.01723  -34.1677
0.01725  -34.2666
0.01728  -34.3643
0.0173  -34.4608
0.01733  -34.556000000000004
0.01735  -34.65
0.01738  -34.7429
0.0174  -34.8345
0.0174299999999999  -34.9251
0.01745  -35.0146
0.01748  -35.103
0.0175  -35.190400000000004
0.01753  -35.2766
0.01755  -35.361900000000006
0.01758  -35.446099999999994
0.0176  -35.5295
0.01763  -35.611799999999995
0.01765  -35.6931
0.0176799999999999  -35.7736
0.0177  -35.853199999999994
0.01773  -35.931900000000006
0.01775  -36.009699999999995
0.01778  -36.0867
0.0178  -36.1628
0.01783  -36.2381
0.01785  -36.312599999999996
0.01788  -36.386399999999995
0.0179  -36.4593
0.0179299999999999  -36.5315
0.01795  -36.6029
0.01798  -36.6736
0.018  -36.7436
0.01803  -36.8129
0.01805  -36.8814
0.01808  -36.9492
0.0181  -37.0165
0.01813  -37.083
0.01815  -37.1489
0.0181799999999999  -37.2141
0.0182  -37.278800000000004
0.01823  -37.3428
0.01825  -37.4061
0.01828  -37.4688
0.0183  -37.531000000000006
0.01833  -37.5925
0.01835  -37.6535
0.01838  -37.714
0.0184  -37.7738
0.0184299999999999  -37.833
0.01845  -37.891799999999996
0.01848  -37.95
0.0185  -38.0077
0.01853  -38.0648
0.01855  -38.121500000000005
0.01858  -38.177600000000005
0.0186  -38.233200000000004
0.01863  -38.2884
0.01865  -38.343
0.01868  -38.3972
0.0187  -38.450799999999994
0.01873  -38.504
0.01875  -38.5568
0.01878  -38.6091
0.0188  -38.660900000000005
0.01883  -38.7123
0.01885  -38.7633
0.01888  -38.8138
0.0189  -38.864
0.01893  -38.9137
0.01895  -38.962999999999994
0.01898  -39.0118
0.019  -39.0604
0.01903  -39.108399999999996
0.01905  -39.156099999999995
0.01908  -39.2034
0.0191  -39.250299999999996
0.01913  -39.2969
0.01915  -39.3431
0.01918  -39.388999999999996
0.0192  -39.434400000000004
0.01923  -39.479600000000005
0.01925  -39.5243
0.01928  -39.5687
0.0193  -39.612899999999996
0.01933  -39.6566
0.01935  -39.699999999999996
0.01938  -39.7431
0.0194  -39.785900000000005
0.01943  -39.8284
0.01945  -39.8705
0.01948  -39.912299999999995
0.0195  -39.9538
0.01953  -39.9951
0.01955  -40.036
0.01958  -40.0766
0.0196  -40.1169
0.01963  -40.157000000000004
0.01965  -40.1968
0.01968  -40.2363
0.0197  -40.2754
0.01973  -40.3144
0.01975  -40.3531
0.01978  -40.39149999999999
0.0198  -40.4296
0.01983  -40.4675
0.01985  -40.5051
0.01988  -40.542500000000004
0.0199  -40.5796
0.01993  -40.6164
0.01995  -40.653
0.01998  -40.6894
0.02  -40.7256
0.02003  -40.7614
0.02005  -40.7971
0.02008  -40.8324
0.0201  -40.8676
0.02013  -40.9026
0.02015  -40.9373
0.02018  -40.9718
0.0202  -41.006099999999996
0.02023  -41.040200000000006
0.02025  -41.074
0.02028  -41.107600000000005
0.0203  -41.141000000000005
0.02033  -41.1742
0.02035  -41.2072
0.02038  -41.24
0.0204  -41.272499999999994
0.02043  -41.304899999999996
0.02045  -41.3371
0.02048  -41.369
0.0205  -41.400800000000004
0.02053  -41.432300000000005
0.02055  -41.4638
0.02058  -41.4949
0.0206  -41.5259
0.02063  -41.5567
0.02065  -41.5873
0.0206799999999999  -41.617700000000006
0.0207  -41.648
0.02073  -41.678
0.02075  -41.708
0.02078  -41.7376
0.0208  -41.7672
0.02083  -41.7965
0.02085  -41.825700000000005
0.02088  -41.8547
0.0209  -41.8835
0.0209299999999999  -41.9122
0.02095  -41.940599999999996
0.02098  -41.969
0.021  -41.9972
0.02103  -42.0251
0.02105  -42.053
0.02108  -42.080600000000004
0.0211  -42.108200000000004
0.02113  -42.13549999999999
0.02115  -42.1627
0.0211799999999999  -42.189699999999995
0.0212  -42.2166
0.02123  -42.2433
0.02125  -42.2699
0.02128  -42.2964
0.0213  -42.3226
0.02133  -42.3488
0.02135  -42.3747
0.02138  -42.4005
0.0214  -42.4262
0.0214299999999999  -42.4517
0.02145  -42.477199999999996
0.02148  -42.5024
0.0215  -42.5276
0.02153  -42.5525
0.02155  -42.577400000000004
0.02158  -42.602
0.0216  -42.6266
0.02163  -42.650999999999996
0.02165  -42.6753
0.0216799999999999  -42.6995
0.0217  -42.723600000000005
0.02173  -42.7474
0.02175  -42.7712
0.02178  -42.7948
0.0218  -42.8184
0.02183  -42.841699999999996
0.02185  -42.864999999999995
0.02188  -42.888200000000005
0.0219  -42.9112
0.0219299999999999  -42.934
0.02195  -42.9569
0.02198  -42.9795
0.022  -43.002
0.02203  -43.0244
0.02205  -43.046800000000005
0.02208  -43.068999999999996
0.0221  -43.091100000000004
0.02213  -43.113
0.02215  -43.1348
0.0221799999999999  -43.156600000000005
0.0222  -43.178200000000004
0.02223  -43.1997
0.02225  -43.2211
0.02228  -43.242399999999996
0.0223  -43.2636
0.02233  -43.284600000000005
0.02235  -43.3056
0.02238  -43.326499999999996
0.0224  -43.347300000000004
0.0224299999999999  -43.367999999999995
0.02245  -43.3884
0.02248  -43.4089
0.0225  -43.4293
0.02253  -43.4495
0.02255  -43.469699999999996
0.02258  -43.4897
0.0226  -43.5097
0.02263  -43.5295
0.02265  -43.549299999999995
0.02268  -43.568999999999996
0.0227  -43.5886
0.02273  -43.608000000000004
0.02275  -43.627500000000005
0.02278  -43.646699999999996
0.0228  -43.6659
0.02283  -43.685
0.02285  -43.704100000000004
0.02288  -43.723
0.0229  -43.7418
0.02293  -43.7606
0.02295  -43.7793
0.02298  -43.7978
0.023  -43.816300000000005
0.02303  -43.834700000000005
0.02305  -43.852999999999994
0.02308  -43.871199999999995
0.0231  -43.889399999999995
0.02313  -43.9075
0.02315  -43.9255
0.02318  -43.943400000000004
0.0232  -43.9612
0.02323  -43.979
0.02325  -43.9966
0.02328  -44.0143
0.0233  -44.031800000000004
0.02333  -44.0492
0.02335  -44.066500000000005
0.02338  -44.0838
0.0234  -44.101000000000006
0.02343  -44.1182
0.02345  -44.135200000000005
0.02348  -44.1522
0.0235  -44.1691
0.02353  -44.186
0.02355  -44.2027
0.02358  -44.2194
0.0236  -44.236
0.02363  -44.2526
0.02365  -44.2691
0.02368  -44.2855
0.0237  -44.301899999999996
0.02373  -44.3182
0.02375  -44.334399999999995
0.02378  -44.350500000000004
0.0238  -44.366600000000005
0.02383  -44.382600000000004
0.02385  -44.398599999999995
0.02388  -44.4144
0.0239  -44.4303
0.02393  -44.446
0.02395  -44.4617
0.02398  -44.4773
0.024  -44.492900000000006
0.02403  -44.508399999999995
0.02405  -44.523900000000005
0.0240799999999999  -44.5392
0.0240999999999999  -44.5545
0.0241300000000001  -44.569900000000004
0.0241500000000001  -44.5851
0.0241800000000001  -44.6002
0.0242  -44.6153
0.02423  -44.6303
0.02425  -44.6452
0.02428  -44.6602
0.0243  -44.6751
0.0243299999999999  -44.689899999999994
0.0243499999999999  -44.7046
0.0243800000000001  -44.71939999999999
0.0244000000000001  -44.734
0.0244300000000001  -44.7485
0.02445  -44.7631
0.02448  -44.7776
0.0245  -44.792
0.02453  -44.806400000000004
0.02455  -44.8207
0.0245799999999999  -44.835
0.0245999999999999  -44.8493
0.0246300000000001  -44.8633
0.0246500000000001  -44.8775
0.0246800000000001  -44.891600000000004
0.0247  -44.9056
0.02473  -44.919599999999996
0.02475  -44.933499999999995
0.02478  -44.947399999999995
0.0248  -44.9612
0.0248299999999999  -44.975
0.0248499999999999  -44.9887
0.0248800000000001  -45.0025
0.0249000000000001  -45.0161
0.0249300000000001  -45.0297
0.02495  -45.0433
0.02498  -45.0567
0.025  -45.0702
0.02503  -45.1179
0.02505  -45.132799999999996
0.0250799999999999  -45.1468
0.0250999999999999  -45.160399999999996
0.0251300000000001  -45.173899999999996
0.0251500000000001  -45.187200000000004
0.0251800000000001  -45.2005
0.0252  -45.2136
0.02523  -45.226600000000005
0.02525  -45.2396
0.02528  -45.2526
0.0253  -45.2654
0.0253299999999999  -45.278400000000005
0.0253499999999999  -45.2911
0.0253800000000001  -45.3039
0.0254000000000001  -45.3165
0.0254300000000001  -45.3292
0.02545  -45.341800000000006
0.02548  -45.3543
0.0255  -45.366800000000005
0.02553  -45.379200000000004
0.02555  -45.3917
0.0255799999999999  -45.403999999999996
0.0255999999999999  -45.416399999999996
0.0256300000000001  -45.4287
0.0256500000000001  -45.440999999999995
0.0256800000000001  -45.453300000000006
0.0257  -45.465399999999995
0.02573  -45.477599999999995
0.02575  -45.4897
0.02578  -45.5018
0.0258  -45.5138
0.0258299999999999  -45.5258
0.0258499999999999  -45.537800000000004
0.0258800000000001  -45.549699999999994
0.0259000000000001  -45.5616
0.0259300000000001  -45.5735
0.02595  -45.5853
0.02598  -45.597100000000005
0.026  -45.6089
0.02603  -45.6207
0.02605  -45.632400000000004
0.0260799999999999  -45.644000000000005
0.0260999999999999  -45.655699999999996
0.0261300000000001  -45.6674
0.0261500000000001  -45.6789
0.0261800000000001  -45.6905
0.0262  -45.702
0.02623  -45.7136
0.02625  -45.725
0.02628  -45.736399999999996
0.0263  -45.7479
0.0263299999999999  -45.7593
0.0263499999999999  -45.7706
0.0263800000000001  -45.7819
0.0264000000000001  -45.7932
0.0264300000000001  -45.8045
0.02645  -45.815799999999996
0.02648  -45.827
0.0265  -45.8382
0.02653  -45.849399999999996
0.02655  -45.8606
0.0265799999999999  -45.8717
0.0265999999999999  -45.882799999999996
0.0266300000000001  -45.8939
0.0266500000000001  -45.9049
0.0266800000000001  -45.916
0.0267  -45.927
0.02673  -45.9379
0.02675  -45.9489
0.02678  -45.959900000000005
0.0268  -45.9708
0.0268299999999999  -45.9817
0.0268499999999999  -45.9925
0.0268800000000001  -46.003299999999996
0.0269000000000001  -46.014199999999995
0.0269300000000001  -46.025
0.02695  -46.0358
0.02698  -46.046600000000005
0.027  -46.0573
0.02703  -46.0681
0.02705  -46.078700000000005
0.0270799999999999  -46.0894
0.0270999999999999  -46.1
0.0271300000000001  -46.1106
0.0271500000000001  -46.1213
0.0271800000000001  -46.1319
0.0272  -46.1425
0.02723  -46.1531
0.02725  -46.163599999999995
0.02728  -46.1741
0.0273  -46.184599999999996
0.0273299999999999  -46.1951
0.0273499999999999  -46.2055
0.0273800000000001  -46.215900000000005
0.0274000000000001  -46.2264
0.0274300000000001  -46.2368
0.02745  -46.2472
0.02748  -46.257600000000004
0.0275  -46.267900000000004
0.02753  -46.2782
0.02755  -46.2886
0.0275799999999999  -46.2988
0.0275999999999999  -46.3092
0.0276300000000001  -46.319500000000005
0.0276500000000001  -46.3297
0.0276800000000001  -46.3399
0.0277  -46.3502
0.02773  -46.3604
0.02775  -46.370599999999996
0.02778  -46.3807
0.0278  -46.391
0.0278299999999999  -46.4011
0.0278499999999999  -46.411100000000005
0.0278800000000001  -46.421299999999995
0.0279000000000001  -46.4314
0.0279300000000001  -46.441500000000005
0.02795  -46.4516
0.02798  -46.461600000000004
0.028  -46.4717
0.02803  -46.4817
0.02805  -46.491699999999994
0.0280799999999999  -46.5017
0.0280999999999999  -46.5118
0.0281300000000001  -46.5217
0.0281500000000001  -46.5317
0.0281800000000001  -46.5416
0.0282  -46.5516
0.02823  -46.5615
0.02825  -46.571400000000004
0.02828  -46.581399999999995
0.0283  -46.5913
0.0283299999999999  -46.6012
0.0283499999999999  -46.611
0.0283800000000001  -46.6209
0.0284000000000001  -46.6307
0.0284300000000001  -46.6406
0.02845  -46.6503
0.02848  -46.6601
0.0285  -46.669900000000005
0.02853  -46.679700000000004
0.02855  -46.6895
0.0285799999999999  -46.6993
0.0285999999999999  -46.7091
0.0286300000000001  -46.718900000000005
0.0286500000000001  -46.7285
0.0286800000000001  -46.7383
0.0287  -46.748
0.02873  -46.757799999999996
0.02875  -46.7674
0.02878  -46.777100000000004
0.0288  -46.78680000000001
0.0288299999999999  -46.7964
0.0288499999999999  -46.8061
0.0288800000000001  -46.8158
0.0289000000000001  -46.825399999999995
0.0289300000000001  -46.8351
0.02895  -46.8446
0.02898  -46.8543
0.029  -46.8639
0.02903  -46.8735
0.02905  -46.8831
0.0290799999999999  -46.892700000000005
0.0290999999999999  -46.902300000000004
0.0291300000000001  -46.9118
0.0291500000000001  -46.9213
0.0291800000000001  -46.9309
0.0292  -46.9404
0.02923  -46.949999999999996
0.02925  -46.959500000000006
0.02928  -46.969
0.0293  -46.9786
0.0293299999999999  -46.9881
0.0293499999999999  -46.9975
0.0293800000000001  -47.0071
0.0294000000000001  -47.0165
0.0294300000000001  -47.026
0.02945  -47.035399999999996
0.02948  -47.044999999999995
0.0295  -47.0544
0.02953  -47.0638
0.02955  -47.0733
0.0295799999999999  -47.082699999999996
0.0295999999999999  -47.0922
0.0296300000000001  -47.101600000000005
0.0296500000000001  -47.111
0.0296800000000001  -47.120400000000004
0.0297  -47.1298
0.02973  -47.139199999999995
0.02975  -47.1486
0.02978  -47.157999999999994
0.0298  -47.1674
0.0298299999999999  -47.1768
0.0298499999999999  -47.1861
0.0298800000000001  -47.195499999999996
0.0299000000000001  -47.2049
0.0299300000000001  -47.2142
0.02995  -47.223600000000005
0.02998  -47.233
0.03  -47.24229999999999
0.03003  -47.2517
0.03005  -47.260999999999996
0.0300799999999999  -47.2704
0.0300999999999999  -47.2796
0.0301300000000001  -47.2889
0.0301500000000001  -47.298300000000005
0.0301800000000001  -47.3076
0.0302  -47.316900000000004
0.03023  -47.3262
0.03025  -47.3355
0.03028  -47.3448
0.0303  -47.3541
0.0303299999999999  -47.3633
0.0303499999999999  -47.372699999999995
0.0303800000000001  -47.382000000000005
0.0304000000000001  -47.391200000000005
0.0304300000000001  -47.4005
0.03045  -47.409800000000004
0.03048  -47.419000000000004
0.0305  -47.4283
0.03053  -47.437599999999996
0.03055  -47.446799999999996
0.0305799999999999  -47.4561
0.0305999999999999  -47.4653
0.0306300000000001  -47.474599999999995
0.0306500000000001  -47.4838
0.0306800000000001  -47.493100000000005
0.0307  -47.502300000000005
0.03073  -47.5116
0.03075  -47.5208
0.03078  -47.5301
0.0308  -47.5392
0.0308299999999999  -47.548500000000004
0.0308499999999999  -47.557700000000004
0.0308800000000001  -47.567
0.0309000000000001  -47.5762
0.0309300000000001  -47.5854
0.03095  -47.5946
0.03098  -47.6038
0.031  -47.613
0.03103  -47.6223
0.03105  -47.6315
0.0310799999999999  -47.6406
0.0310999999999999  -47.6499
0.0311300000000001  -47.6591
0.0311500000000001  -47.6683
0.0311800000000001  -47.6776
0.0312  -47.686699999999995
0.03123  -47.695899999999995
0.03125  -47.7051
0.03128  -47.7143
0.0313  -47.723600000000005
0.0313299999999999  -47.7327
0.0313499999999999  -47.741899999999994
0.0313800000000001  -47.751099999999994
0.0314000000000001  -47.7603
0.0314300000000001  -47.7695
0.03145  -47.7787
0.03148  -47.7879
0.0315  -47.7971
0.03153  -47.8063
0.03155  -47.8155
0.0315799999999999  -47.8247
0.0315999999999999  -47.8339
0.0316300000000001  -47.8431
0.0316500000000001  -47.8523
0.0316800000000001  -47.8615
0.0317  -47.8707
0.03173  -47.8799
0.03175  -47.8891
0.03178  -47.8983
0.0318  -47.907500000000006
0.0318299999999999  -47.9166
0.0318499999999999  -47.9258
0.0318800000000001  -47.935
0.0319000000000001  -47.9442
0.0319300000000001  -47.9535
0.03195  -47.962700000000005
0.03198  -47.971900000000005
0.032  -47.981
0.03203  -47.9902
0.03205  -47.9995
0.0320799999999999  -48.008700000000005
0.0320999999999999  -48.017900000000004
0.0321300000000001  -48.0271
0.0321500000000001  -48.0363
0.0321800000000001  -48.0455
0.0322  -48.0548
0.03223  -48.0639
0.03225  -48.0732
0.03228  -48.0824
0.0323  -48.09160000000001
0.0323299999999999  -48.1008
0.0323499999999999  -48.110099999999996
0.0323800000000001  -48.1192
0.0324000000000001  -48.1285
0.0324300000000001  -48.1377
0.03245  -48.1469
0.03248  -48.1562
0.0325  -48.165299999999995
0.03253  -48.1746
0.03255  -48.183800000000005
0.0325799999999999  -48.1931
0.0325999999999999  -48.2024
0.0326300000000001  -48.211600000000004
0.0326500000000001  -48.220800000000004
0.0326800000000001  -48.23
0.0327  -48.2393
0.03273  -48.2485
0.03275  -48.2577
0.03278  -48.267
0.0328  -48.2763
0.0328299999999999  -48.2856
0.0328499999999999  -48.2948
0.0328800000000001  -48.3041
0.0329000000000001  -48.3134
0.0329300000000001  -48.3226
0.03295  -48.3319
0.03298  -48.3412
0.033  -48.3504
0.03303  -48.3598
0.03305  -48.369
0.0330799999999999  -48.3783
0.0330999999999999  -48.3876
0.0331300000000001  -48.3969
0.0331500000000001  -48.4062
0.0331800000000001  -48.4154
0.0332  -48.424800000000005
0.03323  -48.4341
0.03325  -48.443400000000004
0.03328  -48.4527
0.0333  -48.461999999999996
0.0333299999999999  -48.471399999999996
0.0333499999999999  -48.480700000000006
0.0333800000000001  -48.49
0.0334000000000001  -48.4993
0.0334300000000001  -48.508700000000005
0.03345  -48.518
0.03348  -48.527300000000004
0.0335  -48.53680000000001
0.03353  -48.5461
0.03355  -48.555499999999995
0.0335799999999999  -48.564800000000005
0.0335999999999999  -48.5742
0.0336300000000001  -48.5836
0.0336500000000001  -48.5929
0.0336800000000001  -48.6023
0.0337  -48.6117
0.03373  -48.6211
0.03375  -48.6305
0.03378  -48.639900000000004
0.0338  -48.6493
0.0338299999999999  -48.6587
0.0338499999999999  -48.6681
0.0338800000000001  -48.6776
0.0339000000000001  -48.687000000000005
0.0339300000000001  -48.6964
0.03395  -48.705799999999996
0.03398  -48.715199999999996
0.034  -48.7247
0.03403  -48.7342
0.03405  -48.7436
0.0340799999999999  -48.753099999999996
0.0340999999999999  -48.7626
0.0341300000000001  -48.772
0.0341500000000001  -48.7815
0.0341800000000001  -48.791
0.0342  -48.8005
0.03423  -48.81
0.03425  -48.8194
0.03428  -48.8289
0.0343  -48.8385
0.0343299999999999  -48.848
0.0343499999999999  -48.8574
0.0343800000000001  -48.867
0.0344000000000001  -48.8766
0.0344300000000001  -48.885999999999996
0.03445  -48.8956
0.03448  -48.9052
0.0345  -48.914699999999996
0.03453  -48.924299999999995
0.03455  -48.9339
0.0345799999999999  -48.943400000000004
0.0345999999999999  -48.952999999999996
0.0346300000000001  -48.9625
0.0346500000000001  -48.9722
0.0346800000000001  -48.9818
0.0347  -48.991400000000006
0.03473  -49.001
0.03475  -49.010600000000004
0.03478  -49.0203
0.0348  -49.0298
0.0348299999999999  -49.039500000000004
0.0348499999999999  -49.049099999999996
0.0348800000000001  -49.058800000000005
0.0349000000000001  -49.068400000000004
0.0349300000000001  -49.0782
0.03495  -49.0878
0.03498  -49.0975
0.035  -49.1072
0.03503  -49.1168
0.03505  -49.126599999999996
0.0350799999999999  -49.1363
0.0350999999999999  -49.146100000000004
0.0351300000000001  -49.155800000000006
0.0351500000000001  -49.165499999999994
0.0351800000000001  -49.1753
0.0352  -49.185
0.03523  -49.1947
0.03525  -49.2045
0.03528  -49.2143
0.0353  -49.224000000000004
0.0353299999999999  -49.2339
0.0353499999999999  -49.243700000000004
0.0353800000000001  -49.25339999999999
0.0354000000000001  -49.263200000000005
0.0354300000000001  -49.2731
0.03545  -49.28289999999999
0.03548  -49.2927
0.0355  -49.3026
0.03553  -49.31249999999999
0.03555  -49.3223
0.0355799999999999  -49.33219999999999
0.0355999999999999  -49.342000000000006
0.0356300000000001  -49.3519
0.0356500000000001  -49.3618
0.0356800000000001  -49.3718
0.0357  -49.381699999999995
0.03573  -49.391600000000004
0.03575  -49.4015
0.03578  -49.41140000000001
0.0358  -49.4214
0.0358299999999999  -49.43129999999999
0.0358499999999999  -49.441300000000005
0.0358800000000001  -49.45119999999999
0.0359000000000001  -49.461200000000005
0.0359300000000001  -49.471199999999996
0.03595  -49.48120000000001
0.03598  -49.4912
0.036  -49.5012
0.03603  -49.5112
0.03605  -49.5213
0.0360799999999999  -49.5313
0.0360999999999999  -49.541399999999996
0.0361300000000001  -49.55140000000001
0.0361500000000001  -49.5615
0.0361800000000001  -49.5716
0.0362  -49.581700000000005
0.03623  -49.5918
0.03625  -49.6019
0.03628  -49.6121
0.0363  -49.62220000000001
0.0363299999999999  -49.6324
0.0363499999999999  -49.6424
0.0363800000000001  -49.6526
0.0364000000000001  -49.662800000000004
0.0364300000000001  -49.673
0.03645  -49.68319999999999
0.03648  -49.693400000000004
0.0365  -49.703599999999994
0.03653  -49.7138
0.03655  -49.724
0.0365799999999999  -49.734300000000005
0.0365999999999999  -49.744499999999995
0.0366300000000001  -49.7548
0.0366500000000001  -49.7651
0.0366800000000001  -49.775400000000005
0.0367  -49.785599999999995
0.03673  -49.7959
0.03675  -49.80629999999999
0.03678  -49.8165
0.0368  -49.826899999999995
0.0368299999999999  -49.837300000000006
0.0368499999999999  -49.84759999999999
0.0368800000000001  -49.858000000000004
0.0369000000000001  -49.868399999999994
0.0369300000000001  -49.8787
0.03695  -49.889199999999995
0.03698  -49.8996
0.037  -49.910000000000004
0.03703  -49.920500000000004
0.03705  -49.93090000000001
0.0370799999999999  -49.9414
0.0370999999999999  -49.951800000000006
0.0371300000000001  -49.9623
0.0371500000000001  -49.9728
0.0371800000000001  -49.9833
0.0372  -49.993900000000004
0.03723  -50.0044
0.03725  -50.0149
0.03728  -50.025499999999994
0.0373  -50.036
0.0373299999999999  -50.04670000000001
0.0373499999999999  -50.057199999999995
0.0373800000000001  -50.06790000000001
0.0374000000000001  -50.0785
0.0374300000000001  -50.089200000000005
0.03745  -50.099799999999995
0.03748  -50.1104
0.0375  -50.12109999999999
0.03753  -50.131699999999995
0.03755  -50.142500000000005
0.0375799999999999  -50.1532
0.0375999999999999  -50.163900000000005
0.0376300000000001  -50.174699999999994
0.0376500000000001  -50.1854
0.0376800000000001  -50.19610000000001
0.0377  -50.207
0.03773  -50.2177
0.03775  -50.2285
0.03778  -50.2394
0.0378  -50.25019999999999
0.0378299999999999  -50.260999999999996
0.0378499999999999  -50.271800000000006
0.0378800000000001  -50.282799999999995
0.0379000000000001  -50.2936
0.0379300000000001  -50.304500000000004
0.03795  -50.3154
0.03798  -50.3263
0.038  -50.33729999999999
0.03803  -50.3483
0.03805  -50.3592
0.0380799999999999  -50.3702
0.0380999999999999  -50.3812
0.0381300000000001  -50.3922
0.0381500000000001  -50.4033
0.0381800000000001  -50.414300000000004
0.0382  -50.42529999999999
0.03823  -50.4364
0.03825  -50.447500000000005
0.03828  -50.4586
0.0383  -50.469699999999996
0.0383299999999999  -50.4808
0.0383499999999999  -50.491899999999994
0.0383800000000001  -50.503099999999996
0.0384000000000001  -50.5142
0.0384300000000001  -50.5254
0.03845  -50.5366
0.03848  -50.5478
0.0385  -50.559099999999994
0.03853  -50.570299999999996
0.03855  -50.5816
0.0385799999999999  -50.59289999999999
0.0385999999999999  -50.6042
0.0386300000000001  -50.615500000000004
0.0386500000000001  -50.626799999999996
0.0386800000000001  -50.6382
0.0387  -50.6495
0.03873  -50.6609
0.03875  -50.6723
0.03878  -50.6837
0.0388  -50.6951
0.0388299999999999  -50.7066
0.0388499999999999  -50.7179
0.0388800000000001  -50.729400000000005
0.0389000000000001  -50.740899999999996
0.0389300000000001  -50.7524
0.03895  -50.764
0.03898  -50.775499999999994
0.039  -50.787
0.03903  -50.798500000000004
0.03905  -50.81009999999999
0.0390799999999999  -50.821799999999996
0.0390999999999999  -50.833400000000005
0.0391300000000001  -50.8449
0.0391500000000001  -50.85659999999999
0.0391800000000001  -50.8683
0.0392  -50.88
0.03923  -50.891600000000004
0.03925  -50.903299999999994
0.03928  -50.9151
0.0393  -50.9268
0.0393299999999999  -50.938599999999994
0.0393499999999999  -50.950399999999995
0.0393800000000001  -50.9621
0.0394000000000001  -50.97390000000001
0.0394300000000001  -50.9858
0.03945  -50.9976
0.03948  -51.0095
0.0395  -51.02140000000001
0.03953  -51.033199999999994
0.03955  -51.0451
0.0395799999999999  -51.057
0.0395999999999999  -51.069
0.0396300000000001  -51.080999999999996
0.0396500000000001  -51.09289999999999
0.0396800000000001  -51.105000000000004
0.0397  -51.1169
0.03973  -51.12899999999999
0.03975  -51.14099999999999
0.03978  -51.1531
0.0398  -51.1651
0.0398299999999999  -51.1773
0.0398499999999999  -51.18930000000001
0.0398800000000001  -51.201499999999996
0.0399000000000001  -51.2136
0.0399300000000001  -51.22580000000001
0.03995  -51.23800000000001
0.03998  -51.25019999999999
0.04  -51.2624
0.04003  -51.2746
0.04005  -51.2869
0.0400799999999999  -51.2991
0.0400999999999999  -51.311499999999995
0.0401300000000001  -51.3238
0.0401500000000001  -51.3361
0.0401800000000001  -51.3485
0.0402  -51.360800000000005
0.04023  -51.37310000000001
0.04025  -51.3856
0.04028  -51.397999999999996
0.0403  -51.4104
0.0403299999999999  -51.422900000000006
0.0403499999999999  -51.435300000000005
0.0403800000000001  -51.447799999999994
0.0404000000000001  -51.4604
0.0404300000000001  -51.4729
0.04045  -51.4854
0.04048  -51.4979
0.0405  -51.510600000000004
0.04053  -51.523199999999996
0.04055  -51.535799999999995
0.0405799999999999  -51.548399999999994
0.0405999999999999  -51.5611
0.0406300000000001  -51.5737
0.0406500000000001  -51.586400000000005
0.0406800000000001  -51.59910000000001
0.0407  -51.611799999999995
0.04073  -51.6246
0.04075  -51.6374
0.04078  -51.6501
0.0408  -51.6629
0.0408299999999999  -51.675700000000006
0.0408499999999999  -51.68860000000001
0.0408800000000001  -51.70140000000001
0.0409000000000001  -51.714299999999994
0.0409300000000001  -51.727199999999996
0.04095  -51.7401
0.04098  -51.7531
0.041  -51.766000000000005
0.04103  -51.779
0.04105  -51.791900000000005
0.0410799999999999  -51.804899999999996
0.0410999999999999  -51.818
0.0411300000000001  -51.830999999999996
0.0411500000000001  -51.8441
0.0411800000000001  -51.8571
0.0412  -51.870200000000004
0.04123  -51.883300000000006
0.04125  -51.8965
0.04128  -51.909600000000005
0.0413  -51.92280000000001
0.0413299999999999  -51.93599999999999
0.0413499999999999  -51.9492
0.0413800000000001  -51.9625
0.0414000000000001  -51.975699999999996
0.0414300000000001  -51.989
0.04145  -52.0023
0.04148  -52.015499999999996
0.0415  -52.028800000000004
0.04153  -52.0422
0.04155  -52.055600000000005
0.0415799999999999  -52.068900000000006
0.0415999999999999  -52.08240000000001
0.0416300000000001  -52.0958
0.0416500000000001  -52.109100000000005
0.0416800000000001  -52.12259999999999
0.0417  -52.13609999999999
0.04173  -52.1496
0.04175  -52.163199999999996
0.04178  -52.1767
0.0418  -52.1902
0.0418299999999999  -52.2038
0.0418499999999999  -52.2174
0.0418800000000001  -52.231
0.0419000000000001  -52.2445
0.0419300000000001  -52.2582
0.04195  -52.2719
0.04198  -52.2856
0.042  -52.2992
0.04203  -52.313
0.04205  -52.3267
0.0420799999999999  -52.3404
0.0420999999999999  -52.354200000000006
0.0421300000000001  -52.36800000000001
0.0421500000000001  -52.381800000000005
0.0421800000000001  -52.39560000000001
0.0422  -52.409499999999994
0.04223  -52.423300000000005
0.04225  -52.437200000000004
0.04228  -52.45119999999999
0.0423  -52.465
0.0423299999999999  -52.47899999999999
0.0423499999999999  -52.492900000000006
0.0423800000000001  -52.506899999999995
0.0424000000000001  -52.5209
0.0424300000000001  -52.53489999999999
0.04245  -52.548899999999996
0.04248  -52.562900000000006
0.0425  -52.57699999999999
0.04253  -52.59100000000001
0.04255  -52.605199999999996
0.0425799999999999  -52.619200000000006
0.0425999999999999  -52.633399999999995
0.0426300000000001  -52.64750000000001
0.0426500000000001  -52.66170000000001
0.0426800000000001  -52.6758
0.0427  -52.690000000000005
0.04273  -52.70420000000001
0.04275  -52.718500000000006
0.04278  -52.7327
0.0428  -52.74700000000001
0.0428299999999999  -52.7612
0.0428499999999999  -52.7755
0.0428800000000001  -52.78980000000001
0.0429000000000001  -52.8041
0.0429300000000001  -52.8185
0.04295  -52.8329
0.04298  -52.8472
0.043  -52.8616
0.04303  -52.876
0.04305  -52.8904
0.0430799999999999  -52.9049
0.0430999999999999  -52.9193
0.0431300000000001  -52.9338
0.0431500000000001  -52.948299999999996
0.0431800000000001  -52.962799999999994
0.0432  -52.97730000000001
0.04323  -52.991899999999994
0.04325  -53.006400000000006
0.04328  -53.020900000000005
0.0433  -53.035500000000006
0.0433299999999999  -53.050200000000004
0.0433499999999999  -53.0647
0.0433800000000001  -53.0793
0.0434000000000001  -53.0939
0.0434300000000001  -53.1087
0.04345  -53.1233
0.04348  -53.138
0.0435  -53.152699999999996
0.04353  -53.16740000000001
0.04355  -53.182199999999995
0.0435799999999999  -53.19690000000001
0.0435999999999999  -53.211600000000004
0.0436300000000001  -53.226400000000005
0.0436500000000001  -53.2411
0.0436800000000001  -53.2559
0.0437  -53.2708
0.04373  -53.285599999999995
0.04375  -53.3005
0.04378  -53.31529999999999
0.0438  -53.33010000000001
0.0438299999999999  -53.345000000000006
0.0438499999999999  -53.3599
0.0438800000000001  -53.3748
0.0439000000000001  -53.3897
0.0439300000000001  -53.404599999999995
0.04395  -53.419599999999996
0.04398  -53.43449999999999
0.044  -53.44950000000001
0.04403  -53.464400000000005
0.04405  -53.479400000000005
0.0440799999999999  -53.4944
0.0440999999999999  -53.5094
0.0441300000000001  -53.524499999999996
0.0441500000000001  -53.5395
0.0441800000000001  -53.55449999999999
0.0442  -53.56960000000001
0.04423  -53.584700000000005
0.04425  -53.5998
0.04428  -53.6149
0.0443  -53.629999999999995
0.0443299999999999  -53.6451
0.0443499999999999  -53.660199999999996
0.0443800000000001  -53.6754
0.0444000000000001  -53.69050000000001
0.0444300000000001  -53.7057
0.04445  -53.7208
0.04448  -53.736
0.0445  -53.7512
0.04453  -53.766400000000004
0.04455  -53.781600000000005
0.0445799999999999  -53.796800000000005
0.0445999999999999  -53.8121
0.0446300000000001  -53.8272
0.0446500000000001  -53.842499999999994
0.0446800000000001  -53.85770000000001
0.0447  -53.873000000000005
0.04473  -53.8883
0.04475  -53.903499999999994
0.04478  -53.9188
0.0448  -53.934099999999994
0.0448299999999999  -53.94950000000001
0.0448499999999999  -53.9647
0.0448800000000001  -53.98
0.0449000000000001  -53.9954
0.0449300000000001  -54.010799999999996
0.04495  -54.026
0.04498  -54.0414
0.045  -54.0568
0.04503  -54.07209999999999
0.04505  -54.08749999999999
0.0450799999999999  -54.102900000000005
0.0450999999999999  -54.1182
0.0451300000000001  -54.1336
0.0451500000000001  -54.1491
0.0451800000000001  -54.16440000000001
0.0452  -54.1799
0.04523  -54.1953
0.04525  -54.210699999999996
0.04528  -54.2262
0.0453  -54.2415
0.0453299999999999  -54.257000000000005
0.0453499999999999  -54.2725
0.0453800000000001  -54.28789999999999
0.0454000000000001  -54.303399999999996
0.0454300000000001  -54.3188
0.04545  -54.3343
0.04548  -54.3497
0.0455  -54.365199999999994
0.04553  -54.380700000000004
0.04555  -54.3962
0.0455799999999999  -54.41159999999999
0.0455999999999999  -54.42719999999999
0.0456300000000001  -54.442600000000006
0.0456500000000001  -54.4581
0.0456800000000001  -54.4736
0.0457  -54.4892
0.04573  -54.5046
0.04575  -54.5202
0.04578  -54.5357
0.0458  -54.551199999999994
0.0458299999999999  -54.566700000000004
0.0458499999999999  -54.582300000000004
0.0458800000000001  -54.59779999999999
0.0459000000000001  -54.613200000000006
0.0459300000000001  -54.628800000000005
0.04595  -54.6443
0.04598  -54.65989999999999
0.046  -54.6754
0.04603  -54.6909
0.04605  -54.7065
0.0460799999999999  -54.72200000000001
0.0460999999999999  -54.737500000000004
0.0461300000000001  -54.753099999999996
0.0461500000000001  -54.76859999999999
0.0461800000000001  -54.784200000000006
0.0462  -54.799800000000005
0.04623  -54.81529999999999
0.04625  -54.8308
0.04628  -54.8463
0.0463  -54.8619
0.0463299999999999  -54.87749999999999
0.0463499999999999  -54.893
0.0463800000000001  -54.9086
0.0464000000000001  -54.924099999999996
0.0464300000000001  -54.939600000000006
0.04645  -54.9552
0.04648  -54.9708
0.0465  -54.98630000000001
0.04653  -55.0018
0.04655  -55.0173
0.0465799999999999  -55.032900000000005
0.0465999999999999  -55.048500000000004
0.0466300000000001  -55.064
0.0466500000000001  -55.07950000000001
0.0466800000000001  -55.095
0.0467  -55.1106
0.04673  -55.12610000000001
0.04675  -55.141600000000004
0.04678  -55.157199999999996
0.0468  -55.17269999999999
0.0468299999999999  -55.1882
0.0468499999999999  -55.2037
0.0468800000000001  -55.21920000000001
0.0469000000000001  -55.234700000000004
0.0469300000000001  -55.2502
0.04695  -55.2657
0.04698  -55.2812
0.047  -55.296699999999994
0.04703  -55.31230000000001
0.04705  -55.3278
0.0470799999999999  -55.3433
0.0470999999999999  -55.3588
0.0471300000000001  -55.3742
0.0471500000000001  -55.3897
0.0471800000000001  -55.40520000000001
0.0472  -55.4207
0.04723  -55.436099999999996
0.04725  -55.451600000000006
0.04728  -55.467
0.0473  -55.48250000000001
0.0473299999999999  -55.4979
0.0473499999999999  -55.5134
0.0473800000000001  -55.528800000000004
0.0474000000000001  -55.5442
0.0474300000000001  -55.5596
0.04745  -55.575
0.04748  -55.5905
0.0475  -55.605900000000005
0.04753  -55.6213
0.04755  -55.6367
0.0475799999999999  -55.652100000000004
0.0475999999999999  -55.6675
0.0476300000000001  -55.68289999999999
0.0476500000000001  -55.6983
0.0476800000000001  -55.71359999999999
0.0477  -55.7289
0.04773  -55.744299999999996
0.04775  -55.75970000000001
0.04778  -55.775
0.0478  -55.7904
0.0478299999999999  -55.8056
0.0478499999999999  -55.821
0.0478800000000001  -55.83630000000001
0.0479000000000001  -55.8516
0.0479300000000001  -55.866899999999994
0.04795  -55.8822
0.04798  -55.897499999999994
0.048  -55.912800000000004
0.04803  -55.9281
0.04805  -55.943200000000004
0.0480799999999999  -55.9585
0.0480999999999999  -55.9738
0.0481300000000001  -55.9891
0.0481500000000001  -56.0042
0.0481800000000001  -56.01950000000001
0.0482  -56.0347
0.04823  -56.049899999999994
0.04825  -56.0651
0.04828  -56.080299999999994
0.0483  -56.0955
0.0483299999999999  -56.1106
0.0483499999999999  -56.125800000000005
0.0483800000000001  -56.141
0.0484000000000001  -56.1561
0.0484300000000001  -56.1712
0.04845  -56.1863
0.04848  -56.2015
0.0485  -56.21659999999999
0.04853  -56.2316
0.04855  -56.24679999999999
0.0485799999999999  -56.261900000000004
0.0485999999999999  -56.2769
0.0486300000000001  -56.292
0.0486500000000001  -56.306999999999995
0.0486800000000001  -56.322100000000006
0.0487  -56.336999999999996
0.04873  -56.35210000000001
0.04875  -56.367200000000004
0.04878  -56.38210000000001
0.0488  -56.3972
0.0488299999999999  -56.41210000000001
0.0488499999999999  -56.4271
0.0488800000000001  -56.44199999999999
0.0489000000000001  -56.457
0.0489300000000001  -56.47189999999999
0.04895  -56.486900000000006
0.04898  -56.50169999999999
0.049  -56.5167
0.04903  -56.531499999999994
0.04905  -56.5465
0.0490799999999999  -56.561299999999996
0.0490999999999999  -56.57620000000001
0.0491300000000001  -56.590999999999994
0.0491500000000001  -56.6058
0.0491800000000001  -56.6207
0.0492  -56.6355
0.04923  -56.6504
0.04925  -56.6651
0.04928  -56.679899999999996
0.0493  -56.694700000000005
0.0493299999999999  -56.709399999999995
0.0493499999999999  -56.7242
0.0493800000000001  -56.738899999999994
0.0494000000000001  -56.7536
0.0494300000000001  -56.76839999999999
0.04945  -56.783100000000005
0.04948  -56.79769999999999
0.0495  -56.8125
0.04953  -56.827099999999994
0.04955  -56.841699999999996
0.0495799999999999  -56.856399999999994
0.0495999999999999  -56.871
0.0496300000000001  -56.885600000000004
0.0496500000000001  -56.9003
0.0496800000000001  -56.9149
0.0497  -56.929399999999994
0.04973  -56.944100000000006
0.04975  -56.9586
0.04978  -56.9731
0.0498  -56.98759999999999
0.0498299999999999  -57.0022
0.0498499999999999  -57.01669999999999
0.0498800000000001  -57.0312
0.0499000000000001  -57.04560000000001
0.0499300000000001  -57.0602
0.04995  -57.0746
0.04998  -57.0891
