1e-08  2709.002667944236
2.99999999999727e-05  2727.93011647946
4.99999999999545e-05  2765.9476203429194
8.00000000000409e-05  2804.347910330192
0.000100000000000023  2842.4949131145167
0.000129999999999995  2880.1712605682624
0.000149999999999977  2917.2708196612775
0.00017999999999995  2953.715900061597
0.000200000000000045  2989.475622893033
0.000230000000000018  3024.519715442554
0.00025  3058.835148205367
0.000279999999999973  3092.4270897888287
0.000299999999999955  3125.2858962700125
0.000330000000000041  3157.41474067566
0.000350000000000023  3188.8186441227726
0.000379999999999995  3219.516082178572
0.000399999999999977  3249.5042385523984
0.00042999999999995  3278.799376522953
0.000450000000000045  3307.413678444241
0.000480000000000018  3335.3549368782474
0.0005  3362.6384219149763
0.000529999999999973  3389.27483176898
0.000549999999999954  3415.270010407458
0.000580000000000041  3440.6495642080527
0.000600000000000023  3465.4156492369025
0.000629999999999995  3489.590201579433
0.000649999999999977  3513.177449448348
0.00067999999999995  3536.1888137233173
0.000700000000000045  3558.6430928516606
0.000730000000000018  3580.547211330025
0.00075  3601.915331462681
0.000779999999999973  3622.755922700028
0.000799999999999955  3643.084722300394
0.000830000000000041  3662.91164986066
0.000850000000000023  3682.247261271392
0.000879999999999995  3701.10272897934
0.000899999999999977  3719.4830974324764
0.00092999999999995  3737.4006157520143
0.000950000000000045  3754.87488418468
0.000980000000000018  3771.9057101438384
0.001  3788.506878706122
0.00102999999999997  3804.6789259907778
0.00104999999999995  3820.4433717048046
0.00108000000000004  3835.8084559925037
0.00110000000000002  3850.7758050908697
0.00113  3865.3542652772794
0.00114999999999998  3879.5530126674303
0.00117999999999995  3893.381541924924
0.00120000000000005  3906.8496550879604
0.00123000000000002  3919.9603632772228
0.00125  3932.7239810836995
0.00127999999999997  3945.1439687182965
0.00129999999999995  3957.2382759814673
0.00133000000000004  3969.0036707725462
0.00135000000000002  3980.4441989512666
0.00138  3991.5785029339613
0.00139999999999998  4002.40383128026
0.00142999999999995  4012.9247591679778
0.00145000000000005  4023.160555665226
0.00148000000000002  4033.10160816227
0.0015  4042.7602233393036
0.00152999999999997  4052.1489087121613
0.00154999999999995  4061.2583351835424
0.00158000000000004  4070.1085990805964
0.00160000000000002  4078.690544019947
0.00163  4087.02456061018
0.00164999999999998  4095.101652385873
0.00167999999999995  4102.9350660309165
0.00170000000000005  4110.530774908113
0.00173000000000002  4117.894849391195
0.00175  4125.018537002425
0.00177999999999997  4131.922956729016
0.00179999999999995  4138.5994844234665
0.00183000000000004  4145.061967141215
0.00185000000000002  4151.301863548337
0.00188  4157.340687843258
0.00189999999999998  4163.1700087027675
0.00192999999999995  4168.79645781181
0.00195000000000005  4174.226737917268
0.00198000000000002  4179.467619424568
0.002  4184.510805949281
0.00202999999999997  4189.363140607541
0.00204999999999995  4194.039111185157
0.00208000000000004  4198.530523904063
0.00210000000000002  4202.844373589831
0.00213  4206.987709437244
0.00214999999999998  4210.9600185927975
0.00217999999999995  4214.760809053668
0.00220000000000005  4218.397236587975
0.00223000000000002  4221.876503092488
0.00225  4225.190575524255
0.00227999999999997  4228.354350100108
0.00229999999999995  4231.36748539412
0.00233000000000004  4234.222000634237
0.00235000000000002  4236.932892633738
0.00238  4239.499883135523
0.00239999999999998  4241.9303779096645
0.00242999999999995  4244.208793452363
0.00245000000000005  4246.35791533601
0.00248000000000002  4248.36986492633
0.0025  4250.252130660259
0.00252999999999997  4252.0045393506525
0.00254999999999995  4253.626929712438
0.00258000000000004  4255.119152387365
0.00260000000000002  4256.496461356413
0.00263  4257.7510467241345
0.00264999999999998  4258.882799723645
0.00267999999999995  4259.899324072771
0.00270000000000005  4260.800537126508
0.00273000000000002  4261.586365603831
0.00275  4262.264451727808
0.00277999999999997  4262.834744025353
0.00279999999999995  4263.289491204345
0.00283000000000004  4263.651782145953
0.00285000000000002  4263.898465935378
0.00288  4264.052650551462
0.00289999999999998  4264.098907023478
0.00292999999999995  4264.052650551462
0.00295000000000005  4263.9138841461
0.00298000000000002  4263.674908144932
0.003  4263.343447478591
0.00302999999999997  4262.919523718846
0.00304999999999995  4262.403164453425
0.00308000000000004  4261.802108577276
0.00310000000000002  4261.116391939319
0.00313  4260.338352772058
0.00314999999999998  4259.483443880126
0.00317999999999995  4258.544012181133
0.00320000000000005  4257.5201136788
0.00323000000000002  4256.419504965471
0.00325  4255.24224566377
0.00327999999999997  4253.988399537274
0.00329999999999995  4252.6580344847625
0.00333000000000004  4251.258908766352
0.00335000000000002  4249.77572338635
0.00338  4248.231608890789
0.00339999999999998  4246.611276376729
0.00342999999999995  4244.922488270065
0.00345000000000005  4243.165326742428
0.00348000000000002  4241.3475455817215
0.0035  4239.45389351099
0.00352999999999997  4237.50745693065
0.00354999999999995  4235.492993834859
0.00358000000000004  4233.410602104908
0.00360000000000002  4231.275683081684
0.00363  4229.0806711316045
0.00364999999999998  4226.825660908482
0.00367999999999995  4224.51074961907
0.00370000000000005  4222.1360370160755
0.00373000000000002  4219.709254581814
0.00375  4217.230493653156
0.00377999999999997  4214.699847486816
0.00379999999999995  4212.109795788668
0.00383000000000004  4209.47567132962
0.00385000000000002  4206.789952956335
0.00388  4204.045140661083
0.00389999999999998  4201.264139861575
0.00392999999999995  4198.42425255452
0.00395000000000005  4195.5483571517
0.00398000000000002  4192.621369822828
0.004  4189.650975118727
0.00402999999999997  4186.62969881791
0.00404999999999995  4183.572781757878
0.00408000000000004  4180.472746945241
0.00410000000000002  4177.322140994071
0.00413  4174.143722119892
0.00414999999999998  4170.914934444261
0.00417999999999995  4167.650968749377
0.00420000000000005  4164.351911552796
0.00423000000000002  4161.0103271779135
0.00425  4157.633839177935
0.00427999999999997  4154.222536897277
0.00429999999999995  4150.77651055122
0.00433000000000004  4147.288352953808
0.00435000000000002  4143.773158941795
0.00438  4140.223516757775
0.00439999999999998  4136.63952006021
0.00442999999999995  4133.02873583153
0.00445000000000005  4129.38377376037
0.00448000000000002  4125.704729859775
0.0045  4121.999153513523
0.00452999999999997  4118.267122125144
0.00454999999999995  4114.508713602076
0.00458000000000004  4110.716574206335
0.00460000000000002  4106.898228785293
0.00463  4103.053756883528
0.00464999999999998  4099.183238538012
0.00467999999999995  4095.2941585249478
0.00470000000000005  4091.371782266935
0.00473000000000002  4087.430992589077
0.00475  4083.4644670808752
0.00477999999999997  4079.4722880604045
0.00479999999999995  4075.4619067149583
0.00483000000000004  4071.4260233119185
0.00485000000000002  4067.3720752180693
0.00488  4063.300124375558
0.00489999999999998  4059.202893947239
0.00492999999999995  4055.087800212682
0.00495000000000005  4050.954905898726
0.00498000000000002  4046.8042739579496
0.005  4042.635967567079
0.00502999999999997  4038.450050125387
0.00504999999999995  4034.2465852530872
0.00508000000000004  4030.0256367897287
0.00510000000000002  4025.794547387605
0.00513  4021.5388164357223
0.00514999999999998  4017.273057868281
0.00517999999999995  4012.997313155251
0.00520000000000005  4008.704376121539
0.00523000000000002  4004.394311703294
0.00525  4000.0744171388633
0.00527999999999997  3995.744734257315
0.00529999999999995  3991.398088529014
0.00533000000000004  3987.0417540632475
0.00535000000000002  3982.6757729222118
0.00538  3978.2929945009955
0.00539999999999998  3973.907854358058
0.00542999999999995  3969.506017253671
0.00545000000000005  3965.101887120808
0.00548000000000002  3960.688321523386
0.0055  3956.2582099780016
0.00552999999999997  3951.825908730309
0.00554999999999995  3947.384299408616
0.00558000000000004  3942.9334245780788
0.00560000000000002  3938.4804475884252
0.00563  3934.018274229196
0.00564999999999998  3929.546947171527
0.00567999999999995  3925.07360562998
0.00570000000000005  3920.591179662882
0.00573000000000002  3916.106792323503
0.00575  3911.620462061447
0.00577999999999997  3907.1251432609943
0.00579999999999995  3902.6279346542738
0.00583000000000004  3898.121806892194
0.00585000000000002  3893.6208820825204
0.00588  3889.1110912340914
0.00589999999999998  3884.5995005275477
0.00592999999999995  3880.0791131994756
0.00595000000000005  3875.563986105205
0.00598000000000002  3871.0471142976494
0.006  3866.5285161336265
0.00602999999999997  3862.0082099579
0.00604999999999995  3857.486214103062
0.00608000000000004  3852.9625468894164
0.00610000000000002  3848.4441845722567
0.00613  3843.9172213674547
0.00614999999999998  3839.3955832745355
0.00617999999999995  3834.872330607356
0.00620000000000005  3830.3544068556916
0.00623000000000002  3825.834888658932
0.00625  3821.3207031396646
0.00627999999999997  3816.7980425053183
0.00629999999999995  3812.287627167546
0.00633000000000004  3807.7756574802006
0.00635000000000002  3803.262151588441
0.00638  3798.7608638527763
0.00639999999999998  3794.2511835702007
0.00642999999999995  3789.7537087680234
0.00645000000000005  3785.254721285323
0.00648000000000002  3780.7610747534927
0.0065  3776.272762832049
0.00652999999999997  3771.7897791880364
0.00654999999999995  3767.3053062345584
0.00658000000000004  3762.832968262555
0.00660000000000002  3758.359144517728
0.00663  3753.897426937623
0.00664999999999998  3749.4342271129344
0.00667999999999995  3744.976333813814
0.00670000000000005  3740.5305035716387
0.00673000000000002  3736.083196362874
0.00675  3731.647923565099
0.00677999999999997  3727.2179160796195
0.00679999999999995  3722.7931676557464
0.00683000000000004  3718.37367205021
0.00685000000000002  3713.9594230271523
0.00688  3709.5571211991382
0.00689999999999998  3705.160037592214
0.00692999999999995  3700.7748569837927
0.00695000000000005  3696.3948663830292
0.00698000000000002  3692.020059647375
0.007  3687.650430641555
0.00702999999999997  3683.292632592646
0.00704999999999995  3678.9466357712563
0.00708000000000004  3674.6057668857266
0.00710000000000002  3670.276655707835
0.00713  3665.952644724299
0.00714999999999998  3661.6403481344864
0.00717999999999995  3657.333124142081
0.00720000000000005  3653.0375714343913
0.00723000000000002  3648.7536607799098
0.00725  3644.4747738598235
0.00727999999999997  3640.207486240403
0.00729999999999995  3635.9517689186973
0.00733000000000004  3631.7075929884095
0.00735000000000002  3627.4683712023107
0.00738  3623.2406485592514
0.00739999999999998  3619.030939549411
0.00742999999999995  3614.8195860760816
0.00745000000000005  3610.626189161518
0.00748000000000002  3606.4441772404534
0.0075  3602.273522012866
0.00752999999999997  3598.107689919694
0.00754999999999995  3593.9596710555415
0.00758000000000004  3589.8164341662437
0.00760000000000002  3585.690939511739
0.00763  3581.576661418549
0.00764999999999998  3577.4671041126526
0.00767999999999995  3573.375183416624
0.00770000000000005  3569.294396322758
0.00773000000000002  3565.2247153688595
0.00775  3561.166113184277
0.00777999999999997  3557.1249937349035
0.00779999999999995  3553.0884600436457
0.00783000000000004  3549.0693402566353
0.00785000000000002  3545.0611761805358
0.00787999999999999  3541.063940957165
0.00789999999999998  3537.0776078178933
0.00792999999999995  3533.1085379071487
0.00795000000000005  3529.1503024862895
0.00798000000000002  3525.2028751122443
0.008  3521.26622943013
0.00802999999999997  3517.3466984995234
0.00804999999999995  3513.444234939762
0.00808000000000004  3509.546101127148
0.00810000000000002  3505.6649686586284
0.00812999999999999  3501.800790680032
0.00814999999999998  3497.9471963088467
0.00817999999999995  3494.1041599713517
0.00820000000000005  3490.2779665657513
0.00823000000000002  3486.462266493298
0.00825  3482.6570344923184
0.00827999999999997  3478.8748249137234
0.00829999999999995  3475.0967228625573
0.00833000000000004  3471.3352761434076
0.00835000000000002  3467.590439540553
0.00838  3463.855905440145
0.00839999999999998  3460.137905143466
0.00842999999999995  3456.436394029554
0.00845000000000005  3452.745085165248
0.00848000000000002  3449.063954314438
0.0085  3445.4054358257836
0.00852999999999997  3441.7507980298933
0.00854999999999996  3438.1186850260706
0.00858000000000004  3434.496614560794
0.00860000000000002  3430.8907659788792
0.00863  3427.294899660343
0.00864999999999998  3423.715182188875
0.00867999999999995  3420.151570822518
0.00870000000000005  3416.60402303851
0.00873000000000002  3413.0663257325614
0.00875  3409.544620340939
0.00877999999999997  3406.038864906943
0.00879999999999995  3402.542865916492
0.00883000000000004  3399.06274619085
0.00885000000000002  3395.5984643334323
0.00888  3392.1499791616384
0.00889999999999998  3388.7172497060415
0.00892999999999995  3385.294114621667
0.00895000000000004  3381.8866662611567
0.00898000000000002  3378.494864204938
0.009  3375.118668243694
0.00902999999999997  3371.7519422738133
0.00904999999999995  3368.4068447595537
0.00908000000000004  3365.0711499130257
0.00910000000000002  3361.7509143780044
0.00913  3358.446098901132
0.00914999999999998  3355.156664434899
0.00917999999999995  3351.876511967765
0.00920000000000004  3348.6177290917362
0.00923000000000002  3345.36816288163
0.00925  3342.1338351922313
0.00927999999999997  3338.920744645813
0.00929999999999995  3335.7167740706755
0.00933000000000004  3332.527928311626
0.00935000000000002  3329.3481504211463
0.00938  3326.1894476760217
0.00939999999999998  3323.045757788709
0.00942999999999995  3319.917043845713
0.00945000000000005  3316.7972723846387
0.00948000000000002  3313.698405980622
0.0095  3310.6084203772166
0.00952999999999997  3307.5332761110976
0.00954999999999995  3304.472937167457
0.00958000000000004  3301.433336682834
0.00960000000000002  3298.4024956349854
0.00963  3295.386353052509
0.00964999999999998  3292.384873692052
0.00967999999999995  3289.398022501421
0.00970000000000005  3286.4257646188944
0.00973000000000002  3283.4680653725527
0.00975  3280.5248902796056
0.00977999999999997  3277.5962050457174
0.00979999999999995  3274.6819755643473
0.00983000000000004  3271.7821679160875
0.00985000000000002  3268.890838236396
0.00987999999999999  3266.0197784322395
0.00989999999999998  3263.1630397933245
0.00992999999999995  3260.3205891423063
0.00995000000000005  3257.486503973073
0.00998000000000002  3254.672535588359
0.01  3249.592365879338
0.01003  3246.8086975412425
0.01005  3244.0450093192344
0.01008  3241.3129747488115
0.0101  3238.6242285856983
0.01013  3235.996218803354
0.01015  3233.458031314212
0.0101799999999999  3231.021141341956
0.0102  3228.708672622866
0.01023  3226.5436947359603
0.01025  3224.537572981702
0.01028  3222.684186195459
0.0103  3221.012390068272
0.01033  3219.5102613266977
0.01035  3218.183381802336
0.01038  3217.0373517254043
0.0104  3216.060349008523
0.0104299999999999  3215.2580330330043
0.01045  3214.624461174752
0.01048  3214.1479114246263
0.0105  3213.8341245599845
0.01053  3213.671432320286
0.01055  3213.665622035478
0.01058  3213.7992612438434
0.0106  3214.0781783627262
0.01063  3214.49078765215
0.01065  3215.0429533580746
0.0106799999999999  3215.7114913787595
0.0107  3216.5139205075193
0.01073  3217.438706676998
0.01075  3218.4801363125434
0.01078  3219.644143582431
0.0108  3220.919214416795
0.01083  3222.305480420872
0.01085  3223.808913329417
0.01088  3225.4180134874946
0.0109  3227.1329383972643
0.01093  3228.9655318389628
0.01095  3230.8984688489195
0.01098  3232.949463739714
0.011  3235.1128907709217
0.01103  3237.3831207017347
0.01105  3239.772091237477
0.01108  3242.2917868867316
0.0111  3244.94250984726
0.01113  3247.730450062783
0.01115  3250.6853433178812
0.01118  3253.854704019435
0.0112  3257.268599490395
0.01123  3261.0221257361204
0.01125  3265.228612928568
0.01128  3270.049428255217
0.0113  3275.688631679394
0.01133  3282.39967251196
0.01135  3290.498439093399
0.01138  3300.3292632154726
0.0114  3312.2309022254535
0.01143  3326.5202188126655
0.01145  3343.4513704986616
0.01148  3363.2160355218152
0.0115  3385.936836776577
0.01153  3411.653506333522
0.01155  3440.350985265576
0.01158  3471.9880564945797
0.0116  3506.476353657047
0.01163  3543.709042300622
0.01165  3583.584616524331
0.01168  3626.012691601584
0.0117  3670.913750516394
0.01173  3718.212328654812
0.01175  3767.8843074241263
0.01178  3819.918450806597
0.0118  3874.32394799941
0.01183  3931.152911864553
0.01185  3990.474494526057
0.01188  4052.376028828775
0.0119  4116.994088626843
0.0119299999999999  4184.465412840157
0.01195  4254.9575978658195
0.01198  4328.640335029715
0.012  4405.725308606866
0.01203  4486.404989182372
0.01205  4570.916797394635
0.01208  4659.462978412474
0.0121  4752.284197446169
0.01213  4849.592965744935
0.01215  4951.624006520986
0.0121799999999999  5058.562977069121
0.0122  5170.577855728647
0.01223  5287.844931740669
0.01225  5410.4316416081665
0.01228  5538.383035794263
0.0123  5671.6466000478085
0.01233  5810.101760712219
0.01235  5953.475891609979
0.01238  6101.4248790192105
0.0124  6253.423617136476
0.0124299999999999  6408.8381501658005
0.01245  6566.9158806331525
0.01248  6726.776177796346
0.0125  6887.439104423842
0.01253  7047.860548412656
0.01255  7206.974079029107
0.01258  7363.739529889994
0.0126  7517.170779364109
0.01263  7666.352120798677
0.01265  7810.525516773812
0.0126799999999999  7949.0701921974805
0.0127  8081.491035192058
0.01273  8207.401282143886
0.01275  8326.556713296404
0.01278  8438.809636196971
0.0128  8543.987411471577
0.01283  8642.070544428181
0.01285  8732.995877863197
0.01288  8816.749187191877
0.0129  8893.378391350718
0.01293  8962.921078415415
0.01295  9025.441036240272
0.01298  9081.032087991767
0.013  9129.831884466423
0.01303  9171.987872777863
0.01305  9207.643848363441
0.01308  9236.968122221379
0.0131  9260.16393503959
0.01313  9277.426243956465
0.01315  9288.946725578879
0.01318  9294.939196993479
0.0132  9295.641679618928
0.01323  9291.264632968301
0.01325  9282.056886912373
0.01328  9268.237238963551
0.0133  9250.067142123105
0.01333  9227.755791465257
0.01335  9201.599519172674
0.01338  9171.815412504713
0.0134  9138.650695657903
0.01343  9102.360003757018
0.01345  9063.207699062263
0.01348  9021.439138180045
0.0135  8977.269010785643
0.01353  8930.970276893999
0.01355  8882.77569285687
0.01358  8832.897444624174
0.0136  8781.551042788302
0.01363  8728.945313743327
0.01365  8675.294734663601
0.0136799999999999  8620.769003997995
0.0137  8565.559163382379
0.01373  8509.80125551964
0.01375  8453.675691359722
0.01378  8397.323612758777
0.0138  8340.849515387366
0.01383  8284.400231279687
0.01385  8228.069670853396
0.01388  8171.974385460224
0.0139  8116.1881622209585
0.0139299999999999  8060.791509573581
0.01395  8005.854020990658
0.01398  7951.441901179536
0.014  7897.613774956902
0.01403  7844.4195095002315
0.01405  7791.879368303013
0.01408  7740.0409693110905
0.0141  7688.922776196284
0.01413  7638.542678842639
0.01415  7588.931737221629
0.0141799999999999  7540.079233729714
0.0142  7492.0152876692
0.01423  7444.715348670131
0.01425  7398.208923812291
0.01428  7352.471559941343
0.0143  7307.505778779686
0.01433  7263.313995690025
0.01435  7219.872422356015
0.01438  7177.170776884959
0.0144  7135.2118869860615
0.0144299999999999  7093.972835734319
0.01445  7053.44396104362
0.01448  7013.603117924818
0.0145  6974.428638548117
0.01453  6935.924396810124
0.01455  6898.056750551084
0.01458  6860.817581177853
0.0146  6824.1865916829665
0.01463  6788.131629544556
0.01465  6752.657829076889
0.01468  6717.721622248806
0.0147  6683.316573562007
0.01473  6649.424341869705
0.01475  6616.026941969874
0.01478  6583.094831590338
0.0148  6550.622724987412
0.01483  6518.5936392610965
0.01485  6486.967450171674
0.01488  6455.751479147611
0.0149  6424.941274820971
0.01493  6394.486210590963
0.01495  6364.382625463132
0.01498  6334.626909972446
0.015  6305.204105707318
0.01503  6276.099514734956
0.01505  6247.309988189364
0.01508  6218.821175389418
0.0151  6190.618970709548
0.01513  6162.711792025888
0.01515  6135.085706889008
0.01518  6107.73805979898
0.0152  6080.6552344410775
0.01523  6053.8457315423675
0.01525  6027.2851972078615
0.01528  6001.003938324793
0.0153  5974.977709290991
0.01533  5949.2149393701275
0.01535  5923.713191172381
0.01538  5898.491386369177
0.0154  5873.515019006878
0.01543  5848.803027334229
0.01545  5824.363491846259
0.01548  5800.193863037048
0.0155  5776.281181916642
0.01553  5752.654296957975
0.01555  5729.310504461804
0.01558  5706.226505673799
0.0156  5683.4204721000415
0.01563  5660.889811349233
0.01565  5638.652357413368
0.01568  5616.6951984788875
0.0157  5595.005621707927
0.01573  5573.621492868077
0.01575  5552.509829861031
0.01578  5531.678154136066
0.0158  5511.143839672308
0.01583  5490.894224589278
0.01585  5470.91683656434
0.01588  5451.228954518376
0.0159  5431.827973206566
0.01593  5412.70154475626
0.01595  5393.866756663527
0.01598  5375.301593312423
0.016  5357.013404747801
0.01603  5339.0094490937
0.01605  5321.268034586216
0.01608  5303.806122250176
0.0161  5286.602228681072
0.01613  5269.663740149566
0.01615  5252.988460934896
0.01618  5236.564765994591
0.0162  5220.4000619513145
0.01623  5204.482855690947
0.01625  5188.811185719538
0.01628  5173.383124412397
0.0163  5158.196777619788
0.01633  5143.240985336677
0.01635  5128.523271356066
0.01638  5114.023346127422
0.0164  5099.748819380808
0.01643  5085.707225971817
0.01645  5071.869349972771
0.01648  5058.242882868272
0.0165  5044.835442734935
0.01653  5031.627286353496
0.01655  5018.626107015708
0.01658  5005.830477825276
0.0166  4993.220941271835
0.01663  4980.805259672825
0.01665  4968.591127051497
0.0166799999999999  4956.55032674721
0.0167  4944.69962282986
0.01673  4933.03779036928
0.01675  4921.554727626123
0.01678  4910.240435709685
0.0168  4899.111587845146
0.01683  4888.140526970826
0.01685  4877.3351235012005
0.01688  4866.711984686615
0.0169  4856.243682638812
0.0169299999999999  4845.929317108755
0.01695  4835.785488367482
0.01698  4825.785041516999
0.017  4815.953295833629
0.01703  4806.254545056903
0.01705  4796.705410660263
0.01708  4787.3050779487185
0.0171  4778.052745929605
0.01713  4768.930382798249
0.01715  4759.954523879357
0.0171799999999999  4751.107227080499
0.0172  4742.387837933984
0.01723  4733.79571219168
0.01725  4725.338759109487
0.01728  4716.999252836679
0.0173  4708.77662454673
0.01733  4700.678812790406
0.01735  4692.696738217394
0.01738  4684.821388107759
0.0174  4677.069182536717
0.0174299999999999  4669.414226764326
0.01745  4661.864513647022
0.01748  4654.419572967714
0.0175  4647.070539640271
0.01753  4639.833774228751
0.01755  4632.6836605023445
0.01758  4625.636558604867
0.0176  4618.666980146592
0.01763  4611.799621069422
0.01765  4605.025730577895
0.0176799999999999  4598.32829911334
0.0177  4591.715323646779
0.01773  4585.186467661204
0.01775  4578.741399224294
0.01778  4572.371524144782
0.0178  4566.08480910905
0.01783  4559.872691104827
0.01785  4553.7348890611665
0.01788  4547.662903367544
0.0179  4541.672915252793
0.0179299999999999  4535.74822068626
0.01795  4529.896774629697
0.01798  4524.110133866074
0.018  4518.388069232832
0.01803  4512.730354308983
0.01805  4507.144914271704
0.01808  4501.623359286493
0.0181  4496.149213386757
0.01813  4490.7466776358915
0.01815  4485.399290641387
0.0181799999999999  4480.114970788246
0.0182  4474.877328989946
0.01823  4469.702378371622
0.01825  4464.589915521547
0.01828  4459.53167683126
0.0183  4454.519437445298
0.01833  4449.569144628643
0.01835  4444.664532449032
0.01838  4439.805461927728
0.0184  4435.007832355317
0.0184299999999999  4430.263446081769
0.01845  4425.5561405072895
0.01848  4420.901794057411
0.0185  4416.292265482183
0.01853  4411.735401126789
0.01855  4407.215111393742
0.01858  4402.747213689297
0.0186  4398.323605875513
0.01863  4393.936219308288
0.01865  4389.600827120714
0.01868  4385.301426794338
0.0187  4381.05376270661
0.01873  4376.841866019506
0.01875  4372.665641455125
0.01878  4368.532892862815
0.0188  4364.443504467252
0.01883  4360.389478223933
0.01885  4356.370722675675
0.01888  4352.395016300101
0.0189  4348.4465240261825
0.01893  4344.540888107607
0.01895  4340.670151568941
0.01898  4336.842068321244
0.019  4333.033029244843
0.01903  4329.274299126726
0.01905  4325.542291119426
0.01908  4321.8447555708735
0.0191  4318.181609555283
0.01913  4314.54497029634
0.01915  4310.942570177011
0.01918  4307.366540837893
0.0192  4303.832384182266
0.01923  4300.316677113681
0.01925  4296.8426850455935
0.01928  4293.39478662523
0.0193  4289.965167299851
0.01933  4286.577037894047
0.01935  4283.214816348296
0.01938  4279.878445882498
0.0194  4276.567870181419
0.01943  4273.283033393106
0.01945  4270.031600300418
0.01948  4266.805784121744
0.0195  4263.605530524297
0.01953  4260.423082817066
0.01955  4257.273798902876
0.01958  4254.149917259776
0.0196  4251.051385372845
0.01963  4247.97047087721
0.01965  4244.9148134939815
0.01968  4241.884361919393
0.0197  4238.886729159931
0.01973  4235.898873213461
0.01975  4232.936082584115
0.01978  4229.998307610964
0.0198  4227.08549907459
0.01983  4224.1899708900055
0.01985  4221.319322388848
0.01988  4218.465878576797
0.0199  4215.637229023733
0.01993  4212.833326429278
0.01995  4210.046512192752
0.01998  4207.27675486259
0.02  4204.524023192948
0.02003  4201.803479764101
0.02005  4199.092288582418
0.02008  4196.4131949871335
0.0201  4193.743392944762
0.02013  4191.090444341325
0.02015  4188.4618920313
0.02018  4185.850124220838
0.0202  4183.255111561394
0.02023  4180.676824904376
0.02025  4178.122789303509
0.02028  4175.585412816804
0.0203  4173.064666982491
0.02033  4170.560523536388
0.02035  4168.072954411371
0.02038  4165.6019317368555
0.0204  4163.154954779493
0.02043  4160.716937769851
0.02045  4158.295384802747
0.02048  4155.897782608854
0.0205  4153.5090723330595
0.02053  4151.144250667866
0.02055  4148.780775425999
0.02058  4146.44863270501
0.0206  4144.125293480784
0.02063  4141.818232786388
0.02065  4139.527424879491
0.0206799999999999  4137.252844208309
0.0207  4134.986989383781
0.02073  4132.744791342369
0.02075  4130.5038091335755
0.02078  4128.293897668318
0.0208  4126.085168554876
0.02083  4123.899989026181
0.02085  4121.723418804553
0.02088  4119.562893604909
0.0209  4117.418389395992
0.0209299999999999  4115.282441931178
0.02095  4113.169912174152
0.02098  4111.058466858361
0.021  4108.962963339015
0.02103  4106.890803555649
0.02105  4104.819688767385
0.02108  4102.771871714694
0.0211  4100.725076279272
0.02113  4098.701533141569
0.02115  4096.686395307892
0.0211799999999999  4094.687054512799
0.0212  4092.696089025365
0.02123  4090.72088355687
0.02125  4088.754023781589
0.02128  4086.7954985763995
0.0213  4084.860067625114
0.02133  4082.925553258222
0.02135  4081.014090295789
0.02138  4079.1108971945428
0.0214  4077.215963217494
0.0214299999999999  4075.3366458440646
0.02145  4073.4581947072597
0.02148  4071.602693614916
0.0215  4069.7480377219426
0.02153  4067.9162908555595
0.02155  4066.0853684374097
0.02158  4064.2773145709757
0.0216  4062.4700646863785
0.02163  4060.678301741826
0.02165  4058.8946674986614
0.0216799999999999  4057.1191519382105
0.0217  4055.351745090216
0.02173  4053.6070947791422
0.02175  4051.863195032976
0.02178  4050.1346907190828
0.0218  4048.4069237763747
0.02183  4046.701843036207
0.02185  4044.997480430452
0.02188  4043.301145903425
0.0219  4041.6201371633156
0.0219299999999999  4039.954435683912
0.02195  4038.2821195162073
0.02198  4036.632390123884
0.022  4034.9906299046993
0.02203  4033.3568296820954
0.02205  4031.7236909983667
0.02208  4030.10578635188
0.0221  4028.495814438952
0.02213  4026.9010468656584
0.02215  4025.3141883422895
0.0221799999999999  4023.727955143442
0.0222  4022.156891045911
0.02223  4020.593709562131
0.02225  4019.038401977241
0.02228  4017.490959622454
0.0223  4015.9513738749843
0.02233  4014.4268942003882
0.02235  4012.9029932275903
0.02238  4011.3869232831
0.0224  4009.878675927311
0.0224299999999999  4008.378242766223
0.02245  4006.9001043063904
0.02248  4005.415269165585
0.0225  4003.9382233384763
0.02253  4002.47619504835
0.02255  4001.014700614293
0.02258  3999.5682021844204
0.0226  3998.1222267113135
0.02263  3996.691225945882
0.02265  3995.260737361688
0.02268  3993.837981593295
0.0227  3992.422950743215
0.02273  3991.0228526868173
0.02275  3989.616032431458
0.02278  3988.231340079135
0.0228  3986.8471283176486
0.02283  3985.4706026699473
0.02285  3984.0945522907477
0.02288  3982.733378484687
0.0229  3981.379868020098
0.02293  3980.026817538743
0.02295  3978.681420299276
0.02298  3977.3508598598373
0.023  3976.020744389697
0.02303  3974.6982599535127
0.02305  3973.3833992317977
0.02308  3972.076154948835
0.0231  3970.769340749618
0.02313  3969.4701332537147
0.02315  3968.1785252751165
0.02318  3966.894509671375
0.0232  3965.618079343534
0.02323  3964.342059733542
0.02325  3963.080781114652
0.02328  3961.8127408494047
0.0233  3960.559427598715
0.02333  3959.3136692299904
0.02335  3958.0754588629743
0.02338  3956.8376357259285
0.0234  3955.6073513950496
0.02343  3954.377449591754
0.02345  3953.1622247372497
0.02348  3951.9473733350687
0.0235  3950.7400381676907
0.02353  3949.533071845864
0.02355  3948.340751362718
0.02358  3947.1487908279787
0.0236  3945.964324395786
0.02363  3944.780213400087
0.02365  3943.6035877288405
0.02368  3942.4344408953393
0.0237  3941.2656406748506
0.02373  3940.1043106325747
0.02375  3938.9504443686214
0.02378  3937.8040355254566
0.0238  3936.6579603379837
0.02383  3935.519334087465
0.02385  3934.3810371695295
0.02388  3933.257292053308
0.0239  3932.1267586457425
0.02393  3931.010764627604
0.02395  3929.8950873445874
0.02398  3928.7868299128704
0.024  3927.6788850173684
0.02403  3926.578351783111
0.02405  3925.4781269175946
0.0240799999999999  3924.392400843567
0.0240999999999999  3923.306975064452
0.0241300000000001  3922.2147581605363
0.0241500000000001  3921.137024058752
0.0241800000000001  3920.0666735335462
0.0242  3918.99661518131
0.02423  3917.933932506434
0.02425  3916.8786196667897
0.02428  3915.816511311659
0.0243  3914.761768808783
0.0243299999999999  3913.7143863607157
0.0243499999999999  3912.6743582114836
0.0243800000000001  3911.62753424369
0.0244000000000001  3910.595130968975
0.0244300000000001  3909.57006864078
0.02445  3908.538208396864
0.02448  3907.513685238225
0.0245  3906.496493537459
0.02453  3905.4795666288437
0.02455  3904.4699636848786
0.0245799999999999  3903.4606217327046
0.0245999999999999  3902.451540704852
0.0246300000000001  3901.4638819150005
0.0246500000000001  3900.4623690587787
0.0246800000000001  3899.4681634909484
0.0247  3898.48125975435
0.02473  3897.494605790014
0.02475  3896.5152463941076
0.02478  3895.5361330908636
0.0248  3894.5643071505488
0.0248299999999999  3893.5927236532825
0.0248499999999999  3892.628420370623
0.0248800000000001  3891.6573198222836
0.0249000000000001  3890.700530216179
0.0249300000000001  3889.7439758431065
0.02495  3888.787656645232
0.02498  3887.845630921641
0.025  3886.89680591372
0.02503  3883.5461450405705
0.02505  3882.5000947036297
0.0250799999999999  3881.517485360468
0.0250999999999999  3880.563188699509
0.0251300000000001  3879.616140964647
0.0251500000000001  3878.6833495821925
0.0251800000000001  3877.7507824744434
0.0252  3876.832458121009
0.02523  3875.9213588699063
0.02525  3875.010473737381
0.02528  3874.0998026731104
0.0253  3873.2033510375577
0.0253299999999999  3872.2931046674553
0.0253499999999999  3871.4040705534326
0.0253800000000001  3870.5082426998133
0.0254000000000001  3869.6266146146536
0.0254300000000001  3868.738192696184
0.02545  3867.856967794714
0.02548  3866.982935084766
0.0255  3866.1090998829427
0.02553  3865.2424504631026
0.02555  3864.369008564471
0.0255799999999999  3863.509734399341
0.0255999999999999  3862.6436676683306
0.0256300000000001  3861.784777146909
0.0256500000000001  3860.9260776068436
0.0256800000000001  3860.0675690056682
0.0257  3859.2232061598274
0.02573  3858.3720521029745
0.02575  3857.528060139625
0.02578  3856.684252793627
0.0258  3855.847601357297
0.0258299999999999  3855.0111314203027
0.0258499999999999  3854.1748429432682
0.0258800000000001  3853.345702696123
0.0259000000000001  3852.5167408201137
0.0259300000000001  3851.6879572768694
0.02595  3850.8663143546087
0.02598  3850.044846705396
0.026  3849.223554291844
0.02603  3848.4024370765696
0.02605  3847.588451422441
0.0260799999999999  3846.781592877994
0.0260999999999999  3845.9679500528578
0.0261300000000001  3845.15447932344
0.0261500000000001  3844.3550817494593
0.0261800000000001  3843.5489012588064
0.0262  3842.7498374803117
0.02623  3841.9439936174113
0.02625  3841.1522082586043
0.02628  3840.36058607866
0.0263  3839.562185142564
0.0263299999999999  3838.77089065012
0.0263499999999999  3837.9866982757467
0.0263800000000001  3837.20266609788
0.0264000000000001  3836.4187940837915
0.0264300000000001  3835.6350822007644
0.02645  3834.8515304160865
0.02648  3834.0750706652398
0.0265  3833.298768127714
0.02653  3832.522622771679
0.02655  3831.7466345653065
0.0265799999999999  3830.977729845008
0.0265999999999999  3830.2089794184353
0.0266300000000001  3829.440383254628
0.0266500000000001  3828.678863534533
0.0266800000000001  3827.9105744143376
0.0267  3827.149358910911
0.02673  3826.3952128653277
0.02675  3825.6342987055937
0.02678  3824.873535860693
0.0268  3824.1198382697685
0.0268299999999999  3823.3662891961867
0.0268499999999999  3822.6197998678595
0.0268800000000001  3821.8734562870955
0.0269000000000001  3821.1203498667605
0.0269300000000001  3820.3742990446117
0.02695  3819.6283938844103
0.02698  3818.882634357716
0.027  3818.1439236009337
0.02703  3817.398453908156
0.02705  3816.666930740287
0.0270799999999999  3815.928648581148
0.0270999999999999  3815.197407070188
0.0271300000000001  3814.466305686102
0.0271500000000001  3813.728449207863
0.0271800000000001  3812.9976293182863
0.0272  3812.266949474788
0.02723  3811.53640965053
0.02725  3810.8128997291046
0.02728  3810.089527145106
0.0273  3809.3662918724667
0.0273299999999999  3808.6431938851206
0.0273499999999999  3807.9271178499666
0.0273800000000001  3807.211176446718
0.0274000000000001  3806.48848754569
0.0274300000000001  3805.772816624246
0.02745  3805.0572802585402
0.02748  3804.3418784232736
0.0275  3803.6334880232744
0.02753  3802.9252295296533
0.02755  3802.2102285485375
0.0275799999999999  3801.5091081633027
0.0275999999999999  3800.79437343201
0.0276300000000001  3800.0866435979005
0.0276500000000001  3799.38591479772
0.0276800000000001  3798.6853152106073
0.0277  3797.9779780953036
0.02773  3797.277638129059
0.02775  3796.5774273041825
0.02778  3795.884208516362
0.0278  3795.1773929832802
0.0278299999999999  3794.4844298283588
0.0278499999999999  3793.79845235037
0.0278800000000001  3793.098883080781
0.0279000000000001  3792.4062994419214
0.0279300000000001  3791.713842262221
0.02795  3791.0215115185915
0.02798  3790.336160076633
0.028  3789.644080884616
0.02803  3788.9589784584095
0.02805  3788.27399988693
0.0280799999999999  3787.589145147787
0.0280999999999999  3786.8975675344664
0.0281300000000001  3786.2198070769673
0.0281500000000001  3785.53532370053
0.0281800000000001  3784.8578070507892
0.0282  3784.1735699005153
0.02823  3783.4962969708276
0.02825  3782.8191452561464
0.02828  3782.1352766608375
0.0283  3781.458368534933
0.0283299999999999  3780.7815815587437
0.0283499999999999  3780.1117501136478
0.0283800000000001  3779.435204148656
0.0284000000000001  3778.7656112378177
0.0284300000000001  3778.089306198196
0.02845  3777.4267812853345
0.02848  3776.7575442016596
0.0285  3776.0884256850145
0.02853  3775.4194257143936
0.02855  3774.7505442687934
0.0285799999999999  3774.0817813272165
0.0285999999999999  3773.4131368686662
0.0286300000000001  3772.744610872152
0.0286500000000001  3772.0898431034275
0.0286800000000001  3771.4215515514998
0.0287  3770.760195894632
0.02873  3770.092139912915
0.02875  3769.437832486108
0.02878  3768.776824693781
0.0288  3768.115932815635
0.0288299999999999  3767.461968363731
0.0288499999999999  3766.801307058503
0.0288800000000001  3766.1407616066967
0.0289000000000001  3765.4871399499134
0.0289300000000001  3764.826824950164
0.02895  3764.1802369289016
0.02898  3763.520151107379
0.029  3762.866984263064
0.02903  3762.213930777229
0.02905  3761.5609906302016
0.0290799999999999  3760.908163802311
0.0290999999999999  3760.2554502738903
0.0291300000000001  3759.609647360747
0.0291500000000001  3758.9639553606544
0.0291800000000001  3758.311579253702
0.0292  3757.666110189571
0.02923  3757.01395932638
0.02925  3756.368713121237
0.02928  3755.723577733535
0.0293  3755.0717640009398
0.0293299999999999  3754.426851357019
0.0293499999999999  3753.7888362847543
0.0293800000000001  3753.137358330611
0.0294000000000001  3752.4995623905907
0.0294300000000001  3751.855091507958
0.02945  3751.217513472188
0.02948  3750.5664817765305
0.0295  3749.9291227228996
0.02953  3749.291871979991
0.02955  3748.6479520003063
0.0295799999999999  3748.010918975379
0.0295999999999999  3747.367218992232
0.0296300000000001  3746.7304036109003
0.0296500000000001  3746.0936964479006
0.0296800000000001  3745.457097484843
0.0297  3744.8206067033393
0.02973  3744.1842240850074
0.02975  3743.5479496114635
0.02978  3742.911783264333
0.0298  3742.2757250252384
0.0298299999999999  3741.6397748758104
0.0298499999999999  3741.0106965064388
0.0298800000000001  3740.3749613318373
0.0299000000000001  3739.739334192001
0.0299300000000001  3739.1105753419306
0.02995  3738.4751630677315
0.02998  3737.8398587734255
0.03  3737.2114192803674
0.03003  3736.576329742564
0.03005  3735.948102685452
0.0300799999999999  3735.313227831557
0.0300999999999999  3734.6919654231365
0.0301300000000001  3734.064055182421
0.0301500000000001  3733.4295004974224
0.0301800000000001  3732.8018025137453
0.0302  3732.174210064338
0.03023  3731.5467231314583
0.03025  3730.919341697365
0.03028  3730.292065744321
0.0303  3729.6648952545916
0.0303299999999999  3729.044572284576
0.0303499999999999  3728.4108705941558
0.0303800000000001  3727.7840163879937
0.0304000000000001  3727.164006248325
0.0304300000000001  3726.5373616762918
0.03045  3725.9108224614192
0.03048  3725.2911238739284
0.0305  3724.6647941878437
0.03053  3724.0385698059786
0.03055  3723.419182614112
0.0305799999999999  3722.7931676557464
0.0305999999999999  3722.17398760087
0.0306300000000001  3721.5481819959687
0.0306500000000001  3720.9292090088106
0.0306800000000001  3720.3036126873612
0.0307  3719.684846698675
0.03073  3719.059459590688
0.03075  3718.4409005312473
0.03078  3717.8157225667574
0.0308  3717.204091034022
0.0308299999999999  3716.5791210131474
0.0308499999999999  3715.9609744870136
0.0308800000000001  3715.336213470153
0.0309000000000001  3714.718273666102
0.0309300000000001  3714.1004366386455
0.03095  3713.4827023706894
0.03098  3712.865070845142
0.031  3712.247542044915
0.03103  3711.623405363951
0.03105  3711.0060830792268
0.0310799999999999  3710.3955718253183
0.0310999999999999  3709.7717465143623
0.0311300000000001  3709.1547322000715
0.0311500000000001  3708.5378205084467
0.0311800000000001  3707.9143075394686
0.0312  3707.304304924922
0.03123  3706.687700998894
0.03125  3706.0711996272744
0.03128  3705.454800793007
0.0313  3704.831806169228
0.0313299999999999  3704.222310668314
0.0313499999999999  3703.6062193437892
0.0313800000000001  3702.9902304884163
0.0314000000000001  3702.3743440851526
0.0314300000000001  3701.758560116959
0.03145  3701.1428785667968
0.03148  3700.5272994176335
0.0315  3699.911822652437
0.03153  3699.296448254178
0.03155  3698.6811762058314
0.0315799999999999  3698.066006490374
0.0315999999999999  3697.450939090786
0.0316300000000001  3696.8359739900493
0.0316500000000001  3696.2211111711495
0.0316800000000001  3695.6063506170753
0.0317  3694.9916923108185
0.03173  3694.377136235372
0.03175  3693.7626823737332
0.03178  3693.148330708901
0.0318  3692.534081223879
0.0318299999999999  3691.9266088669074
0.0318499999999999  3691.312562580334
0.0318800000000001  3690.6986184227803
0.0319000000000001  3690.0847763772585
0.0319300000000001  3689.4643659012013
0.03195  3688.8507291382475
0.03198  3688.237194436201
0.032  3687.6304289758714
0.03203  3687.0170972358183
0.03205  3686.397202525764
0.0320799999999999  3685.7840758976213
0.0320999999999999  3685.171051245539
0.0321300000000001  3684.558128552556
0.0321500000000001  3683.945307801713
0.0321800000000001  3683.3325889760577
0.0322  3682.7133137389046
0.03223  3682.107457032497
0.03225  3681.488387775623
0.03228  3680.8760775882683
0.0323  3680.263869241181
0.0323299999999999  3679.6517627174258
0.0323499999999999  3679.033106334123
0.0323800000000001  3678.427855072165
0.0324000000000001  3677.8094044633012
0.0324300000000001  3677.197706169486
0.03245  3676.586109614169
0.03248  3675.9679686562336
0.0325  3675.3632216513447
0.03253  3674.7452862964096
0.03255  3674.134097630921
0.0325799999999999  3673.5163689274505
0.0325999999999999  3672.898744082124
0.0326300000000001  3672.287862536064
0.0326500000000001  3671.6770825926596
0.0326800000000001  3671.0664042350118
0.0327  3670.4491912999397
0.03273  3669.838717166852
0.03275  3669.2283445686576
0.03278  3668.6114406648253
0.0328  3667.994640480466
0.0328299999999999  3667.377943998139
0.0328499999999999  3666.7679806791057
0.0328800000000001  3666.151490433936
0.0329000000000001  3665.5351038386902
0.0329300000000001  3664.9254470233545
0.03295  3664.3092665616323
0.03298  3663.69318969775
0.033  3663.083839232095
0.03303  3662.461346693838
0.03305  3661.8522011099976
0.0330799999999999  3661.2365373502143
0.0330999999999999  3660.620977101399
0.0331300000000001  3660.005520346148
0.0331500000000001  3659.3901670670616
0.0331800000000001  3658.78153228602
0.0332  3658.159770867794
0.03323  3657.544727912828
0.03325  3656.929788364454
0.03328  3656.314952205287
0.0333  3655.7002194179445
0.0333299999999999  3655.078981627993
0.0333499999999999  3654.464456643218
0.0333800000000001  3653.8500349779497
0.0334000000000001  3653.2357166148176
0.0334300000000001  3652.6148976344466
0.03345  3652.000786933792
0.03348  3651.3867794829907
0.0335  3650.7596741571992
0.03353  3650.145875373519
0.03355  3649.5255814707066
0.0335799999999999  3648.911990173867
0.0335999999999999  3648.291905953486
0.0336300000000001  3647.6719271081993
0.0336500000000001  3647.0586474645206
0.0336800000000001  3646.4388781951648
0.0337  3645.8192142473795
0.03373  3645.199655603268
0.03375  3644.5802022449348
0.03378  3643.9608541544876
0.0338  3643.341611314038
0.0338299999999999  3642.7224737056995
0.0338499999999999  3642.103441311591
0.0338800000000001  3641.477930347384
0.0339000000000001  3640.8591094469193
0.0339300000000001  3640.2403937068643
0.03395  3639.621783109347
0.03398  3639.0032776365006
0.034  3638.378299108123
0.03403  3637.7534279163237
0.03405  3637.1352399456737
0.0340799999999999  3636.510582242357
0.0340999999999999  3635.8860318205184
0.0341300000000001  3635.26816118908
0.0341500000000001  3634.643824146132
0.0341800000000001  3634.019594329591
0.0342  3633.3954717210418
0.03423  3632.7714563020704
0.03425  3632.154114951452
0.03428  3631.5303127285874
0.0343  3630.9000529985565
0.0343299999999999  3630.2764661538417
0.0343499999999999  3629.6595487937248
0.0343800000000001  3629.029613738713
0.0344000000000001  3628.3997880102556
0.0344300000000001  3627.7831895667105
0.03445  3627.1535801577916
0.03448  3626.524080018912
0.0345  3625.9012447231644
0.03453  3625.2719619297354
0.03455  3624.642788349659
0.0345799999999999  3624.0202761552687
0.0345999999999999  3623.3913198078944
0.0346300000000001  3622.7690225462497
0.0346500000000001  3622.1337345642946
0.0346800000000001  3621.505105630184
0.0347  3620.8765857959484
0.03473  3620.2481750426537
0.03475  3619.6198733513666
0.03478  3618.9851376035244
0.0348  3618.363597079113
0.0348299999999999  3617.7290816316017
0.0348499999999999  3617.1012171342804
0.0348800000000001  3616.4669230574405
0.0349000000000001  3615.8392776103947
0.0349300000000001  3615.198668573266
0.03495  3614.5712432344567
0.03498  3613.937392813286
0.035  3613.3036535439855
0.03503  3612.6765570890234
0.03505  3612.0365083830357
0.0350799999999999  3611.403102452412
0.0350999999999999  3610.7632793611388
0.0351300000000001  3610.130096703678
0.0351500000000001  3609.49702508099
0.0351800000000001  3608.8575396845913
0.0352  3608.2246912172222
0.03523  3607.591953726023
0.03525  3606.9528058462643
0.03528  3606.3137712027083
0.0353  3605.681368810023
0.0353299999999999  3605.03604154396
0.0353499999999999  3604.3973464886544
0.0353800000000001  3603.7652801597883
0.0354000000000001  3603.1268102420404
0.0354300000000001  3602.481940178411
0.03545  3601.8436976267412
0.03548  3601.2055681508773
0.0355  3600.561041941787
0.03553  3599.916631086855
0.03555  3599.2788430244636
0.0355799999999999  3598.63466165124
0.0355999999999999  3597.9971007121085
0.0356300000000001  3597.3531487388727
0.0356500000000001  3596.7093120170193
0.0356800000000001  3596.0590888764214
0.0357  3595.4154837590922
0.03573  3594.7719938310665
0.03575  3594.128619071731
0.03578  3593.4853594604715
0.0358  3592.835719155008
0.0358299999999999  3592.192690940671
0.0358499999999999  3591.5432843274266
0.0358800000000001  3590.900487426772
0.0359000000000001  3590.2513144216828
0.0359300000000001  3589.6022587759016
0.03595  3588.9533204682084
0.03598  3588.304499477394
0.036  3587.655795782248
0.03603  3587.007209361564
0.03605  3586.3522560945257
0.0360799999999999  3585.703905331383
0.0360999999999999  3585.0491900352163
0.0361300000000001  3584.401074843989
0.0361500000000001  3583.74659743223
0.0361800000000001  3583.0922395217976
0.0362  3582.4380010908703
0.03623  3581.7838821176347
0.03625  3581.129882580278
0.03628  3580.4695289933047
0.0363  3579.815769444278
0.0363299999999999  3579.155658177285
0.0363499999999999  3578.5086084351847
0.0363800000000001  3577.848738206213
0.0364000000000001  3577.188989656065
0.0364300000000001  3576.5293627623037
0.03645  3575.8698575024964
0.03648  3575.210473854212
0.0365  3574.551211795029
0.03653  3573.8920713025227
0.03655  3573.2330523542796
0.0365799999999999  3572.567695750656
0.0365999999999999  3571.9089210147636
0.0366300000000001  3571.243810972033
0.0366500000000001  3570.578824776629
0.0366800000000001  3569.913962405489
0.0367  3569.255677013014
0.03673  3568.5910610196192
0.03675  3567.9201180071154
0.03678  3567.2622002757807
0.0368  3566.5915071069307
0.0368299999999999  3565.920940037397
0.0368499999999999  3565.2569449912626
0.0368800000000001  3564.5866288373168
0.0369000000000001  3563.916438711806
0.0369300000000001  3563.2528169153784
0.03695  3562.5764364513066
0.03698  3561.906624268942
0.037  3561.2369380202567
0.03703  3560.5609402124737
0.03705  3559.8915069704517
0.0370799999999999  3559.2157645538314
0.0370999999999999  3558.546584222886
0.0371300000000001  3557.8710971009423
0.0371500000000001  3557.1957382006863
0.0371800000000001  3556.52050749778
0.0372  3555.8389760360665
0.03723  3555.1640028752067
0.03725  3554.489157838475
0.03728  3553.808015641691
0.0373  3553.1334279999064
0.0373299999999999  3552.4461228023247
0.0373499999999999  3551.7717936764984
0.0373800000000001  3551.084751868503
0.0374000000000001  3550.4042620536675
0.0374300000000001  3549.7174847760125
0.03745  3549.037256968816
0.03748  3548.3571595128
0.0375  3547.67077821921
0.03753  3546.9909426197646
0.03755  3546.298413919644
0.0375799999999999  3545.6124308623084
0.0375999999999999  3544.9265804990378
0.0376300000000001  3544.2344548532374
0.0376500000000001  3543.5488710406303
0.0376800000000001  3542.8634198448603
0.0377  3542.1652928089
0.03773  3541.4801092474686
0.03775  3540.7886565045005
0.03778  3540.0909383040516
0.0378  3539.399756788376
0.0378299999999999  3538.7087102217442
0.0378499999999999  3538.017798577808
0.0378800000000001  3537.3142309402365
0.0379000000000001  3536.6235915600137
0.0379300000000001  3535.92669409243
0.03795  3535.229933949633
0.03798  3534.533311104562
0.038  3533.8304363896277
0.03803  3533.1277014478446
0.03805  3532.4314928511294
0.0380799999999999  3531.7290361022383
0.0380999999999999  3531.026719043383
0.0381300000000001  3530.3245416467857
0.0381500000000001  3529.616122363587
0.0381800000000001  3528.914225477216
0.0382  3528.212468169548
0.03823  3527.5044727095874
0.03825  3526.79661932088
0.03828  3526.088907974919
0.0383  3525.3813386432003
0.0383299999999999  3524.673911297225
0.0383499999999999  3523.9666259085043
0.0383800000000001  3523.253112431739
0.0384000000000001  3522.5461121503217
0.0384300000000001  3521.832886291409
0.03845  3521.119804842565
0.03848  3520.4068677745495
0.0385  3519.6877114875406
0.03853  3518.975064381951
0.03855  3518.2562005868176
0.0385799999999999  3517.5374836427286
0.0385999999999999  3516.8189135196812
0.0386300000000001  3516.1004901876836
0.0386500000000001  3515.382213616752
0.0386800000000001  3514.6577293004834
0.0387  3513.9397474598472
0.03873  3513.2155604211002
0.03875  3512.491522629894
0.03878  3511.7676340554704
0.0388  3511.043894667078
0.0388299999999999  3510.3139578110604
0.0388499999999999  3509.596863325407
0.0388800000000001  3508.867227303427
0.0389000000000001  3508.1377429708705
0.0389300000000001  3507.4084102962006
0.03895  3506.672889208007
0.03898  3505.9438610726097
0.039  3505.214984500257
0.03903  3504.48625945944
0.03905  3503.751351160894
0.0390799999999999  3503.010263558412
0.0390999999999999  3502.275664783589
0.0391300000000001  3501.5475508196646
0.0391500000000001  3500.806929348752
0.0391800000000001  3500.06646452862
0.0392  3499.326156326137
0.03923  3498.592330127029
0.03925  3497.852333722566
0.03928  3497.1061710933504
0.0393  3496.3664890302666
0.0393299999999999  3495.620643361769
0.0393499999999999  3494.8749567972327
0.0393800000000001  3494.135746664114
0.0394000000000001  3493.390376858067
0.0394300000000001  3492.638851388031
0.03945  3491.8938009000144
0.03948  3491.142597385107
0.0395  3490.391555474977
0.03953  3489.64698438062
0.03955  3488.896264218461
0.0395799999999999  3488.1457055570972
0.0395999999999999  3487.3890031870314
0.0396300000000001  3486.6324649725175
0.0396500000000001  3485.88239331736
0.0396800000000001  3485.1198808677
0.0397  3484.3701346114694
0.03973  3483.607952957851
0.03975  3482.8522349870736
0.03978  3482.090385363405
0.0398  3481.3349966067976
0.0398299999999999  3480.5671860274833
0.0398499999999999  3479.812127706771
0.0398800000000001  3479.044652997132
0.0399000000000001  3478.2836362554553
0.0399300000000001  3477.5164986555465
0.03995  3476.749530248309
0.03998  3475.982730996427
0.04  3475.2161008625917
0.04003  3474.449639809505
0.04005  3473.6770674162067
0.0400799999999999  3472.9109457978952
0.0400999999999999  3472.1324379548487
0.0401300000000001  3471.3603808104003
0.0401500000000001  3470.588495339195
0.0401800000000001  3469.8105081101016
0.0402  3469.0389672658107
0.04023  3468.2675979799596
0.04025  3467.483861830271
0.04028  3466.7065705538166
0.0403  3465.929453519478
0.0403299999999999  3465.146245728194
0.0403499999999999  3464.3694784653107
0.0403800000000001  3463.586623186862
0.0404000000000001  3462.7976840990445
0.0404300000000001  3462.0151840042795
0.04045  3461.2328607337063
0.04048  3460.4507142473653
0.0405  3459.6562344257954
0.04053  3458.8681906057054
0.04055  3458.080326286993
0.0405799999999999  3457.2926414287726
0.0405999999999999  3456.498886664525
0.0406300000000001  3455.7115620281406
0.0406500000000001  3454.9181702616015
0.0406800000000001  3454.1249606487195
0.0407  3453.331933147673
0.04073  3452.5328455615863
0.04075  3451.7339428812597
0.04078  3450.9414643304876
0.0408  3450.142929889593
0.0408299999999999  3449.344580226463
0.0408499999999999  3448.540180361989
0.0408800000000001  3447.7422015688703
0.0409000000000001  3446.9381753850025
0.0409300000000001  3446.134336703002
0.04095  3445.3306854791444
0.04098  3444.520994000018
0.041  3443.7177190136226
0.04103  3442.908406599766
0.04105  3442.105507674693
0.0410799999999999  3441.2965741486423
0.0410999999999999  3440.4816103645558
0.0411300000000001  3439.673058472645
0.0411500000000001  3438.8584791676203
0.0411800000000001  3438.0503087298052
0.0412  3437.236113722455
0.04123  3436.422111531803
0.04125  3435.6020905678074
0.04128  3434.7884753445865
0.0413  3433.9688442092784
0.0413299999999999  3433.1494086595803
0.0413499999999999  3432.33016864882
0.0413800000000001  3431.504919993612
0.0414000000000001  3430.6860724012267
0.0414300000000001  3429.8612190425524
0.04145  3429.0365640066184
0.04148  3428.2183054290836
0.0415  3427.3940454053377
0.04153  3426.563788358482
0.04155  3425.7337324343316
0.0415799999999999  3424.910069786252
0.0415999999999999  3424.0742237592785
0.0416300000000001  3423.2447709109715
0.0416500000000001  3422.4217066937094
0.0416800000000001  3421.5864679493698
0.0417  3420.751433044246
0.04173  3419.916601928591
0.04175  3419.0757928877224
0.04178  3418.241370710446
0.0418  3417.4071521731034
0.0418299999999999  3416.5669600969995
0.0418499999999999  3415.7269745876565
0.0418800000000001  3414.887195594288
0.0419000000000001  3414.0537956401745
0.0419300000000001  3413.208256952394
0.04195  3412.362927674223
0.04198  3411.5178077537985
0.042  3410.679063611843
0.04203  3409.828195778799
0.04205  3408.983703620562
0.0420799999999999  3408.139420612747
0.0420999999999999  3407.289186348707
0.0421300000000001  3406.4391641940356
0.0421500000000001  3405.589354095819
0.0421800000000001  3404.739756001154
0.0422  3403.8842156584687
0.04223  3403.0350429475525
0.04225  3402.179930963829
0.04228  3401.3188842913924
0.0423  3400.470351558
0.0423299999999999  3399.609737557464
0.0423499999999999  3398.7554862817988
0.0423800000000001  3397.895306290948
0.0424000000000001  3397.0353440002573
0.0424300000000001  3396.1755993546312
0.04245  3395.3160722989855
0.04248  3394.4567627782512
0.0425  3393.591535147784
0.04253  3392.7326620845574
0.04255  3391.8617414553673
0.0425799999999999  3391.003306180011
0.0425999999999999  3390.1328294796185
0.0426300000000001  3389.268703995037
0.0426500000000001  3388.3986725701716
0.0426800000000001  3387.5349891122773
0.0427  3386.6654027351674
0.04273  3385.7960395824584
0.04275  3384.9207796839214
0.04278  3384.0518643791147
0.0428  3383.177055366157
0.0428299999999999  3382.3085876785467
0.0428499999999999  3381.4342293188984
0.0428800000000001  3380.5600969890515
0.0429000000000001  3379.686190630578
0.0429300000000001  3378.806401326885
0.04295  3377.9268410471836
0.04298  3377.0536154099636
0.043  3376.1745114099913
0.04303  3375.2956362556147
0.04305  3374.4169898872588
0.0430799999999999  3373.532472922421
0.0430999999999999  3372.6542855352122
0.0431300000000001  3371.770230618162
0.0431500000000001  3370.886407433459
0.0431800000000001  3370.002815920362
0.0432  3369.1194560181425
0.04323  3368.230237929547
0.04325  3367.3473426632363
0.04328  3366.4646788253017
0.0433  3365.5761614170856
0.0433299999999999  3364.6817951959697
0.0433499999999999  3363.7998300630147
0.0433800000000001  3362.9120159933873
0.0434000000000001  3362.024436246212
0.0434300000000001  3361.1249369682346
0.04345  3360.2378288882155
0.04348  3359.3448812724323
0.0435  3358.452170948022
0.04353  3357.5596978519243
0.04355  3356.661393100947
0.0435799999999999  3355.7693958850964
0.0435999999999999  3354.8776357080606
0.0436300000000001  3353.9800485345445
0.0436500000000001  3353.0887638576164
0.0436800000000001  3352.1916552912517
0.0437  3351.288727637106
0.04373  3350.392100664885
0.04375  3349.4896577287404
0.04378  3348.5935120921304
0.0438  3347.697606216522
0.0438299999999999  3346.7958890543787
0.0438499999999999  3345.894414773743
0.0438800000000001  3344.9931833091932
0.0439000000000001  3344.092194595326
0.0439300000000001  3343.191448566755
0.04395  3342.2849023305516
0.04398  3341.384643104149
0.044  3340.4785868047957
0.04403  3339.5788141174717
0.04405  3338.673247490188
0.0440799999999999  3337.767926418096
0.0440999999999999  3336.8628508346105
0.0441300000000001  3335.9519892954663
0.0441500000000001  3335.047406124991
0.0441800000000001  3334.143068243032
0.0442  3333.2329491213804
0.04423  3332.3230784344264
0.04425  3331.4134561143514
0.04428  3330.504082093359
0.0443  3329.594956303673
0.0443299999999999  3328.686078677531
0.0443499999999999  3327.7774491471946
0.0443800000000001  3326.863052699974
0.0444000000000001  3325.9549207999926
0.0444300000000001  3325.041025141504
0.04445  3324.1333905993415
0.04448  3323.2199954553153
0.0445  3322.3068512911964
0.04453  3321.3939580380206
0.04455  3320.4813156268447
0.0445799999999999  3319.5689239887415
0.0445999999999999  3318.6507829575667
0.0446300000000001  3317.7448927561486
0.0446500000000001  3316.827256223586
0.0446800000000001  3315.9158686366804
0.0447  3314.9987379836853
0.04473  3314.081860994736
0.04475  3313.171227779085
0.04478  3312.254856250977
0.0448  3311.338738176953
0.0448299999999999  3310.4168882764952
0.0448499999999999  3309.5072621107697
0.0448800000000001  3308.5919039784653
0.0449000000000001  3307.6708187744143
0.0449300000000001  3306.749989993028
0.04495  3305.841371406328
0.04498  3304.92105192828
0.045  3304.000988659725
0.04503  3303.087153476847
0.04505  3302.1676007507763
0.0450799999999999  3301.24830402074
0.0450999999999999  3300.3352301875334
0.0451300000000001  3299.4164435746306
0.0451500000000001  3298.4919490942734
0.0451800000000001  3297.579637625883
0.0452  3296.655657817436
0.04523  3295.737895567696
0.04525  3294.8203888155376
0.04528  3293.8971821469277
0.0453  3292.986141519469
0.0453299999999999  3292.063448805836
0.0453499999999999  3291.141014630141
0.0453800000000001  3290.224787612425
0.0454000000000001  3289.302868628477
0.0454300000000001  3288.387153335728
0.04545  3287.465749255787
0.04548  3286.5505454022014
0.0455  3285.6296559386856
0.04553  3284.709024507836
0.04555  3283.788651037355
0.0455799999999999  3282.874470858149
0.0455999999999999  3281.9486776883928
0.0456300000000001  3281.035009742871
0.0456500000000001  3280.115665729092
0.0456800000000001  3279.1965793149466
0.0457  3278.2718233358905
0.04573  3277.359178996858
0.04575  3276.4349411773237
0.04578  3275.516886099958
0.0458  3274.599088261067
0.0458299999999999  3273.681547588571
0.0458499999999999  3272.758346886376
0.0458800000000001  3271.841321988495
0.0459000000000001  3270.9304678489843
0.0459300000000001  3270.0080429701893
0.04595  3269.0917887057917
0.04598  3268.1698823471556
0.046  3267.254143134246
0.04603  3266.3386605109076
0.04605  3265.4175305533495
0.0460799999999999  3264.5025625477374
0.0460999999999999  3263.587850915606
0.0461300000000001  3262.667496705265
0.0461500000000001  3261.753299257465
0.0461800000000001  3260.8334624033027
0.0462  3259.913884949458
0.04623  3259.000459061998
0.04625  3258.0872891159147
0.04628  3257.1743750394953
0.0463  3256.2558294734417
0.0463299999999999  3255.3375429435537
0.0463499999999999  3254.4253993443385
0.0463800000000001  3253.50762900833
0.0464000000000001  3252.595998149887
0.0464300000000001  3251.684622729855
0.04645  3250.7676253116947
0.04648  3249.8508864931096
0.0465  3248.940280251694
0.04653  3248.0299291615943
0.04655  3247.119833151316
0.0465799999999999  3246.2041230351974
0.0465999999999999  3245.288671155627
0.0466300000000001  3244.379343244175
0.0466500000000001  3243.4702701258493
0.0466800000000001  3242.56145172926
0.0467  3241.64702710804
0.04673  3240.738719583034
0.04675  3239.8306665652444
0.04678  3238.917012044215
0.0468  3238.00946946777
0.0468299999999999  3237.102181184201
0.0468499999999999  3236.1951471222587
0.0468800000000001  3235.288367210708
0.0469000000000001  3234.3818413783374
0.0469300000000001  3233.4755695539534
0.04695  3232.5695516663836
0.04698  3231.6637876444747
0.047  3230.7582774170937
0.04703  3229.8471813721735
0.04705  3228.942180156765
0.0470799999999999  3228.0374325221464
0.0470999999999999  3227.1329383972643
0.0471300000000001  3226.234530709846
0.0471500000000001  3225.330541756955
0.0471800000000001  3224.426806101218
0.0472  3223.523323671664
0.04723  3222.6259208717665
0.04725  3221.7229430491557
0.04728  3220.826041460651
0.0473  3219.923567963157
0.0473299999999999  3219.0271673061106
0.0473499999999999  3218.1251978520613
0.0473800000000001  3217.229297846695
0.0474000000000001  3216.3336472526394
0.0474300000000001  3215.4382460004595
0.04745  3214.543094020739
0.04748  3213.6423810012966
0.0475  3212.747728975855
0.04753  3211.8533260142963
0.04755  3210.9591720472818
0.0475799999999999  3210.0652670054938
0.0475999999999999  3209.1716108196333
0.0476300000000001  3208.2782034204215
0.0476500000000001  3207.385044738597
0.0476800000000001  3206.497932020114
0.0477  3205.611064663183
0.04773  3204.7186484912
0.04775  3203.8264807606542
0.04778  3202.9403522855096
0.0478  3202.048679618233
0.0478299999999999  3201.168830535411
0.0478499999999999  3200.27765104545
0.0478800000000001  3199.392504121298
0.0479000000000001  3198.507602014991
0.0479300000000001  3197.622944658816
0.04795  3196.7385319850787
0.04798  3195.8543639261047
0.048  3194.970440414236
0.04803  3194.0867613818355
0.04805  3193.2148733499657
0.0480799999999999  3192.3316798800565
0.0480999999999999  3191.4487306876968
0.0481300000000001  3190.5660257053228
0.0481500000000001  3189.6950987266514
0.0481800000000001  3188.8128787715495
0.0482  3187.936666581355
0.04823  3187.0606951540494
0.04825  3186.184964423477
0.04828  3185.3094743235006
0.0483  3184.4342247879986
0.0483299999999999  3183.564971603509
0.0483499999999999  3182.6902014170964
0.0483800000000001  3181.8156715973455
0.0484000000000001  3180.947133197818
0.0484300000000001  3180.078831882721
0.04845  3179.2107675873344
0.04848  3178.337193835703
0.0485  3177.4696049542567
0.04853  3176.607996172547
0.04855  3175.735137602436
0.0485799999999999  3174.868259002786
0.0485999999999999  3174.0073556070593
0.0486300000000001  3173.1409486390708
0.0486500000000001  3172.28051362415
0.0486800000000001  3171.4145780312274
0.0487  3170.5603434826917
0.04873  3169.6948774436255
0.04875  3168.8296476503297
0.04878  3167.9761093642283
0.0488  3167.11134874207
0.0488299999999999  3166.258273287381
0.0488499999999999  3165.3997045919737
0.0488800000000001  3164.547090176211
0.0489000000000001  3163.6889854885126
0.0489300000000001  3162.83683186251
0.04895  3161.9791909317514
0.04898  3161.1332131427266
0.049  3160.2760341685043
0.04903  3159.430512053824
0.04905  3158.573794787309
0.0490799999999999  3157.7287281015297
0.0490999999999999  3156.8781798972245
0.0491300000000001  3156.0335668679836
0.0491500000000001  3155.189179812355
0.0491800000000001  3154.339315646619
0.0492  3153.4953818826843
0.04923  3152.645973948915
0.04925  3151.8081916700407
0.04928  3150.964935100527
0.0493  3150.1219041417094
0.0493299999999999  3149.284792607655
0.0493499999999999  3148.442211165784
0.0493800000000001  3147.6055459923496
0.0494000000000001  3146.7691031538225
0.0494300000000001  3145.9271947769134
0.04945  3145.0911979424473
0.04948  3144.261108056944
0.0495  3143.419870686395
0.04953  3142.5902219174645
0.04955  3141.7607921193066
0.0495799999999999  3140.9259024622215
0.0495999999999999  3140.096911931055
0.0496300000000001  3139.2681401969317
0.0496500000000001  3138.4339129356963
0.0496800000000001  3137.605580120052
0.0497  3136.783137199422
0.04973  3135.9495703014154
0.04975  3135.1275614613346
0.04978  3134.305768089812
0.0498  3133.484190130368
0.0498299999999999  3132.6571637044517
0.0498499999999999  3131.836017884413
0.0498800000000001  3131.0150873067128
0.0499000000000001  3130.200031284307
0.0499300000000001  3129.373871652666
0.04995  3128.55924286637
0.04998  3127.7391712112935
