1e-08  2856.667819902369
2.99999999999727e-05  2882.930938431281
4.99999999999545e-05  2935.8558247495994
8.00000000000409e-05  2989.546271151905
0.000100000000000023  3043.111943720456
0.000129999999999995  3096.2390554303856
0.000149999999999977  3148.7668048587516
0.00017999999999995  3200.5728263304964
0.000200000000000045  3251.6003564336365
0.000230000000000018  3301.7932618955197
0.00025  3351.120042195046
0.000279999999999973  3399.575665281355
0.000299999999999955  3447.1341513052766
0.000330000000000041  3493.7883902314948
0.000350000000000023  3539.534428959467
0.000379999999999995  3584.3884791614787
0.000399999999999977  3628.336191120383
0.00042999999999995  3671.39159573899
0.000450000000000045  3713.563301343393
0.000480000000000018  3754.853927884654
0.0005  3795.277606131053
0.000529999999999973  3834.842178739468
0.000549999999999954  3873.548673455401
0.000580000000000041  3911.4279840888494
0.000600000000000023  3948.4764751376783
0.000629999999999995  3984.7204508425825
0.000649999999999977  4020.160077718037
0.00067999999999995  4054.8066150229115
0.000700000000000045  4088.682793686589
0.000730000000000018  4121.793780409401
0.00075  4154.155961703115
0.000779999999999973  4185.777396848649
0.000799999999999955  4216.67744497314
0.000830000000000041  4246.866908365187
0.000850000000000023  4276.357796307875
0.000879999999999995  4305.163293012103
0.000899999999999977  4333.287427215018
0.00092999999999995  4360.7454387693
0.000950000000000045  4387.564079277568
0.000980000000000018  4413.739933592915
0.001  4439.291208468136
0.00102999999999997  4464.2158851745435
0.00104999999999995  4488.544440862161
0.00108000000000004  4512.287073486146
0.00110000000000002  4535.443881855393
0.00113  4558.026241037459
0.00114999999999998  4580.046173293653
0.00117999999999995  4601.516327841171
0.00120000000000005  4622.449960640443
0.00123000000000002  4642.84988086786
0.00125  4662.73035592776
0.00127999999999997  4682.095080539471
0.00129999999999995  4700.970447115387
0.00133000000000004  4719.349898613468
0.00135000000000002  4737.238290295842
0.00138  4754.66339917892
0.00139999999999998  4771.619621725123
0.00142999999999995  4788.112870068274
0.00145000000000005  4804.172182105922
0.00148000000000002  4819.781361130903
0.0015  4834.958654999266
0.00152999999999997  4849.72271937382
0.00154999999999995  4864.057922319018
0.00158000000000004  4877.994975178592
0.00160000000000002  4891.518592141767
0.00163  4904.660083456277
0.00164999999999998  4917.404485178905
0.00167999999999995  4929.771951934256
0.00170000000000005  4941.771219627714
0.00173000000000002  4953.411222121546
0.00175  4964.677487245065
0.00177999999999997  4975.60281468901
0.00179999999999995  4986.172993465304
0.00183000000000004  4996.409406953911
0.00185000000000002  5006.298011827091
0.00188  5015.872420782074
0.00189999999999998  5025.118815754377
0.00192999999999995  5034.047279513735
0.00195000000000005  5042.6680414684215
0.00198000000000002  5050.9914707860435
0.002  5059.004024949282
0.00202999999999997  5066.716222458218
0.00204999999999995  5074.150768337901
0.00208000000000004  5081.2943312030875
0.00210000000000002  5088.15774363356
0.00213  5094.7519511048895
0.00214999999999998  5101.075883432754
0.00217999999999995  5107.1285134198115
0.00220000000000005  5112.921007596996
0.00223000000000002  5118.464628549378
0.00225  5123.746376627106
0.00227999999999997  5128.7898053782665
0.00229999999999995  5133.594200581394
0.00233000000000004  5138.146670988039
0.00235000000000002  5142.470979963567
0.00238  5146.566544826637
0.00239999999999998  5150.445053051637
0.00242999999999995  5154.081512489515
0.00245000000000005  5157.512175662227
0.00248000000000002  5160.72436421512
0.0025  5163.729938398445
0.00252999999999997  5166.528534969625
0.00254999999999995  5169.119815573561
0.00258000000000004  5171.503466810788
0.00260000000000002  5173.70379008914
0.00263  5175.7082508086905
0.00264999999999998  5177.516620628824
0.00267999999999995  5179.141001326172
0.00270000000000005  5180.58121935375
0.00273000000000002  5181.8371208099325
0.00275  5182.920888278414
0.00277999999999997  5183.832413637689
0.00279999999999995  5184.559285202838
0.00283000000000004  5185.13839141754
0.00285000000000002  5185.532713512595
0.00288  5185.779180049944
0.00289999999999998  5185.853122295444
0.00292999999999995  5185.779180049944
0.00295000000000005  5185.557359639195
0.00298000000000002  5185.175357840127
0.003  5184.645530965327
0.00302999999999997  5183.967924336015
0.00304999999999995  5183.142595909934
0.00308000000000004  5182.1819313296
0.00310000000000002  5181.086005898308
0.00313  5179.842595984136
0.00314999999999998  5178.476420361339
0.00317999999999995  5176.975273619636
0.00320000000000005  5175.339273354325
0.00323000000000002  5173.580842315472
0.00325  5171.700105661952
0.00327999999999997  5169.697197226479
0.00329999999999995  5167.572259499739
0.00333000000000004  5165.337718641011
0.00335000000000002  5162.969178721515
0.00338  5160.503615517869
0.00339999999999998  5157.916654216423
0.00342999999999995  5155.220729581495
0.00345000000000005  5152.416013854318
0.00348000000000002  5149.514923588594
0.0035  5146.493162746973
0.00352999999999997  5143.387614222741
0.00354999999999995  5140.1740013224935
0.00358000000000004  5136.852528985379
0.00360000000000002  5133.447807396879
0.00363  5129.947814016222
0.00364999999999998  5126.352746832838
0.00367999999999995  5122.66280911982
0.00370000000000005  5118.878209414755
0.00373000000000002  5115.011316930795
0.00375  5111.062322435087
0.00377999999999997  5107.031420644775
0.00379999999999995  5102.906683517207
0.00383000000000004  5098.712576975783
0.00385000000000002  5094.437171022795
0.00388  5090.0685798267805
0.00389999999999998  5085.643306162943
0.00392999999999995  5081.12527954608
0.00395000000000005  5076.550946098746
0.00398000000000002  5071.896359139216
0.004  5067.173788784461
0.00402999999999997  5062.371402581346
0.00404999999999995  5057.5134734275125
0.00408000000000004  5052.58816289642
0.00410000000000002  5047.58368177171
0.00413  5042.536224397463
0.00414999999999998  5037.410016437445
0.00417999999999995  5032.229225792049
0.00420000000000005  5026.994031651163
0.00423000000000002  5021.692681263085
0.00425  5016.337316432587
0.00427999999999997  5010.928121960816
0.00429999999999995  5005.465284368538
0.00433000000000004  4999.937109891475
0.00435000000000002  4994.367565680896
0.00438  4988.744948248316
0.00439999999999998  4983.069450884457
0.00442999999999995  4977.353096841722
0.00445000000000005  4971.584226986805
0.00448000000000002  4965.763039199429
0.0045  4959.901519816848
0.00452999999999997  4953.999827815361
0.00454999999999995  4948.058123127782
0.00458000000000004  4942.064822171646
0.00460000000000002  4936.031859881622
0.00463  4929.959399298325
0.00464999999999998  4923.847604388248
0.00467999999999995  4917.70832659172
0.00470000000000005  4911.518343884167
0.00473000000000002  4905.3011812091145
0.00475  4899.045319331406
0.00477999999999997  4892.7509264615
0.00479999999999995  4886.429783916901
0.00483000000000004  4880.070419189111
0.00485000000000002  4873.684584779289
0.00488  4867.272406317313
0.00489999999999998  4860.822458433391
0.00492999999999995  4854.3464496997685
0.00495000000000005  4847.844507113656
0.00498000000000002  4841.31675805691
0.005  4834.76333029189
0.00502999999999997  4828.184351957304
0.00504999999999995  4821.5799515640465
0.00508000000000004  4814.950257991036
0.00510000000000002  4808.3068270521135
0.00513  4801.626919333238
0.00514999999999998  4794.933501968901
0.00517999999999995  4788.226657372541
0.00520000000000005  4781.49510515175
0.00523000000000002  4774.738975956264
0.00525  4767.969731490037
0.00527999999999997  4761.187454647519
0.00529999999999995  4754.380929943942
0.00533000000000004  4747.561571239848
0.00535000000000002  4740.7294617196085
0.00538  4733.873434917168
0.00539999999999998  4727.016089860736
0.00542999999999995  4720.135026873046
0.00545000000000005  4713.252779860572
0.00548000000000002  4706.3581989115155
0.0055  4699.44019967333
0.00552999999999997  4692.5212179415
0.00554999999999995  4685.590153052377
0.00558000000000004  4678.64708868916
0.00560000000000002  4671.703210525322
0.00563  4664.7474673077095
0.00564999999999998  4657.779942772163
0.00567999999999995  4650.811772993726
0.00570000000000005  4643.831956296123
0.00573000000000002  4636.851595577796
0.00575  4629.870724808135
0.00577999999999997  4622.878391968263
0.00579999999999995  4615.885650082618
0.00583000000000004  4608.881580301857
0.00585000000000002  4601.888138382617
0.00588  4594.883469346701
0.00589999999999998  4587.878559556976
0.00592999999999995  4580.862556555203
0.00595000000000005  4573.857282760289
0.00598000000000002  4566.851868966867
0.006  4559.846348659516
0.00602999999999997  4552.840755272247
0.00604999999999995  4545.835122188271
0.00608000000000004  4538.829482739746
0.00610000000000002  4531.834639763762
0.00613  4524.829070729055
0.00614999999999998  4517.834331303416
0.00617999999999995  4510.839685057017
0.00620000000000005  4503.855868131156
0.00623000000000002  4496.872177263547
0.00625  4489.8993153255415
0.00627999999999997  4482.915958840351
0.00629999999999995  4475.954100665995
0.00633000000000004  4468.99243384429
0.00635000000000002  4462.0309911396125
0.00638  4455.090979600214
0.00639999999999998  4448.140620791755
0.00642999999999995  4441.211659391086
0.00645000000000005  4434.2829536208965
0.00648000000000002  4427.365057280053
0.0065  4420.457953504836
0.00652999999999997  4413.561625457835
0.00654999999999995  4406.665584201429
0.00658000000000004  4399.790773541145
0.00660000000000002  4392.916248776636
0.00663  4386.062888366194
0.00664999999999998  4379.209812959497
0.00667999999999995  4372.367445252103
0.00670000000000005  4365.546142897991
0.00673000000000002  4358.725124214458
0.00675  4351.925105157731
0.00677999999999997  4345.135694767037
0.00679999999999995  4338.356876491864
0.00683000000000004  4331.588633807521
0.00685000000000002  4324.830950215096
0.00688  4318.094070859622
0.00689999999999998  4311.367685681602
0.00692999999999995  4304.662008031976
0.00695000000000005  4297.966760045516
0.00698000000000002  4291.281925500463
0.007  4284.607488200291
0.00702999999999997  4277.953598201125
0.00704999999999995  4271.320191993077
0.00708000000000004  4264.697071562309
0.00710000000000002  4258.0943399931275
0.00713  4251.501830970458
0.00714999999999998  4244.929616415957
0.00717999999999995  4238.367561566396
0.00720000000000005  4231.8257073243985
0.00723000000000002  4225.303991442137
0.00725  4218.792326252175
0.00727999999999997  4212.30070647369
0.00729999999999995  4205.829070432021
0.00733000000000004  4199.3773566897
0.00735000000000002  4192.935539833227
0.00738  4186.51355360808
0.00739999999999998  4180.121270878309
0.00742999999999995  4173.728829796107
0.00745000000000005  4167.3659711655155
0.00748000000000002  4161.022701076858
0.0075  4154.69895958812
0.00752999999999997  4148.384828646907
0.00754999999999995  4142.09998038772
0.00758000000000004  4135.824653742191
0.00760000000000002  4129.578461512386
0.00763  4123.351501517087
0.00764999999999998  4117.133931107469
0.00767999999999995  4110.945274791895
0.00770000000000005  4104.775675618146
0.00773000000000002  4098.62507568454
0.00775  4092.493417311576
0.00777999999999997  4086.3903540332003
0.00779999999999995  4080.296392145487
0.00783000000000004  4074.230882244898
0.00785000000000002  4068.1840566730257
0.00787999999999999  4062.155858980896
0.00789999999999998  4056.1462329359524
0.00792999999999995  4050.1647474259885
0.00795000000000005  4044.2016933796167
0.00798000000000002  4038.2570153395277
0.008  4032.330658060906
0.00802999999999997  4026.43213501666
0.00804999999999995  4020.5613494619306
0.00808000000000004  4014.699123873412
0.00810000000000002  4008.8644992633635
0.00812999999999999  4003.0573800968145
0.00814999999999998  3997.268172146589
0.00817999999999995  3991.496822014165
0.00820000000000005  3985.752748340032
0.00823000000000002  3980.0263990600683
0.00825  3974.3177215125856
0.00827999999999997  3968.645525576239
0.00829999999999995  3962.981425068843
0.00833000000000004  3957.344217062036
0.00835000000000002  3951.7338097544953
0.00838  3946.1407341351223
0.00839999999999998  3940.574303580814
0.00842999999999995  3935.0344276303695
0.00845000000000005  3929.5116781240913
0.00848000000000002  3924.006004794907
0.0085  3918.5359817440694
0.00852999999999997  3913.0735838477676
0.00854999999999996  3907.646659074972
0.00858000000000004  3902.2365341066825
0.00860000000000002  3896.8524205577105
0.00863  3891.4849835576642
0.00864999999999998  3886.143409764249
0.00867999999999995  3880.8276129361325
0.00870000000000005  3875.5375073174428
0.00873000000000002  3870.26381022957
0.00875  3865.015659208506
0.00877999999999997  3859.7929697596405
0.00879999999999995  3854.586497715638
0.00883000000000004  3849.4053442874424
0.00885000000000002  3844.249426225438
0.00888  3839.1186607512946
0.00889999999999998  3834.012965555756
0.00892999999999995  3828.923159633652
0.00895000000000004  3823.8582848211686
0.00898000000000002  3818.8182600261252
0.009  3813.8030046175104
0.00902999999999997  3808.8033870737404
0.00904999999999995  3803.8374421801514
0.00908000000000004  3798.8869996833278
0.00910000000000002  3793.9610319508674
0.00913  3789.0594604521193
0.00914999999999998  3784.182207105706
0.00917999999999995  3779.320212992519
0.00920000000000004  3774.491374968821
0.00923000000000002  3769.677665101044
0.00925  3764.887988198084
0.00927999999999997  3760.1312038861015
0.00929999999999995  3755.3893539732335
0.00933000000000004  3750.671310284474
0.00935000000000002  3745.968096064855
0.00938  3741.297452168774
0.00939999999999998  3736.6503915475573
0.00942999999999995  3732.026840762201
0.00945000000000005  3727.417868857029
0.00948000000000002  3722.8411300049697
0.0095  3718.2788469405896
0.00952999999999997  3713.7398056947627
0.00954999999999995  3709.223934774791
0.00958000000000004  3704.739967134639
0.00960000000000002  3700.2702134335136
0.00963  3695.8234181309595
0.00964999999999998  3691.3995113921305
0.00967999999999995  3686.998423792103
0.00970000000000005  3682.620086314062
0.00973000000000002  3678.264430347506
0.00975  3673.9313876864617
0.00977999999999997  3669.620890527712
0.00979999999999995  3665.3328714690256
0.00983000000000004  3661.0672635074134
0.00985000000000002  3656.8153098766056
0.00987999999999999  3652.594334719287
0.00989999999999998  3648.3955719753817
0.00992999999999995  3644.218956221731
0.00995000000000005  3640.0557720928996
0.00998000000000002  3635.9232654318225
0.01  3628.465530504667
0.01003  3624.3806342135895
0.01005  3620.326146882731
0.01008  3616.3191645033717
0.0101  3612.3767083761445
0.01013  3608.524303140209
0.01015  3604.8045022561355
0.0101799999999999  3601.234020058063
0.0102  3597.8466201969077
0.01023  3594.675962277175
0.01025  3591.7385496649686
0.01028  3589.025285892351
0.0103  3586.578282393934
0.01033  3584.3799611381414
0.01035  3582.438380171124
0.01038  3580.761633050365
0.0104  3579.33233674458
0.0104299999999999  3578.1586987288447
0.01045  3577.2319668156047
0.01048  3576.5349505544727
0.0105  3576.076014015076
0.01053  3575.838070105521
0.01055  3575.8295724015725
0.01058  3576.025024701588
0.0106  3576.432959567168
0.01063  3577.036448548599
0.01065  3577.844093093
0.0106799999999999  3578.8220120532787
0.0107  3579.995867636147
0.01073  3581.348830793827
0.01075  3582.8725898420166
0.01078  3584.5758807963207
0.0108  3586.441913188711
0.01083  3588.470940296135
0.01085  3590.6717705734427
0.01088  3593.0276414938935
0.0109  3595.5388563993233
0.01093  3598.2228405581063
0.01095  3601.0543051640543
0.01098  3604.0592893905955
0.011  3607.2296514821096
0.01103  3610.55724311316
0.01105  3614.0596711907688
0.01108  3617.7546330256287
0.0111  3621.642712024373
0.01113  3625.7331387872073
0.01115  3630.0697219673307
0.01118  3634.7224339881086
0.0112  3639.7357242255152
0.01123  3645.2496676766536
0.01125  3651.431383866126
0.01128  3658.5189761006186
0.0113  3666.8139372253527
0.01133  3676.6913647309098
0.01135  3688.6197276609732
0.01138  3703.111577740951
0.0114  3720.674232176764
0.01143  3741.786484507095
0.01145  3766.8389345293963
0.01148  3796.1345264608212
0.0115  3829.8786898024005
0.01153  3868.1581797733243
0.01155  3910.9818390423866
0.01158  3958.322388785916
0.0116  4010.084111209926
0.01163  4066.1446753440164
0.01165  4126.390260821581
0.01168  4190.724070738196
0.0117  4259.065879177411
0.01173  4331.341592071108
0.01175  4407.555803801515
0.01178  4487.7338453917455
0.0118  4571.933797734885
0.01183  4660.282178975699
0.01185  4752.934950353525
0.01188  4850.080007734566
0.0119  4951.987085730159
0.0119299999999999  5058.931891375735
0.01195  5171.245389664946
0.01198  5289.269191040228
0.012  5413.420416957304
0.01203  5544.0945661260275
0.01205  5681.769902823237
0.01208  5826.878390744975
0.0121  5979.926183961046
0.01213  6141.3852921995
0.01215  6311.777006923794
0.0121799999999999  6491.55340207486
0.0122  6681.148327303755
0.01223  6881.021153265348
0.01225  7091.455712042066
0.01228  7312.703724831225
0.0123  7544.851788848312
0.01233  7787.866684633161
0.01235  8041.4411860559685
0.01238  8305.12714968628
0.0124  8578.132297483933
0.0124299999999999  8859.43789076542
0.01245  9147.772530657892
0.01248  9441.586273944506
0.0125  9739.095443636481
0.01253  10038.34265414022
0.01255  10337.273326567014
0.01258  10633.829200855642
0.0126  10926.006519318418
0.01263  11211.894674672012
0.01265  11489.853111131923
0.0126799999999999  11758.484312377583
0.0127  12016.621647114702
0.01273  12263.304245099314
0.01275  12497.85151434636
0.01278  12719.77951540451
0.0128  12928.563877676224
0.01283  13123.994643545624
0.01285  13305.787601638473
0.01288  13473.768564880822
0.0129  13627.901209410422
0.01293  13768.141943918348
0.01295  13894.512986645843
0.01298  14007.110144711285
0.013  14106.130742787804
0.01303  14191.804362495648
0.01305  14264.364731463398
0.01308  14324.106260392316
0.0131  14371.40471187917
0.01313  14406.628377613393
0.01315  14430.14733966608
0.01318  14442.38454440273
0.0132  14443.819244161963
0.01323  14434.880435908155
0.01325  14416.080691560523
0.01328  14387.87568578134
0.0133  14350.811814442905
0.01333  14305.331801502824
0.01335  14252.05821510027
0.01338  14191.453618813388
0.0134  14124.042946598513
0.01343  14050.36649820626
0.01345  13970.983982649703
0.01348  13886.41571761284
0.0135  13797.11886556192
0.01353  13703.666876009744
0.01355  13606.549870127154
0.01358  13506.214415178334
0.0136  13403.111530400138
0.01363  13297.676327122563
0.01365  13190.352557858037
0.0136799999999999  13081.491723482473
0.0137  12971.485414843683
0.01373  12860.61310815973
0.01375  12749.240161313512
0.01378  12637.651374443381
0.0138  12526.056920107389
0.01383  12414.748645676062
0.01385  12303.911924863887
0.01388  12193.774955590803
0.0139  12084.480273776175
0.0139299999999999  11976.182293310863
0.01395  11869.012802871417
0.01398  11763.095838845291
0.014  11658.539636429023
0.01403  11555.434521406843
0.01405  11453.812829019811
0.01408  11353.759340092389
0.0141  11255.30201350334
0.01413  11158.46746174212
0.01415  11063.307306425679
0.0141799999999999  10969.79285632744
0.0142  10877.973589507652
0.01423  10787.794469706994
0.01425  10699.303665178457
0.01428  10612.446608727598
0.0143  10527.220252915617
0.01433  10443.621392386607
0.01435  10361.597439880616
0.01438  10281.12165775607
0.0144  10202.192168736317
0.0144299999999999  10124.758839716496
0.01445  10048.796749035955
0.01448  9974.257846632325
0.0145  9901.09533943688
0.01453  9829.310363570248
0.01455  9758.834310646387
0.01458  9689.64644735568
0.0146  9621.703634076477
0.01463  9554.941107833542
0.01465  9489.363426742606
0.01468  9424.88532614186
0.0147  9361.49047732534
0.01473  9299.140786447511
0.01475  9237.799069413293
0.01478  9177.407212084192
0.0148  9117.951852183409
0.01483  9059.398351758327
0.01485  9001.670085780012
0.01488  8944.77730863013
0.0149  8888.708809592632
0.01493  8833.369609604644
0.01495  8778.750448500612
0.01498  8724.842215686367
0.015  8671.615340184779
0.01503  8619.040895144517
0.01505  8567.11093898428
0.01508  8515.797414231423
0.0151  8465.07286467675
0.01513  8414.950414346078
0.01515  8365.403055519559
0.01518  8316.424114823336
0.0152  8267.987366352285
0.01523  8220.10620260938
0.01525  8172.735385391358
0.01528  8125.927211446801
0.0153  8079.636729322641
0.01533  8033.877229755037
0.01535  7988.642669231102
0.01538  7943.964847010295
0.0154  7899.780941391857
0.01543  7856.1228216920645
0.01545  7813.003045193511
0.01548  7770.41538696669
0.0155  7728.335350826708
0.01553  7686.811997076723
0.01555  7645.838791823005
0.01558  7605.373159253815
0.0156  7565.4453012432505
0.01563  7526.048987512054
0.01565  7487.213673923892
0.01568  7448.915081702686
0.0157  7411.129403635635
0.01573  7373.920907379959
0.01575  7337.230504826336
0.01578  7301.06966339869
0.0158  7265.466875856564
0.01583  7230.398524645628
0.01585  7195.841437980982
0.01588  7161.823934200515
0.0159  7128.339913840353
0.01593  7095.366527959733
0.01595  7062.9316999764915
0.01598  7030.996013011848
0.016  6999.570663724955
0.01603  6968.666652975833
0.01605  6938.245331533295
0.01608  6908.334396658597
0.0161  6878.8956908419805
0.01613  6849.940548028626
0.01615  6821.463911434412
0.01618  6793.444676188562
0.0162  6765.894251214332
0.01623  6738.79184603871
0.01625  6712.132966274007
0.01628  6685.9132016963995
0.0163  6660.128225034316
0.01633  6634.758023752993
0.01635  6609.814318497525
0.01638  6585.2617219774675
0.0164  6561.11216023722
0.01643  6537.377399405384
0.01645  6514.007133875222
0.01648  6491.013490191581
0.0165  6468.408437796243
0.01653  6446.157840630394
0.01655  6424.273845865452
0.01658  6402.753236020428
0.0166  6381.562522913636
0.01663  6360.714021079248
0.01665  6340.219898819371
0.0166799999999999  6320.032109139547
0.0167  6300.178087614122
0.01673  6280.655089823108
0.01675  6261.445542444814
0.01678  6242.532102090718
0.0168  6223.942019598055
0.01683  6205.6285021384
0.01685  6187.604136579439
0.01688  6169.896038895622
0.0169  6152.457928417954
0.0169299999999999  6135.287800599187
0.01695  6118.412764979647
0.01698  6101.787146792885
0.017  6085.452548237629
0.01703  6069.349178470643
0.01705  6053.504203273068
0.01708  6037.915819888065
0.0171  6022.582257637862
0.01713  6007.473224891738
0.01715  5992.615707925631
0.0171799999999999  5977.979614236851
0.0172  5963.563499800204
0.01723  5949.365944458519
0.01725  5935.399656710252
0.01728  5921.635020688455
0.0173  5908.0707845915185
0.01733  5894.719724975782
0.01735  5881.566558978011
0.01738  5868.596149374347
0.0174  5855.835247617136
0.0174299999999999  5843.240952295608
0.01745  5830.8261636430225
0.01748  5818.589851891066
0.0175  5806.517204653836
0.01753  5794.634850121683
0.01755  5782.900493816173
0.01758  5771.340764854876
0.0176  5759.913646234632
0.01763  5748.659424967492
0.01765  5737.563540502035
0.0176799999999999  5726.597942617721
0.0177  5715.775548863842
0.01773  5705.095626103902
0.01775  5694.557451712069
0.01778  5684.146805522271
0.0178  5673.876542437581
0.01783  5663.732510428664
0.01785  5653.714098449964
0.01788  5643.807291595424
0.0179  5634.038342675351
0.0179299999999999  5624.379863646332
0.01795  5614.8446873106805
0.01798  5605.418921501082
0.018  5596.102069213376
0.01803  5586.89363970444
0.01805  5577.806403676772
0.01808  5568.826584842072
0.0181  5559.927286174379
0.01813  5551.147743212422
0.01815  5542.461090732131
0.0181799999999999  5533.880086688781
0.0182  5525.378020878464
0.01823  5516.980791461153
0.01825  5508.687959945518
0.01828  5500.486022196345
0.0183  5492.361556952417
0.01833  5484.340323047252
0.01835  5476.395874485395
0.01838  5468.527911379627
0.0184  5460.762091130605
0.0184299999999999  5453.08505163099
0.01845  5445.4705677176635
0.01848  5437.944253059902
0.0185  5430.492866135936
0.01853  5423.129014967713
0.01855  5415.82663031818
0.01858  5408.611196951163
0.0186  5401.46955718776
0.01863  5394.388624604833
0.01865  5387.393790511751
0.01868  5380.459171335815
0.0187  5373.610097727374
0.01873  5366.820757834205
0.01875  5360.090947191192
0.01878  5353.433185309043
0.0188  5346.847224576633
0.01883  5340.320129356905
0.01885  5333.851703776423
0.01888  5327.45441415739
0.0189  5321.102732772185
0.01893  5314.821775231795
0.01895  5308.598693373478
0.01898  5302.445902044793
0.019  5296.325414536137
0.01903  5290.28742307813
0.01905  5284.2939882004375
0.01908  5278.357517625092
0.0191  5272.477834559581
0.01913  5266.642248227991
0.01915  5260.863128699024
0.01918  5255.1278157654115
0.0192  5249.4611297879
0.01923  5243.825477351594
0.01925  5238.258116460623
0.01928  5232.733971907497
0.0193  5227.240497227977
0.01933  5221.814835666555
0.01935  5216.431994978667
0.01938  5211.091854310718
0.0194  5205.794293846064
0.01943  5200.539194800527
0.01945  5195.338785740714
0.01948  5190.180579065898
0.0195  5185.064459362998
0.01953  5179.978002384536
0.01955  5174.94572639635
0.01958  5169.955197107938
0.0196  5165.0063031366235
0.01963  5160.086671518857
0.01965  5155.208478596219
0.01968  5150.371615670445
0.0197  5145.588203123505
0.01973  5140.821449942023
0.01975  5136.09572909131
0.01978  5131.41093550101
0.0198  5126.766965071925
0.01983  5122.151542244344
0.01985  5117.576758992086
0.01988  5113.030363065546
0.0199  5108.524426063262
0.01993  5104.0588481101095
0.01995  5099.62141139487
0.01998  5095.212049289005
0.02  5090.8306956218785
0.02003  5086.501460008814
0.02005  5082.187983400499
0.02008  5077.926433758233
0.0201  5073.680514749786
0.02013  5069.462240320593
0.02015  5065.283584662338
0.02018  5061.132428140569
0.0202  5057.008708775303
0.02023  5052.912365028264
0.02025  5048.855334017449
0.02028  5044.825537685818
0.0203  5040.822916004876
0.02033  5036.847409381217
0.02035  5032.898958655045
0.02038  5028.977505098706
0.0204  5025.094932166573
0.02043  5021.227289297104
0.02045  5017.386470056627
0.02048  5013.584331828779
0.0205  5009.796980229988
0.02053  5006.048179044337
0.02055  5002.302183064245
0.02058  4998.606505235721
0.0206  4994.925427812795
0.02063  4991.2707839250825
0.02065  4987.642519504585
0.0206799999999999  4984.040580898739
0.0207  4980.453079177551
0.02073  4976.903641333412
0.02075  4973.356733080215
0.02078  4969.859594402012
0.0208  4966.3649148232835
0.02083  4962.90807443793
0.02085  4959.4654259756435
0.02088  4956.048720903417
0.0209  4952.657908881098
0.0209299999999999  4949.281178358432
0.02095  4945.942010964069
0.02098  4942.605096429966
0.021  4939.293908911889
0.02103  4936.020129781823
0.02105  4932.748520522593
0.02108  4929.514223445889
0.0211  4926.282047028194
0.02113  4923.087087808258
0.02115  4919.905892469121
0.0211799999999999  4916.750121280203
0.0212  4913.608051106344
0.02123  4910.4913276675
0.02125  4907.388243210642
0.02128  4904.298774373036
0.0213  4901.246192744719
0.02133  4898.195511134127
0.02135  4895.1816273427885
0.02138  4892.181223901108
0.0214  4889.194278290456
0.0214299999999999  4886.232379857061
0.02145  4883.272275756604
0.02148  4880.348758138959
0.0215  4877.426990772947
0.02153  4874.541724447807
0.02155  4871.658164916389
0.02158  4868.811022150496
0.0216  4865.965543340005
0.02163  4863.1448412638065
0.02165  4860.337324509265
0.0216799999999999  4857.542972124558
0.0217  4854.761763263758
0.02173  4852.016738047827
0.02175  4849.273264949961
0.02178  4846.554377992075
0.0218  4843.837015457724
0.02183  4841.155690311824
0.02185  4838.475849424069
0.02188  4835.808983900685
0.0219  4833.166559566521
0.0219299999999999  4830.54853795491
0.02195  4827.920461260241
0.02198  4825.328215361385
0.022  4822.7488222034335
0.02203  4820.182262659703
0.02205  4817.6170689818155
0.02208  4815.07612573131
0.0221  4812.547959293709
0.02213  4810.043981646964
0.02215  4807.55273160348
0.0221799999999999  4805.062771844826
0.0222  4802.596927679509
0.02223  4800.143756099068
0.02225  4797.703238973738
0.02228  4795.275358273185
0.0223  4792.860096066286
0.02233  4790.468818701344
0.02235  4788.078734404286
0.02238  4785.7012154304475
0.0224  4783.336244243319
0.0224299999999999  4780.983803404513
0.02245  4778.666587813242
0.02248  4776.339144685363
0.0225  4774.0241802365435
0.02253  4771.733017074913
0.02255  4769.442953494774
0.02258  4767.176646598251
0.0226  4764.911416587855
0.02263  4762.669899161864
0.02265  4760.429436194171
0.02268  4758.201334687974
0.0227  4755.985578270166
0.02273  4753.793447687515
0.02275  4751.591035685273
0.02278  4749.423503888755
0.0228  4747.2569608545355
0.02283  4745.102682502879
0.02285  4742.949381750551
0.02288  4740.819590512879
0.0229  4738.702016805022
0.02293  4736.58538895016
0.02295  4734.480957655403
0.02298  4732.3999536863075
0.023  4730.319864406185
0.02303  4728.251925739768
0.02305  4726.196122548742
0.02308  4724.152439787889
0.0231  4722.1096407481355
0.02313  4720.078941951653
0.02315  4718.060328545302
0.02318  4716.05378576845
0.0232  4714.059298952801
0.02323  4712.065655634243
0.02325  4710.095241787081
0.02328  4708.114463396825
0.0233  4706.1568856136355
0.02333  4704.211300964
0.02335  4702.277695244627
0.02338  4700.344884309086
0.0234  4698.424033273775
0.02343  4696.503967216759
0.02345  4694.606998535123
0.02348  4692.710796059629
0.0235  4690.826506868945
0.02353  4688.942974286949
0.02355  4687.082474964855
0.02358  4685.222713859827
0.0236  4683.374820358744
0.02363  4681.52765568329
0.02365  4679.692340474668
0.02368  4677.868861366212
0.0237  4676.0460927908025
0.02373  4674.235142431625
0.02375  4672.4359971061685
0.02378  4670.648643721159
0.0238  4668.861974054905
0.02383  4667.087078819089
0.02385  4665.312858320097
0.02388  4663.561477464895
0.0239  4661.799675652033
0.02393  4660.0606879380275
0.02395  4658.322348917335
0.02398  4656.595724389301
0.024  4654.869739841079
0.02403  4653.155452901248
0.02405  4651.441797295883
0.0240799999999999  4649.750872316353
0.0240999999999999  4648.060562033816
0.0241300000000001  4646.35982448207
0.0241500000000001  4644.681784665965
0.0241800000000001  4643.01538464515
0.0242  4641.349582488552
0.02423  4639.695403860687
0.02425  4638.052836758252
0.02428  4636.3998330917275
0.0243  4634.758432702981
0.0243299999999999  4633.1286236842
0.0243499999999999  4631.510394214403
0.0243800000000001  4629.881727365705
0.0244000000000001  4628.275630691849
0.0244300000000001  4626.681086121199
0.02445  4625.0760997433645
0.02448  4623.482657482755
0.0245  4621.900747790066
0.02453  4620.31937934268
0.02455  4618.74952805817
0.0245799999999999  4617.180210163856
0.0245999999999999  4615.611425478505
0.0246300000000001  4614.076068732699
0.0246500000000001  4612.519300042189
0.0246800000000001  4610.9740142233395
0.0247  4609.440200085868
0.02473  4607.906896162898
0.02475  4606.385049004233
0.02478  4604.863704463965
0.0248  4603.353801892091
0.0248299999999999  4601.844394406701
0.0248499999999999  4600.346414214632
0.0248800000000001  4598.8379928306085
0.0249000000000001  4597.351916527393
0.0249300000000001  4595.8663204373925
0.02495  4594.381204405431
0.02498  4592.91839768457
0.025  4591.445145465355
0.02503  4586.2434380205395
0.02505  4584.619794238067
0.0250799999999999  4583.094746681163
0.0250999999999999  4581.613757677191
0.0251300000000001  4580.144131602518
0.0251500000000001  4578.696738748885
0.0251800000000001  4577.249803292668
0.0252  4575.825073255661
0.02523  4574.411657422097
0.02525  4572.998678175222
0.02528  4571.58613538018
0.0253  4570.19575031323
0.0253299999999999  4568.784073307976
0.0253499999999999  4567.405394537052
0.0253800000000001  4566.016280984947
0.0254000000000001  4564.6492849622355
0.0254300000000001  4563.271853907296
0.02545  4561.905679524428
0.02548  4560.550751951295
0.0255  4559.196226804001
0.02553  4557.852935349715
0.02555  4556.499211478546
0.0255799999999999  4555.167539660094
0.0255999999999999  4553.825435191572
0.0256300000000001  4552.494544804732
0.0256500000000001  4551.164043380807
0.0256800000000001  4549.833930806121
0.0257  4548.52582538441
0.02573  4547.20728993729
0.02575  4545.899939691088
0.02578  4544.592965316174
0.0258  4543.297163500504
0.0258299999999999  4542.001731157384
0.0258499999999999  4540.706668181463
0.0258800000000001  4539.422762056229
0.0259000000000001  4538.139218961479
0.0259300000000001  4536.856038794563
0.02595  4535.583999919144
0.02598  4534.312317696632
0.026  4533.040992027032
0.02603  4531.770022810371
0.02605  4530.510176355438
0.0260799999999999  4529.261443583031
0.0260999999999999  4528.0022945210885
0.0261300000000001  4526.743495506582
0.0261500000000001  4525.506555452659
0.0261800000000001  4524.259201815307
0.0262  4523.022940598694
0.02623  4521.776271513664
0.02625  4520.551431504349
0.02628  4519.326923274619
0.0263  4518.092009811171
0.0263299999999999  4516.868167779392
0.0263499999999999  4515.655388364337
0.0263800000000001  4514.442934580638
0.0264000000000001  4513.230806340865
0.0264300000000001  4512.019003557606
0.02645  4510.80752614348
0.02648  4509.607090745277
0.0265  4508.406974812077
0.02653  4507.207178258866
0.02655  4506.007701000646
0.0265799999999999  4504.819248308663
0.0265999999999999  4503.6311090692725
0.0266300000000001  4502.443283199803
0.0266500000000001  4501.266467530909
0.0266800000000001  4500.079265332058
0.0267  4498.903067552851
0.02673  4497.737865727465
0.02675  4496.562279926148
0.02678  4495.387001390844
0.0268  4494.222710215598
0.0268299999999999  4493.0587205881275
0.0268499999999999  4491.905707098508
0.0268800000000001  4490.752989496433
0.0269000000000001  4489.589898515777
0.0269300000000001  4488.437775198952
0.02695  4487.285947541234
0.02698  4486.134415466752
0.027  4484.993837142302
0.02703  4483.842893271618
0.02705  4482.713550379506
0.0270799999999999  4481.573841793725
0.0270999999999999  4480.445070406284
0.0271300000000001  4479.3165833218345
0.0271500000000001  4478.177738398759
0.0271800000000001  4477.049822385898
0.0272  4475.922190460585
0.02723  4474.794842551267
0.02725  4473.678409938819
0.02728  4472.562255869147
0.0273  4471.446380272756
0.0273299999999999  4470.3307830801705
0.0273499999999999  4469.22608499373
0.0273800000000001  4468.121659897797
0.0274000000000001  4467.00689220162
0.0274300000000001  4465.903015507617
0.02745  4464.79941160114
0.02748  4463.696080414776
0.0275  4462.6036269151755
0.02753  4461.511440784729
0.02755  4460.408922114317
0.0275799999999999  4459.3278703695705
0.0275999999999999  4458.225891298168
0.0276300000000001  4457.134776583092
0.0276500000000001  4456.054518380104
0.0276800000000001  4454.974521995044
0.0277  4453.884203026299
0.02773  4452.804732652022
0.02775  4451.725523904729
0.02778  4450.657153365176
0.0278  4449.567891037471
0.0278299999999999  4448.500038308681
0.0278499999999999  4447.443010860094
0.0278800000000001  4446.365101612198
0.0279000000000001  4445.2980175215125
0.0279300000000001  4444.231189520559
0.02795  4443.164617547884
0.02798  4442.108857871836
0.028  4441.042795237978
0.02803  4439.987539737362
0.02805  4438.932534980598
0.0280799999999999  4437.877780908103
0.0280999999999999  4436.812733691288
0.0281300000000001  4435.769024577674
0.0281500000000001  4434.71502220065
0.0281800000000001  4433.671806549512
0.0282  4432.61830250159
0.02823  4431.575580079621
0.02825  4430.5331029460995
0.02828  4429.480344699196
0.0283  4428.438360445674
0.0283299999999999  4427.396621306949
0.0283499999999999  4426.365646142634
0.0283800000000001  4425.324394586087
0.0284000000000001  4424.293901965907
0.0284300000000001  4423.253137763325
0.02845  4422.233636559298
0.02848  4421.203863661122
0.0285  4420.174330558559
0.02853  4419.145037195768
0.02855  4418.115983516924
0.0285799999999999  4417.087169466213
0.0285999999999999  4416.058594987832
0.0286300000000001  4415.030260025998
0.0286500000000001  4414.023143672531
0.0286800000000001  4412.995282691216
0.0287  4411.978145786782
0.02873  4410.950761009029
0.02875  4409.944575233592
0.02878  4408.92814147678
0.0288  4407.911941994473
0.0288299999999999  4406.906449406659
0.0288499999999999  4405.890715897571
0.0288800000000001  4404.875216501588
0.0289000000000001  4403.870416623841
0.0289300000000001  4402.855382880057
0.02895  4401.861504433357
0.02898  4400.846933717197
0.029  4399.843052734504
0.02903  4398.839400747966
0.02905  4397.835977705346
0.0290799999999999  4396.83278355442
0.0290999999999999  4395.829818242975
0.0291300000000001  4394.83752571193
0.0291500000000001  4393.845457176011
0.0291800000000001  4392.843173306159
0.0292  4391.851554965331
0.02923  4390.849725926228
0.02925  4389.858557576192
0.02928  4388.86761296752
0.0293  4387.866464597994
0.0293299999999999  4386.875969674378
0.0293499999999999  4385.8961210846655
0.0293800000000001  4384.895650544712
0.0294000000000001  4383.916244277263
0.0294300000000001  4382.926641056529
0.02945  4381.947674585233
0.02948  4380.948104728809
0.0295  4379.969580181569
0.02953  4378.991274196674
0.02955  4378.002782713934
0.0295799999999999  4377.024916031117
0.0295999999999999  4376.036868424188
0.0296300000000001  4375.05944084618
0.0296500000000001  4374.0822315855
0.0296800000000001  4373.105240593383
0.0297  4372.128467821078
0.02973  4371.151913219842
0.02975  4370.175576740945
0.02978  4369.199458335669
0.0298  4368.223557955302
0.0298299999999999  4367.247875551149
0.0298499999999999  4366.282787209501
0.0298800000000001  4365.3075382941215
0.0299000000000001  4364.332507209442
0.0299300000000001  4363.368063115175
0.02995  4362.393465229891
0.02998  4361.419085029899
0.03  4360.455284752941
0.03003  4359.481337463159
0.03005  4358.5179653958285
0.0300799999999999  4357.54445082392
0.0300999999999999  4356.591859881201
0.0301300000000001  4355.629126339829
0.0301500000000001  4354.65625701636
0.0301800000000001  4353.69395121067
0.0302  4352.731858058381
0.03023  4351.7699775125
0.03025  4350.808309526045
0.03028  4349.846854052044
0.0303  4348.885611043536
0.0303299999999999  4347.934912986236
0.0303499999999999  4346.9637622352
0.0303800000000001  4346.003156341501
0.0304000000000001  4345.053088409784
0.0304300000000001  4344.092904742873
0.03045  4343.132933260403
0.03048  4342.183492780349
0.0305  4341.223943245816
0.03053  4340.264605755595
0.03055  4339.3157923128165
0.0305799999999999  4338.356876491864
0.0305999999999999  4337.408480092594
0.0306300000000001  4336.4499857555675
0.0306500000000001  4335.502006216495
0.0306800000000001  4334.543933178137
0.0307  4333.596370316036
0.03073  4332.638718391167
0.03075  4331.69157202289
0.03078  4330.734341026413
0.0308  4329.7979004003455
0.0308299999999999  4328.841087873454
0.0308499999999999  4327.894771694856
0.0308800000000001  4326.938379727406
0.0309000000000001  4325.992479494663
0.0309300000000001  4325.046786042595
0.03095  4324.101299326003
0.03098  4323.15601929969
0.031  4322.210945918474
0.03103  4321.255809980942
0.03105  4320.311151999316
0.0310799999999999  4319.376965193708
0.0310999999999999  4318.422455518261
0.0311300000000001  4317.478416928549
0.0311500000000001  4316.534584712549
0.0311800000000001  4315.58070315539
0.0312  4314.647539221224
0.03123  4313.7043258557
0.03125  4312.761318683484
0.03128  4311.8185176595025
0.0313  4310.865678273858
0.0313299999999999  4309.933533875987
0.0313499999999999  4308.991351026353
0.0313800000000001  4308.04937414475
0.0314000000000001  4307.107603186149
0.0314300000000001  4306.166038105538
0.03145  4305.224678857909
0.03148  4304.283525398264
0.0315  4303.342577681619
0.03153  4302.401835662995
0.03155  4301.461299297425
0.0315799999999999  4300.520968539953
0.0315999999999999  4299.5808433456305
0.0316300000000001  4298.640923669521
0.0316500000000001  4297.701209466693
0.0316800000000001  4296.761700692235
0.0317  4295.822397301235
0.03173  4294.883299248793
0.03175  4293.9444064900235
0.03178  4293.005718980046
0.0318  4292.067236673993
0.0318299999999999  4291.139157088931
0.0318499999999999  4290.201082826897
0.0318800000000001  4289.263213634727
0.0319000000000001  4288.3255494675905
0.0319300000000001  4287.377901632864
0.03195  4286.440649608658
0.03198  4285.503602474567
0.032  4284.57694215313
0.03203  4283.640302439057
0.03205  4282.693689965139
0.0320799999999999  4281.757461943706
0.0320999999999999  4280.821438588536
0.0321300000000001  4279.885619854887
0.0321500000000001  4278.950005698026
0.0321800000000001  4278.0145960732325
0.0322  4277.0692267858185
0.03223  4276.144390241003
0.03225  4275.199434237629
0.03228  4274.264844515062
0.0323  4273.330459100613
0.0323299999999999  4272.39627794962
0.0323499999999999  4271.452150216034
0.0323800000000001  4270.5285282593895
0.0324000000000001  4269.584813267078
0.0324300000000001  4268.651450941533
0.03245  4267.718292655789
0.03248  4266.77519867829
0.0325  4265.852588025291
0.03253  4264.909906337142
0.03255  4263.977565980287
0.0325799999999999  4263.0352986404805
0.0325999999999999  4262.093239525911
0.0326300000000001  4261.161514912928
0.0326500000000001  4260.229993981731
0.0326800000000001  4259.298676687792
0.0327  4258.357443303839
0.03273  4257.426535363112
0.03275  4256.495830925637
0.03278  4255.555216923465
0.0328  4254.614810781171
0.0328299999999999  4253.67461245282
0.0328499999999999  4252.74472821301
0.0328800000000001  4251.80494314146
0.0329000000000001  4250.8653657466075
0.0329300000000001  4249.93609562858
0.03295  4248.996931217603
0.03298  4248.057974346166
0.033  4247.129317944338
0.03303  4246.180683038478
0.03305  4245.252437026199
0.0330799999999999  4244.314307625012
0.0330999999999999  4243.376385534647
0.0331300000000001  4242.438670709293
0.0331500000000001  4241.501163103147
0.0331800000000001  4240.573940067995
0.0332  4239.626769365319
0.03323  4238.689883142085
0.03325  4237.7532039549515
0.03328  4236.816731758167
0.0333  4235.8804665059915
0.0333299999999999  4234.934344133262
0.0333499999999999  4233.998494857097
0.0333800000000001  4233.062852387886
0.0334000000000001  4232.127416679927
0.0334300000000001  4231.182132584961
0.03345  4230.247112484452
0.03348  4229.312299007662
0.0335  4228.35759530454
0.03353  4227.423199379273
0.03355  4226.478966013967
0.0335799999999999  4225.544985234182
0.0335999999999999  4224.601171385063
0.0336300000000001  4223.657568345338
0.0336500000000001  4222.724211046993
0.0336800000000001  4221.781027243407
0.0337  4220.838054108489
0.03373  4219.895291595185
0.03375  4218.952739656451
0.03378  4218.010398245251
0.0338  4217.068267314567
0.0338299999999999  4216.126346817379
0.0338499999999999  4215.184636706691
0.0338800000000001  4214.233122111055
0.0339000000000001  4213.291834869299
0.0339300000000001  4212.3507578725985
0.03395  4211.40989107399
0.03398  4210.469234426527
0.034  4209.518784262104
0.03403  4208.568548647526
0.03405  4207.628526639698
0.0340799999999999  4206.678717722375
0.0340999999999999  4205.729123210143
0.0341300000000001  4204.789735413775
0.0341500000000001  4203.840567310916
0.0341800000000001  4202.891613468495
0.0342  4201.942873838145
0.03423  4200.99434837151
0.03425  4200.056018130103
0.03428  4199.107918592795
0.0343  4198.150056470517
0.0343299999999999  4197.202387175414
0.0343499999999999  4196.26490390298
0.0343800000000001  4195.30769030323
0.0344000000000001  4194.350695054296
0.0344300000000001  4193.413848733198
0.03445  4192.457285490096
0.03448  4191.50094044946
0.0345  4190.554772092392
0.03453  4189.598861035724
0.03455  4188.6431680327505
0.0345799999999999  4187.697644774864
0.0345999999999999  4186.74238545997
0.0346300000000001  4185.797291275189
0.0346500000000001  4184.832520495547
0.0346800000000001  4183.8779147466175
0.0347  4182.923526753628
0.03473  4181.969356466906
0.03475  4181.015403836787
0.03478  4180.051735218802
0.0348  4179.10815134778
0.0348299999999999  4178.144922326206
0.0348499999999999  4177.191842091053
0.0348800000000001  4176.229054753356
0.0349000000000001  4175.276411548403
0.0349300000000001  4174.304145755964
0.03495  4173.35194164366
0.03498  4172.390039352106
0.035  4171.428358766278
0.03503  4170.47681065222
0.03505  4169.505662507407
0.0350799999999999  4168.544646732198
0.0350999999999999  4167.57394851613
0.0351300000000001  4166.613377975385
0.0351500000000001  4165.653028833419
0.0351800000000001  4164.683003967062
0.0352  4163.723099750709
0.03523  4162.76341677955
0.03525  4161.79406479582
0.03528  4160.8249385379295
0.0353  4159.8659235545065
0.0353299999999999  4158.88736298943
0.0353499999999999  4157.918913593728
0.0353800000000001  4156.960568410527
0.0354000000000001  4155.9925676932535
0.0354300000000001  4155.014918290549
0.03545  4154.047370642456
0.03548  4153.08004830004
0.0355  4152.10308403399
0.03553  4151.126349587535
0.03555  4150.159707441726
0.0355799999999999  4149.18343015224
0.0355999999999999  4148.217240439735
0.0356300000000001  4147.241420093248
0.0356500000000001  4146.26582929726
0.0356800000000001  4145.280617034035
0.0357  4144.305487494393
0.03573  4143.330587342747
0.03575  4142.355916525139
0.03578  4141.381474987618
0.0358  4140.397423317071
0.0358299999999999  4139.423442492531
0.0358499999999999  4138.439856078601
0.0358800000000001  4137.466335749216
0.0359000000000001  4136.483214371936
0.0359300000000001  4135.500326598405
0.03595  4134.517672373112
0.03598  4133.535251640568
0.036  4132.553064345287
0.03603  4131.5711104318025
0.03605  4130.579573816898
0.0360799999999999  4129.598088833085
0.0360999999999999  4128.607025724048
0.0361300000000001  4127.626009445967
0.0361500000000001  4126.635419616675
0.0361800000000001  4125.645067519243
0.0362  4124.654953096616
0.03623  4123.665076291758
0.03625  4122.675437047641
0.03628  4121.676240437629
0.0363  4120.687078494644
0.0363299999999999  4119.688363795265
0.0363499999999999  4118.70946671925
0.0363800000000001  4117.711231325848
0.0364000000000001  4116.713237870827
0.0364300000000001  4115.715486295549
0.03645  4114.717976541393
0.03648  4113.720708549745
0.0365  4112.723682262014
0.03653  4111.726897619618
0.03655  4110.730354563991
0.0365799999999999  4109.72428656992
0.0365999999999999  4108.728228879248
0.0366300000000001  4107.722650889238
0.0366500000000001  4106.717319006308
0.0366800000000001  4105.712233170219
0.0367  4104.717147865128
0.03673  4103.712551554744
0.03675  4102.698451340918
0.03678  4101.704096474259
0.0368  4100.690492585334
0.0368299999999999  4099.677139175919
0.0368499999999999  4098.673776366884
0.0368800000000001  4097.660921323845
0.0369000000000001  4096.648316575269
0.0369300000000001  4095.645695046056
0.03695  4094.623857714096
0.03698  4093.6120034778446
0.037  4092.6003992887345
0.03703  4091.579321738534
0.03705  4090.568219861164
0.0370799999999999  4089.5476493266965
0.0370999999999999  4088.537049511641
0.0371300000000001  4087.5169857411483
0.0371500000000001  4086.4971764700235
0.0371800000000001  4085.4776216347695
0.0372  4084.4486147710822
0.03723  4083.429571038834
0.03725  4082.410781551461
0.03728  4081.382547130995
0.0373  4080.3642683629573
0.0373299999999999  4079.3268551672413
0.0373499999999999  4078.309089281166
0.0373800000000001  4077.27219860495
0.0374000000000001  4076.2452584363714
0.0374300000000001  4075.208892479327
0.03745  4074.182471994458
0.03748  4073.156310033516
0.0375  4072.1207294269034
0.03753  4071.0950867558586
0.03755  4070.0503580210548
0.0375799999999999  4069.015567087958
0.0375999999999999  4067.9810392455315
0.0376300000000001  4066.937109640902
0.0376500000000001  4065.9031102363883
0.0376800000000001  4064.8693737213016
0.0377  4063.816585265296
0.03773  4062.7833792392544
0.03775  4061.740783463642
0.03778  4060.688805302728
0.0378  4059.646747038899
0.0378299999999999  4058.604956189165
0.0378499999999999  4057.563432684903
0.0378800000000001  4056.502896454957
0.0379000000000001  4055.4619123834905
0.0379300000000001  4054.411560430551
0.03795  4053.3614805154825
0.03798  4052.3116725678283
0.038  4051.2525090045006
0.03803  4050.1936222775907
0.03805  4049.1446347953142
0.0380799999999999  4048.086299009137
0.0380999999999999  4047.0282398430213
0.0381300000000001  4045.9704572246646
0.0381500000000001  4044.9033386574897
0.0381800000000001  4043.8461114302518
0.0382  4042.78916053333
0.03823  4041.7228810283264
0.03825  4040.656882752925
0.03828  4039.591165632952
0.0383  4038.5257295942515
0.0383299999999999  4037.4605745626873
0.0383499999999999  4036.3957004641475
0.0383800000000001  4035.32151757075
0.0384000000000001  4034.2572076452443
0.0384300000000001  4033.183593856706
0.03845  4032.110265782862
0.03848  4031.037223347677
0.0385  4029.954889574762
0.03853  4028.882420737515
0.03855  4027.8006655292475
0.0385799999999999  4026.71920077233
0.0385999999999999  4025.638026388773
0.0386300000000001  4024.5571423006127
0.0386500000000001  4023.476548429906
0.0386800000000001  4022.3866857836474
0.0387  4021.306674680664
0.03873  4020.2173998008125
0.03875  4019.1284199792226
0.03878  4018.039735135972
0.0388  4016.95134519116
0.0388299999999999  4015.853706674981
0.0388499999999999  4014.7754496773405
0.0388800000000001  4013.678405728165
0.0389000000000001  4012.5816615480426
0.0389300000000001  4011.4852170550575
0.03895  4010.379541786364
0.03898  4009.2836990262012
0.039  4008.188155706861
0.03903  4007.092911746523
0.03905  4005.988447117553
0.0390799999999999  4004.874769610045
0.0390999999999999  4003.7709163618383
0.0391300000000001  4002.6768794193677
0.0391500000000001  4001.564122538194
0.0391800000000001  4000.451675006966
0.0392  3999.339536739683
0.03923  3998.2372091533616
0.03925  3997.125686514618
0.03928  3996.0049766618677
0.0393  3994.894074590844
0.0393299999999999  3993.773990435075
0.0393499999999999  3992.6542203273107
0.0393800000000001  3991.5442497771865
0.0394000000000001  3990.4251048417377
0.0394300000000001  3989.2967934116487
0.03945  3988.1782786156277
0.03948  3987.0506024862007
0.0395  3985.9232452124916
0.03953  3984.805676288331
0.03955  3983.6789537780433
0.0395799999999999  3982.552549853833
0.0395999999999999  3981.4170028720714
0.0396300000000001  3980.281779669327
0.0396500000000001  3979.156336312045
0.0396800000000001  3978.0123042316345
0.0397  3976.8875025791854
0.03973  3975.7441228025223
0.03975  3974.6105171105974
0.03978  3973.46779198135
0.0398  3972.334835340645
0.0398299999999999  3971.183327250046
0.0398499999999999  3970.051021979787
0.0398800000000001  3968.9001759254165
0.0399000000000001  3967.759092554611
0.0399300000000001  3966.608910889164
0.03995  3965.4590626405993
0.03998  3964.3095477122656
0.04  3963.1603660075366
0.04003  3962.0115174298203
0.04005  3960.8535891964825
0.0400799999999999  3959.7054093116803
0.0400999999999999  3958.538747871109
0.0401300000000001  3957.381834581292
0.0401500000000001  3956.2252594082524
0.0401800000000001  3955.0596233360548
0.0402  3953.9037268470497
0.04023  3952.748168177653
0.04025  3951.5741659384685
0.04028  3950.409900233722
0.0403  3949.245977560529
0.0403299999999999  3948.0730155038814
0.0403499999999999  3946.9097813549674
0.0403800000000001  3945.737513169891
0.0404000000000001  3944.556219202624
0.0404300000000001  3943.384650046962
0.04045  3942.213428858019
0.04048  3941.042555532445
0.0405  3939.853304383904
0.04053  3938.6737720595042
0.04055  3937.4945928691927
0.0405799999999999  3936.3157667072455
0.0405999999999999  3935.1279419170755
0.0406300000000001  3933.9498242945297
0.0406500000000001  3932.7627134524305
0.0406800000000001  3931.575960833546
0.0407  3930.3895663297794
0.04073  3929.1941923832987
0.04075  3927.999181993367
0.04078  3926.8138668203314
0.0408  3925.619580373693
0.0408299999999999  3924.4256571528567
0.0408499999999999  3923.222773788237
0.0408800000000001  3922.02957952317
0.0409000000000001  3920.827430584982
0.0409300000000001  3919.6256501198072
0.04095  3918.424238014709
0.04098  3917.2138851773593
0.041  3916.0132123070384
0.04103  3914.803604205743
0.04105  3913.603670115345
0.0410799999999999  3912.3948062918653
0.0410999999999999  3911.1770212382417
0.0411300000000001  3909.9689069766205
0.0411500000000001  3908.751877016508
0.0411800000000001  3907.5445118519733
0.0412  3906.328236517171
0.04123  3905.1123397642855
0.04125  3903.887544165158
0.04128  3902.6724071103126
0.0413  3901.4483767692645
0.0413299999999999  3900.2247303318936
0.0413499999999999  3899.0014676777882
0.0413800000000001  3897.769325915768
0.0414000000000001  3896.5468333722933
0.0414300000000001  3895.315467310786
0.04145  3894.084490379051
0.04148  3892.863153543774
0.0415  3891.6329515792268
0.04153  3890.393893132958
0.04155  3889.155229190964
0.0415799999999999  3887.926198985003
0.0415999999999999  3886.679084317413
0.0416300000000001  3885.4416031347646
0.0416500000000001  3884.213746489211
0.0416800000000001  3882.9678226502856
0.0417  3881.722298461408
0.04173  3880.477173794384
0.04175  3879.2232298237263
0.04178  3877.9789067730385
0.0418  3876.7349828589213
0.0418299999999999  3875.4822481461833
0.0418499999999999  3874.2299182442653
0.0418800000000001  3872.9779930223526
0.0419000000000001  3871.735673231506
0.0419300000000001  3870.4753560955164
0.04195  3869.215449214622
0.04198  3867.955952455275
0.042  3866.7060546133025
0.04203  3865.4381887672657
0.04205  3864.179921571731
0.0420799999999999  3862.9220639639984
0.0420999999999999  3861.655438862006
0.0421300000000001  3860.389229077519
0.0421500000000001  3859.123434474355
0.0421800000000001  3857.8580549163808
0.0422  3856.583925370862
0.04223  3855.3193785001426
0.04225  3854.0460873998386
0.04228  3852.76406100865
0.0423  3851.5007666447145
0.0423299999999999  3850.2195869399197
0.0423499999999999  3848.947980140853
0.0423800000000001  3847.667649605891
0.0424000000000001  3846.3877449655574
0.0424300000000001  3845.1082660781844
0.04245  3843.829212802146
0.04248  3842.5505849958645
0.0425  3841.2632540296513
0.04253  3839.9854797748817
0.04255  3838.6898857972633
0.0425799999999999  3837.41296755872
0.0425999999999999  3836.1182415352528
0.0426300000000001  3834.8330655321897
0.0426500000000001  3833.5392099561604
0.0426800000000001  3832.2548979800376
0.0427  3830.961912266243
0.04273  3829.669362800063
0.04275  3828.368151590441
0.04278  3827.076477247547
0.0428  3825.776147025661
0.0428299999999999  3824.48534721355
0.0428499999999999  3823.185897382926
0.0428800000000001  3821.886889067881
0.0429000000000001  3820.588322118402
0.0429300000000001  3819.2811201353356
0.04295  3817.9743654072154
0.04298  3816.6771278204465
0.043  3815.371264039906
0.04303  3814.0658470564504
0.04305  3812.7608767172087
0.0430799999999999  3811.447295236702
0.0430999999999999  3810.1432208265273
0.0431300000000001  3808.8305411870774
0.0431500000000001  3807.518313795152
0.0431800000000001  3806.2065384949397
0.0432  3804.8952151306853
0.04323  3803.5753046212512
0.04325  3802.264887775973
0.04328  3800.9549223986364
0.0433  3799.6363787688383
0.0433299999999999  3798.309266128105
0.0433499999999999  3797.000663550982
0.0433800000000001  3795.6834916456373
0.0434000000000001  3794.3667766645817
0.0434300000000001  3793.032490685504
0.04345  3791.7166953313567
0.04348  3790.3923488268933
0.0435  3789.0684648816887
0.04353  3787.745043334181
0.04355  3786.4130858822246
0.0435799999999999  3785.0905917884743
0.0435999999999999  3783.7685596069864
0.0436300000000001  3782.4380004822838
0.0436500000000001  3781.1168947808856
0.0436800000000001  3779.7872681119547
0.0437  3778.44912979028
0.04373  3777.1204412387297
0.04375  3775.783247039828
0.04378  3774.4554959437696
0.0438  3773.128211750299
0.0438299999999999  3771.7924308995284
0.0438499999999999  3770.457122948267
0.0438800000000001  3769.1222877290984
0.0439000000000001  3767.7879250746605
0.0439300000000001  3766.454034817657
0.04395  3765.111669271493
0.04398  3763.7787264753365
0.044  3762.4373144100086
0.04403  3761.1053184017196
0.04405  3759.764859139974
0.0440799999999999  3758.4248776183817
0.0440999999999999  3757.085373666676
0.0441300000000001  3755.7374218725295
0.0441500000000001  3754.398875730999
0.0441800000000001  3753.060806647787
0.0442  3751.714298771409
0.04423  3750.3682739896462
0.04425  3749.022732129176
0.04428  3747.6776730167353
0.0443  3746.333096479127
0.0443299999999999  3744.989002343215
0.0443499999999999  3743.645390435924
0.0443800000000001  3742.293367290959
0.0444000000000001  3740.950722512637
0.0444300000000001  3739.599672551033
0.04445  3738.2579942055445
0.04448  3736.907916726804
0.0445  3735.55832683057
0.04453  3734.2092243407487
0.04455  3732.8606090813155
0.0445799999999999  3731.5124808763053
0.0445999999999999  3730.15597510018
0.0446300000000001  3728.817684926014
0.0446500000000001  3727.462158781148
0.0446800000000001  3726.1159802345546
0.0447  3724.7614362324634
0.04473  3723.407384643776
0.04475  3722.0626704849424
0.04478  3720.709599970642
0.0448  3719.357021334095
0.0448299999999999  3717.9960988439275
0.0448499999999999  3716.653338979073
0.0448800000000001  3715.302234903174
0.0449000000000001  3713.9427960699986
0.0449300000000001  3712.583854659058
0.04495  3711.243049434304
0.04498  3709.885095867739
0.045  3708.527639179946
0.04503  3707.1794890158385
0.04505  3705.8230223166893
0.0450799999999999  3704.467051952262
0.0450999999999999  3703.120377921506
0.0451300000000001  3701.765396461754
0.0451500000000001  3700.4021170515566
0.0451800000000001  3699.0569207346493
0.0452  3697.6946387969538
0.04523  3696.3416426293793
0.04525  3694.989141526652
0.04528  3693.6283576632654
0.0453  3692.2856237912197
0.0453299999999999  3690.925835574416
0.0453499999999999  3689.566548137937
0.0453800000000001  3688.2165260600555
0.0454000000000001  3686.858236403144
0.0454300000000001  3685.5092053036287
0.04545  3684.1519126938692
0.04548  3682.803871845299
0.0455  3681.4475755508124
0.04553  3680.0917787506505
0.04555  3678.736481260863
0.0455799999999999  3677.3904219328597
0.0455999999999999  3676.0273834769364
0.0456300000000001  3674.682315414916
0.0456500000000001  3673.3290101124217
0.0456800000000001  3671.976203202737
0.0457  3670.6151715471497
0.04573  3669.2720838276728
0.04575  3667.9120544640027
0.04578  3666.561242500867
0.0458  3665.2109280122972
0.0458299999999999  3663.8611108150835
0.0458499999999999  3662.503087048714
0.0458800000000001  3661.154267090235
0.0459000000000001  3659.8146411405137
0.0459300000000001  3658.4581172131993
0.04595  3657.1107869288353
0.04598  3655.755265195155
0.046  3654.408930312202
0.04603  3653.063091255006
0.04605  3651.7090698148018
0.0460799999999999  3650.3642250573057
0.0460999999999999  3649.0198755767856
0.0461300000000001  3647.667352769532
0.0461500000000001  3646.32399648822
0.0461800000000001  3644.972472918589
0.0462  3643.621450296204
0.04623  3642.2795840324784
0.04625  3640.938211948812
0.04628  3639.597333863211
0.0463  3638.248303556136
0.0463299999999999  3636.8997732721696
0.0463499999999999  3635.5603824553996
0.0463800000000001  3634.2128484593995
0.0464000000000001  3632.8744471784016
0.0464300000000001  3631.536538801385
0.04645  3630.190496258022
0.04648  3628.8449526303402
0.0465  3627.5085282282284
0.04653  3626.172596002061
0.04655  3624.837155770577
0.0465799999999999  3623.4935963784833
0.0465999999999999  3622.1505349816844
0.0466300000000001  3620.8165759874983
0.0466500000000001  3619.483108261298
0.0466800000000001  3618.1501316221616
0.0467  3616.809050800475
0.04673  3615.4770589583427
0.04675  3614.1455576597386
0.04678  3612.8059611483063
0.0468  3611.4754435567324
0.0468299999999999  3610.1454159657496
0.0468499999999999  3608.8158781949055
0.0468800000000001  3607.4868300638045
0.0469000000000001  3606.158271392128
0.0469300000000001  3604.830201999616
0.04695  3603.5026217060777
0.04698  3602.175530331389
0.047  3600.848927695493
0.04703  3599.5142596294772
0.04705  3598.188637081502
0.0470799999999999  3596.8635027313812
0.0470999999999999  3595.5388563993233
0.0471300000000001  3594.2232393004874
0.0471500000000001  3592.8995653198313
0.0471800000000001  3591.576378819413
0.0472  3590.253679619709
0.04723  3588.9399963809205
0.04725  3587.618268103332
0.04728  3586.3055491685313
0.0473  3584.9847911003576
0.0473299999999999  3583.6730357617
0.0473499999999999  3582.353247190765
0.0473800000000001  3581.0424547409248
0.0474000000000001  3579.7321419134823
0.0474300000000001  3578.422308532938
0.04745  3577.1129544238643
0.04748  3575.7955817877228
0.0475  3574.4871888048547
0.04753  3573.179274566412
0.04755  3571.8718388972193
0.0475799999999999  3570.564881622168
0.0475999999999999  3569.2584025662113
0.0476300000000001  3567.9524015543693
0.0476500000000001  3566.646878411721
0.0476800000000001  3565.3503057440003
0.0477  3564.054204415533
0.04773  3562.7501076334456
0.04775  3561.4464880237883
0.04778  3560.151805838717
0.0478  3558.8491369545036
0.0478299999999999  3557.563853253517
0.0478499999999999  3556.2621313079435
0.0478800000000001  3554.969333776845
0.0479000000000001  3553.6770062126384
0.0479300000000001  3552.3851484444767
0.04795  3551.0937603015764
0.04798  3549.8028416132165
0.048  3548.512392208736
0.04803  3547.22241191754
0.04805  3545.949753902395
0.0480799999999999  3544.660705199578
0.0480999999999999  3543.3721251008506
0.0481300000000001  3542.0840134358637
0.0481500000000001  3540.8131989544067
0.0481800000000001  3539.5260175283274
0.0482  3538.24771240089
0.04823  3536.969868935266
0.04825  3535.6924869647237
0.04828  3534.4155663225965
0.0483  3533.1391068422727
0.0483299999999999  3531.871501577985
0.0483499999999999  3530.5959608904577
0.0483800000000001  3529.3208808663626
0.0484000000000001  3528.054645489646
0.0484300000000001  3526.7888644077025
0.04845  3525.5235374575423
0.04848  3524.2502893467736
0.0485  3522.9858731762392
0.04853  3521.7302797687375
0.04855  3520.4584015986707
0.0485799999999999  3519.1953458661833
0.0485999999999999  3517.941103403953
0.0486300000000001  3516.678950817464
0.0486500000000001  3515.425605199317
0.0486800000000001  3514.1643551130314
0.0487  3512.92025388228
0.04873  3511.6599026557406
0.04875  3510.4000036128828
0.04878  3509.157235055809
0.0488  3507.8982339098447
0.0488299999999999  3506.656351041216
0.0488499999999999  3505.406577481163
0.0488800000000001  3504.1655767206316
0.0489000000000001  3502.916690873423
0.0489300000000001  3501.676571594428
0.04895  3500.428572829524
0.04898  3499.197649979838
0.049  3497.950534703473
0.04903  3496.720483253869
0.04905  3495.4742508405984
0.0490799999999999  3494.2450701741946
0.0490999999999999  3493.0080208637296
0.0491300000000001  3491.7797074450827
0.0491500000000001  3490.5518259618457
0.0491800000000001  3489.3160841513177
0.0492  3488.089068999201
0.04923  3486.854199065642
0.04925  3485.6363329798683
0.04928  3484.4106118092473
0.0493  3483.1853216624736
0.0493299999999999  3481.9687370186844
0.0493499999999999  3480.7443055551876
0.0493800000000001  3479.528573493859
0.0494000000000001  3478.3132660556303
0.0494300000000001  3477.0901200355142
0.04945  3475.8756642846806
0.04948  3474.669889996724
0.0495  3473.4480251668238
0.04953  3472.2430930220007
0.04955  3471.0385788657195
0.0495799999999999  3469.8262367584002
0.0495999999999999  3468.622561004702
0.0496300000000001  3467.4193028037075
0.0496500000000001  3466.208224813933
0.0496800000000001  3465.0058041413135
0.0497  3463.812032068704
0.04973  3462.6022140033297
0.04975  3461.409270021332
0.04978  3460.2167370352427
0.0498  3459.0246149034665
0.0498299999999999  3457.8246862106994
0.0498499999999999  3456.633388193984
0.0498800000000001  3455.4425006061037
0.0499000000000001  3454.260232089233
0.0499300000000001  3453.0619561512985
0.04995  3451.880502130042
0.04998  3450.691252017818
