1e-08  52829.03619604186
2.99999999999727e-05  52462.48763318625
4.99999999999545e-05  51741.39920345162
8.00000000000409e-05  51032.89769176655
0.000100000000000023  50348.02325932406
0.000129999999999995  49689.40630695807
0.000149999999999977  49057.49546304271
0.00017999999999995  48452.18864719369
0.000200000000000045  47872.60979954169
0.000230000000000018  47317.92597326788
0.00025  46787.09151225938
0.000279999999999973  46278.85988729091
0.000299999999999955  45792.29060957421
0.000330000000000041  45326.3228793867
0.000350000000000023  44879.94331812178
0.000379999999999995  44452.02208872275
0.000399999999999977  44041.795145882
0.00042999999999995  43648.294258176655
0.000450000000000045  43270.66823625121
0.000480000000000018  42908.17700317937
0.0005  42560.0323446309
0.000529999999999973  42225.55180787857
0.000549999999999954  41904.153863057465
0.000580000000000041  41595.05271584992
0.000600000000000023  41297.78776508793
0.000629999999999995  41011.69241454907
0.000649999999999977  40736.342544403014
0.00067999999999995  40471.25522387269
0.000700000000000045  40215.89023284657
0.000730000000000018  39969.86816627927
0.00075  39732.74961515646
0.000779999999999973  39504.179429603304
0.000799999999999955  39283.74191353747
0.000830000000000041  39071.10345002293
0.000850000000000023  38865.93969536586
0.000879999999999995  38667.93506687311
0.000899999999999977  38476.85182352092
0.00092999999999995  38292.38947433618
0.000950000000000045  38114.18606856598
0.000980000000000018  37942.09373132566
0.001  37775.83216342934
0.00102999999999997  37615.26341220282
0.00104999999999995  37460.050071659076
0.00108000000000004  37309.99648233731
0.00110000000000002  37164.9784988256
0.00113  37024.80812317827
0.00114999999999998  36889.301301646694
0.00117999999999995  36758.277723082625
0.00120000000000005  36631.5606267623
0.00123000000000002  36509.042627245275
0.00125  36390.55288099919
0.00127999999999997  36275.98919957668
0.00129999999999995  36165.120727916015
0.00133000000000004  36057.91575701506
0.00135000000000002  35954.278680180076
0.00138  35853.98605960168
0.00139999999999998  35757.011544290304
0.00142999999999995  35663.265221467205
0.00145000000000005  35572.53010906402
0.00148000000000002  35484.84861139205
0.0015  35400.071261656085
0.00152999999999997  35318.05055147491
0.00154999999999995  35238.83195515368
0.00158000000000004  35162.2067362842
0.00160000000000002  35088.22217704881
0.00163  35016.67236827996
0.00164999999999998  34947.6062252617
0.00167999999999995  34880.88348871803
0.00170000000000005  34816.42830011391
0.00173000000000002  34754.16571677601
0.00175  34694.1471210935
0.00177999999999997  34636.17339886085
0.00179999999999995  34580.29716058323
0.00183000000000004  34526.38371500716
0.00185000000000002  34474.48648739624
0.00188  34424.40991629304
0.00189999999999998  34376.20844232444
0.00192999999999995  34329.81232072918
0.00195000000000005  34285.15243314425
0.00198000000000002  34242.16025382296
0.002  34200.89148689239
0.00202999999999997  34161.27826513641
0.00204999999999995  34123.191559736944
0.00208000000000004  34086.68799361817
0.00210000000000002  34051.70100975215
0.00213  34018.1645120955
0.00214999999999998  33986.074284273374
0.00217999999999995  33955.42629431755
0.00220000000000005  33926.15535557218
0.00223000000000002  33898.19666566993
0.00225  33871.608260472996
0.00227999999999997  33846.264563094555
0.00229999999999995  33822.16281001412
0.00233000000000004  33799.361483305125
0.00235000000000002  33777.7358354709
0.00238  33757.28362897211
0.00239999999999998  33737.94175059601
0.00242999999999995  33719.830235681424
0.00245000000000005  33702.76431083072
0.00248000000000002  33686.803303431705
0.0025  33671.88477304941
0.00252999999999997  33658.00734113415
0.00254999999999995  33645.169725703956
0.00258000000000004  33633.37074114714
0.00260000000000002  33622.48771948797
0.00263  33612.58054533514
0.00264999999999998  33603.64835803571
0.00267999999999995  33595.62964111853
0.00270000000000005  33588.523741718345
0.00273000000000002  33582.330081376145
0.00275  33576.98744900388
0.00277999999999997  33572.49543876497
0.00279999999999995  33568.9144017221
0.00283000000000004  33566.06198453871
0.00285000000000002  33564.12005195458
0.00288  33562.90640114196
0.00289999999999998  33562.54231445574
0.00292999999999995  33562.90640114196
0.00295000000000005  33563.99868489846
0.00298000000000002  33565.87992358615
0.003  33568.48955826909
0.00302999999999997  33571.827758819985
0.00304999999999995  33575.89474254994
0.00308000000000004  33580.6300606895
0.00310000000000002  33586.033995862286
0.00313  33592.16760492287
0.00314999999999998  33598.90979400826
0.00317999999999995  33606.32168897091
0.00320000000000005  33614.40373239701
0.00323000000000002  33623.095616643404
0.00325  33632.39781374088
0.00327999999999997  33642.31082895458
0.00329999999999995  33652.83520082968
0.00333000000000004  33663.91063712688
0.00335000000000002  33675.65945008562
0.00338  33687.89961933525
0.00339999999999998  33700.75353873853
0.00342999999999995  33714.160952400176
0.00345000000000005  33728.12251693991
0.00348000000000002  33742.577909957916
0.0035  33757.64982821343
0.00352999999999997  33773.15590700143
0.00354999999999995  33789.218919336025
0.00358000000000004  33805.83965298377
0.00360000000000002  33822.8966200965
0.00363  33840.451655821926
0.00364999999999998  33858.50552663678
0.00367999999999995  33877.05902107239
0.00370000000000005  33896.11294977208
0.00373000000000002  33915.60682637198
0.00375  33935.54139746063
0.00377999999999997  33955.917426797896
0.00379999999999995  33976.797125062505
0.00383000000000004  33998.058469546995
0.00385000000000002  34019.763667883206
0.00388  34041.97510055647
0.00389999999999998  34064.50897531889
0.00392999999999995  34087.55080264285
0.00395000000000005  34110.916575672156
0.00398000000000002  34134.73036942702
0.004  34158.931340562194
0.00402999999999997  34183.58209239477
0.00404999999999995  34208.559875911975
0.00408000000000004  34233.92727642499
0.00410000000000002  34259.74707469972
0.00413  34285.83429976334
0.00414999999999998  34312.37564164533
0.00417999999999995  34339.24795361293
0.00420000000000005  34366.45198091242
0.00423000000000002  34394.05066246567
0.00425  34421.98267952743
0.00427999999999997  34450.24880802115
0.00429999999999995  34478.84983356875
0.00433000000000004  34507.848941362
0.00435000000000002  34537.122209785084
0.00438  34566.73279129459
0.00439999999999998  34596.68151067631
0.00442999999999995  34626.90659739793
0.00445000000000005  34657.47139062231
0.00448000000000002  34688.37674305989
0.0045  34719.56074469642
0.00452999999999997  34751.024097278336
0.00454999999999995  34782.76750924896
0.00458000000000004  34814.854640673286
0.00460000000000002  34847.22338550112
0.00463  34879.87447395818
0.00464999999999998  34912.808643080345
0.00467999999999995  34945.963454685545
0.00470000000000005  34979.46596305257
0.00473000000000002  35013.19050021397
0.00475  35047.20101123034
0.00477999999999997  35081.498266052426
0.00479999999999995  35116.019552089885
0.00483000000000004  35150.829016803145
0.00485000000000002  35185.86383379422
0.00488  35221.12460791794
0.00489999999999998  35256.67569201831
0.00492999999999995  35292.45408508638
0.00495000000000005  35328.460406114886
0.00498000000000002  35364.69527843716
0.005  35401.159329744994
0.00502999999999997  35437.85319210684
0.00504999999999995  35474.777501985984
0.00508000000000004  35511.93290025891
0.00510000000000002  35549.25575942983
0.00513  35586.87520684967
0.00514999999999998  35624.66328239629
0.00517999999999995  35662.62043855581
0.00520000000000005  35700.81167683016
0.00523000000000002  35739.2376624183
0.00525  35777.8343789827
0.00527999999999997  35816.602290186194
0.00529999999999995  35855.6066886185
0.00533000000000004  35894.78335764872
0.00535000000000002  35934.13276898331
0.00538  35973.72043683551
0.00539999999999998  36013.41682924314
0.00542999999999995  36053.35257786418
0.00545000000000005  36093.397868249944
0.00548000000000002  36133.61829616387
0.0055  36174.079750167715
0.00552999999999997  36214.65198753692
0.00554999999999995  36255.400828705955
0.00558000000000004  36296.326767250495
0.00560000000000002  36337.364601525514
0.00563  36378.58037861829
0.00564999999999998  36419.97459860173
0.00567999999999995  36461.48184195134
0.00570000000000005  36503.16838500511
0.00573000000000002  36544.96866135963
0.00575  36586.8829524882
0.00577999999999997  36628.97776561953
0.00579999999999995  36671.18731180768
0.00583000000000004  36713.578253753614
0.00585000000000002  36756.01819852961
0.00588  36798.64026578554
0.00589999999999998  36841.378366177625
0.00592999999999995  36884.29947553044
0.00595000000000005  36927.270589028296
0.00598000000000002  36970.358606954374
0.006  37013.56382161336
0.00602999999999997  37056.886526287344
0.00604999999999995  37100.32701523904
0.00608000000000004  37143.8855837151
0.00610000000000002  37187.49529321982
0.00613  37231.29083125466
0.00614999999999998  37275.13794708834
0.00617999999999995  37319.104174019274
0.00620000000000005  37363.12225935281
0.00623000000000002  37407.25989619633
0.00625  37451.44967351602
0.00627999999999997  37495.82723692161
0.00629999999999995  37540.189512492485
0.00633000000000004  37584.672226909985
0.00635000000000002  37629.27568383056
0.00638  37673.863959641574
0.00639999999999998  37718.64145940303
0.00642999999999995  37763.40390376546
0.00645000000000005  37808.28782677118
0.00648000000000002  37853.22509683612
0.0065  37898.21577736625
0.00652999999999997  37943.2599318429
0.00654999999999995  37988.42630650586
0.00658000000000004  38033.577681254676
0.00660000000000002  38078.85156711503
0.00663  38124.110417356394
0.00664999999999998  38169.492070327055
0.00667999999999995  38214.927744084125
0.00670000000000005  38260.34832849187
0.00673000000000002  38305.89215446897
0.00675  38351.42085517901
0.00677999999999997  38397.00366930272
0.00679999999999995  38442.64066115693
0.00683000000000004  38488.33189513491
0.00685000000000002  38534.077435706466
0.00688  38579.80759539766
0.00689999999999998  38625.59202516989
0.00692999999999995  38671.36087187991
0.00695000000000005  38717.18395173483
0.00698000000000002  38763.061328997435
0.007  38808.99306800669
0.00702999999999997  38854.90898377601
0.00704999999999995  38900.808891455286
0.00708000000000004  38946.76302140865
0.00710000000000002  38992.70093916112
0.00713  39038.69304093616
0.00714999999999998  39084.668725838404
0.00717999999999995  39130.69855608818
0.00720000000000005  39176.71176423331
0.00723000000000002  39222.708164247466
0.00725  39268.75856748749
0.00727999999999997  39314.791956490306
0.00729999999999995  39360.808144757364
0.00733000000000004  39406.806945665005
0.00735000000000002  39452.859502828804
0.00738  39498.89446534774
0.00739999999999998  39544.84014934077
0.00742999999999995  39590.91085797493
0.00745000000000005  39636.89191354224
0.00748000000000002  39682.85462538524
0.0075  39728.7988059361
0.00752999999999997  39774.796179931494
0.00754999999999995  39820.70281772739
0.00758000000000004  39866.66243931191
0.00760000000000002  39912.53078255755
0.00763  39958.37965487442
0.00764999999999998  40004.28119533966
0.00767999999999995  40050.09064376047
0.00770000000000005  40095.88005613721
0.00773000000000002  40141.6492438944
0.00775  40187.39801835085
0.00777999999999997  40233.05344964373
0.00779999999999995  40278.76074840028
0.00783000000000004  40324.37416104452
0.00785000000000002  40369.966239677604
0.00787999999999999  40415.53679522536
0.00789999999999998  40461.08563851682
0.00792999999999995  40506.53934474772
0.00795000000000005  40551.970795683046
0.00798000000000002  40597.37980199031
0.008  40642.766174246666
0.00802999999999997  40688.05615922123
0.00804999999999995  40733.24932178799
0.00808000000000004  40778.492681442935
0.00810000000000002  40823.638676105336
0.00812999999999999  40868.68687130771
0.00814999999999998  40913.71080473107
0.00817999999999995  40958.71028675155
0.00820000000000005  41003.61099342944
0.00823000000000002  41048.486706825825
0.00825  41093.33723722879
0.00827999999999997  41138.01364024336
0.00829999999999995  41182.73861514624
0.00833000000000004  41227.36313704539
0.00835000000000002  41271.88677419535
0.00838  41316.38379507442
0.00839999999999998  41360.779230001855
0.00842999999999995  41405.07264858302
0.00845000000000005  41449.338561045435
0.00848000000000002  41493.5767778323
0.0085  41537.63690968895
0.00852999999999997  41581.743826984944
0.00854999999999996  41625.67180222715
0.00858000000000004  41669.57084577051
0.00860000000000002  41713.36535081077
0.00863  41757.13038705339
0.00864999999999998  41800.79018970944
0.00867999999999995  41844.34433283969
0.00870000000000005  41887.792391207084
0.00873000000000002  41931.20975147848
0.00875  41974.52033512007
0.00877999999999997  42017.72371846087
0.00879999999999995  42060.89552422186
0.00883000000000004  42103.959440107516
0.00885000000000002  42146.91504405948
0.00888  42189.76191476365
0.00889999999999998  42232.49963165696
0.00892999999999995  42275.20420806749
0.00895000000000004  42317.79894570495
0.00898000000000002  42360.283425702066
0.009  42402.65722996698
0.00902999999999997  42444.996681306286
0.00904999999999995  42487.1479591759
0.00908000000000004  42529.264204027
0.00910000000000002  42571.2682602123
0.00913  42613.15971300723
0.00914999999999998  42654.93814850054
0.00917999999999995  42696.68034875872
0.00920000000000004  42738.231586326096
0.00923000000000002  42779.745914938285
0.00925  42821.14572822558
0.00927999999999997  42862.35312098769
0.00929999999999995  42903.52259893866
0.00933000000000004  42944.576333230165
0.00935000000000002  42985.591633574506
0.00938  43026.412731840166
0.00939999999999998  43067.11686547281
0.00942999999999995  43107.7036293112
0.00945000000000005  43148.25063067753
0.00948000000000002  43188.601515969385
0.0095  43228.911978570184
0.00952999999999997  43269.10360468673
0.00954999999999995  43309.17599303297
0.00958000000000004  43349.05036846693
0.00960000000000002  43388.883009090954
0.00963  43428.595213861285
0.00964999999999998  43468.18658521936
0.00967999999999995  43507.6567265548
0.00970000000000005  43547.00524221213
0.00973000000000002  43586.2317374973
0.00975  43625.33581868422
0.00977999999999997  43664.31709302146
0.00979999999999995  43703.17516873871
0.00983000000000004  43741.90965505333
0.00985000000000002  43780.599317048975
0.00987999999999999  43819.08552577653
0.00989999999999998  43857.44697851942
0.00992999999999995  43895.68328851031
0.00995000000000005  43933.87350199227
0.00998000000000002  43971.85843894084
0.01  44040.60075432674
0.01003  44078.35919263675
0.01005  44115.910719140295
0.01008  44153.095092920106
0.0101  44189.751542276834
0.01013  44225.638821334105
0.01015  44260.35489374591
0.0101799999999999  44293.73679076571
0.0102  44325.46089199812
0.01023  44355.20282384136
0.01025  44382.79807906339
0.01028  44408.322916976016
0.0103  44431.37208701224
0.01033  44452.102457665555
0.01035  44470.43037051833
0.01038  44486.272415594794
0.0104  44499.78684141314
0.0104299999999999  44510.89104814342
0.01045  44519.6637207509
0.01048  44526.26448562123
0.0105  44530.611865226296
0.01053  44532.86622916239
0.01055  44532.94674427085
0.01058  44531.09493360524
0.0106  44527.23053329813
0.01063  44521.51505605335
0.01065  44513.86873401461
0.0106799999999999  44504.614416960285
0.0107  44493.51177607174
0.01073  44480.72303693068
0.01075  44466.33004980035
0.01078  44450.25400874273
0.0108  44432.65741016523
0.01083  44413.54206470443
0.01085  44392.829676805435
0.01088  44370.68293211938
0.0109  44347.103987317205
0.01093  44321.93487011105
0.01095  44295.418559218175
0.01098  44267.31738468095
0.011  44237.71436485982
0.01103  44206.69246245363
0.01105  44174.094957814006
0.01108  44139.76576038486
0.0111  44103.708945751525
0.01113  44065.849121571475
0.01115  44025.79298983384
0.01118  43982.91043027015
0.0112  43936.812586591856
0.01123  43886.240105682955
0.01125  43829.70289839576
0.01128  43765.08769665924
0.0113  43689.74468938695
0.01133  43600.418681030846
0.01135  43493.10678883984
0.01138  43363.552114362574
0.0114  43207.736484749046
0.01143  43022.13441861527
0.01145  42804.27143722899
0.01148  42552.72289631413
0.0115  42267.17948355026
0.01153  41948.574125220446
0.01155  41598.662640216746
0.01158  41219.61183947507
0.0116  40814.19224479885
0.01163  40385.36976136408
0.01165  39935.99016473184
0.01168  39468.698036130576
0.0117  38985.93367383473
0.01173  38490.002009050484
0.01175  37982.588721742984
0.01178  37465.19771116598
0.0118  36939.089740779156
0.01183  36405.09621695707
0.01185  35863.90545693676
0.01188  35316.071110351295
0.0119  34761.76961131692
0.0119299999999999  34201.26249839475
0.01195  33634.64775108039
0.01198  33062.1139487713
0.012  32483.64116582975
0.01203  31899.483070537928
0.01205  31309.692637934953
0.01208  30714.698381134127
0.0121  30114.78145118259
0.01213  29510.517895189292
0.01215  28902.43681901688
0.0121799999999999  28291.433881271707
0.0122  27678.53110294809
0.01223  27064.711966296127
0.01225  26451.49398051753
0.01228  25840.394041918396
0.0123  25233.23649939572
0.01233  24631.92658134385
0.01235  24038.730080638346
0.01238  23455.832504325652
0.0124  22885.70369802226
0.0124299999999999  22330.724640986224
0.01245  21793.18307122911
0.01248  21275.273060576743
0.0125  20778.985894492635
0.01253  20306.020389724174
0.01255  19857.70982810024
0.01258  19434.962279571282
0.0126  19038.279719927592
0.01263  18667.80937595265
0.01265  18323.222898721695
0.0126799999999999  18003.866683738117
0.0127  17708.860824913216
0.01273  17437.188103786324
0.01275  17187.65690642159
0.01278  16959.02694452717
0.0128  16750.258761833862
0.01283  16560.15179050698
0.01285  16387.732457629114
0.01288  16232.05979454448
0.0129  16092.197329553184
0.01293  15967.339079292842
0.01295  15856.732033963515
0.01298  15759.662405471032
0.013  15675.42555120817
0.01303  15603.378677021292
0.01305  15542.95565259477
0.01308  15493.611984619778
0.0131  15454.801988814697
0.01313  15426.045568751126
0.01315  15406.913639186714
0.01318  15396.980761992649
0.0132  15395.817193963407
0.01323  15403.070050570614
0.01325  15418.34980582694
0.01328  15441.339740242143
0.0133  15471.671480986895
0.01333  15509.079697619003
0.01335  15553.165479741238
0.01338  15603.672071821306
0.0134  15660.298742789078
0.01343  15722.735635695513
0.01345  15790.656548101344
0.01348  15863.766058601526
0.0135  15941.819257956648
0.01353  16024.462691389897
0.01355  16111.405370180162
0.01358  16202.384426766012
0.0136  16297.121010021336
0.01363  16395.336991592045
0.01365  16496.730586934864
0.0136799999999999  16601.071196041677
0.0137  16708.07442575494
0.01373  16817.54904759652
0.01375  16929.203961097424
0.01378  17042.811090733074
0.0138  17158.204297533535
0.01383  17275.11901943603
0.01385  17393.386994152243
0.01388  17512.78127530991
0.0139  17633.154522730714
0.0139299999999999  17754.33588997153
0.01395  17876.169066381608
0.01398  17998.4965970474
0.014  18121.16977077434
0.01403  18244.052326201738
0.01405  18367.070797089185
0.01408  18490.08300698155
0.0141  18613.01045226502
0.01413  18735.7727798523
0.01415  18858.253698351913
0.0141799999999999  18980.437149757698
0.0142  19102.20341321853
0.01423  19223.569108732252
0.01425  19344.411799370147
0.01428  19464.747171513263
0.0143  19584.5209477069
0.01433  19703.67797467139
0.01435  19822.233916052846
0.01438  19940.169246204623
0.0144  20057.428183881424
0.0144299999999999  20174.02706690599
0.01445  20289.946413471615
0.01448  20405.20365833653
0.0145  20519.81709426342
0.01453  20633.731253734408
0.01455  20747.002405940868
0.01458  20859.613057286744
0.0146  20971.5836572261
0.01463  21082.97360898438
0.01465  21193.728991235464
0.01468  21303.949173185825
0.0147  21413.619783646507
0.01473  21522.765376673007
0.01475  21631.4113070085
0.01478  21739.62302855459
0.0148  21847.38856263089
0.01483  21954.73562549336
0.01485  22061.772484493133
0.01488  22168.449399309306
0.0149  22274.75612280796
0.01493  22380.844259694437
0.01495  22486.705847542547
0.01498  22592.332908304226
0.015  22697.758486589933
0.01503  22803.016374102826
0.01505  22908.099689395793
0.01508  23013.04314173953
0.0151  23117.882182239482
0.01513  23222.569029624163
0.01515  23327.139478964273
0.01518  23431.587700522672
0.0152  23535.950400443115
0.01523  23640.1795398143
0.01525  23744.355098095824
0.01528  23848.342955753982
0.0153  23952.223248876748
0.01533  24055.94712218486
0.01535  24159.508636115424
0.01538  24262.814103742206
0.0154  24365.988600842702
0.01543  24468.9382308073
0.01545  24571.61202255844
0.01548  24674.00286601177
0.0155  24776.148440978937
0.01553  24877.907242866862
0.01555  24979.2710464108
0.01558  25080.32232118709
0.0156  25180.962890665545
0.01563  25281.184543298823
0.01565  25380.887298689755
0.01568  25480.107953651837
0.0157  25578.8840398543
0.01573  25677.02169641884
0.01575  25774.650452727223
0.01578  25871.714877878945
0.0158  25968.111913498804
0.01583  26063.87851346836
0.01585  26159.052362761486
0.01588  26253.52946905242
0.0159  26347.299786726428
0.01593  26440.401122549716
0.01595  26532.72808847168
0.01598  26624.366561692554
0.016  26715.258892792997
0.01603  26805.346827826586
0.01605  26894.717400028243
0.01608  26983.26384888347
0.0161  27071.073973292823
0.01613  27158.089596801874
0.01615  27244.301232393995
0.01618  27329.748870740474
0.0162  27414.37405211162
0.01623  27498.21720394546
0.01625  27581.269558212727
0.01628  27663.52241044494
0.0163  27744.96712125025
0.01633  27825.64542630152
0.01635  27905.498801053174
0.01638  27984.619997554888
0.0164  28062.95075869567
0.01643  28140.432321613374
0.01645  28217.209499051536
0.01648  28293.22421125957
0.0165  28368.417884888277
0.01653  28442.88574158622
0.01655  28516.569465084493
0.01658  28589.461955206712
0.0166  28661.659815026545
0.01663  28733.104897460045
0.01665  28803.738593183036
0.0166799999999999  28873.710658743603
0.0167  28942.910776468074
0.01673  29011.3325868697
0.01675  29079.022365972964
0.01678  29146.0269357086
0.0168  29212.235205066663
0.01683  29277.79985259294
0.01685  29342.662822247374
0.01688  29406.71246835981
0.0169  29470.102686905106
0.0169299999999999  29532.828614468242
0.01695  29594.778416921465
0.01698  29656.107507642264
0.017  29716.650309671935
0.01703  29776.616835075605
0.01705  29835.895212981297
0.01708  29894.480855045487
0.0171  29952.36922026823
0.01713  30009.664329808365
0.01715  30066.253633734777
0.0171799999999999  30122.241650172546
0.0172  30177.62462513978
0.01723  30232.398840409667
0.01725  30286.50585613687
0.01728  30340.051445616617
0.0173  30393.032290797237
0.01733  30445.390059535897
0.01735  30497.17635373226
0.01738  30548.44318361623
0.0174  30599.07698914533
0.0174299999999999  30649.240579191654
0.01745  30698.87586416374
0.01748  30747.980012628897
0.0175  30796.60590025785
0.01753  30844.639477152148
0.01755  30892.245291896626
0.01758  30939.309257613713
0.0176  30985.996742172065
0.01763  31032.137507920077
0.01765  31077.78509242777
0.0176799999999999  31123.049658632586
0.0177  31167.87298702517
0.01773  31212.252982374146
0.01775  31256.187568104557
0.01778  31299.731276051127
0.0178  31342.825633570497
0.01783  31385.525363280358
0.01785  31427.82869151732
0.01788  31469.790756483755
0.0179  31511.29609518218
0.0179299999999999  31552.45684654578
0.01795  31593.214397628093
0.01798  31633.62424108409
0.018  31673.684908675634
0.01803  31713.39494356172
0.01805  31752.695491736897
0.01808  31791.64238713289
0.0181  31830.34930733501
0.01813  31868.642404772854
0.01815  31906.63544683789
0.0181799999999999  31944.26949601699
0.0182  31981.65882064597
0.01823  32018.686678672893
0.01825  32055.351713816173
0.01828  32091.710603497788
0.0183  32127.820297957216
0.01833  32163.563560476858
0.01835  32199.05550917776
0.01838  32234.29522469686
0.0184  32269.165108553116
0.0184299999999999  32303.722282378814
0.01845  32338.082594879303
0.01848  32372.12828214693
0.0185  32405.916863469727
0.01853  32439.388809094864
0.01855  32472.660485760025
0.01858  32505.613666626374
0.0186  32538.3061420994
0.01863  32570.795946266513
0.01865  32602.96451462837
0.01868  32634.92883877233
0.0187  32666.57013393607
0.01873  32698.005635317648
0.01875  32729.23468998074
0.01878  32760.19741863809
0.0188  32790.893009272506
0.01883  32821.3799970669
0.01885  32851.65774690994
0.01888  32881.66617782291
0.0189  32911.523508283186
0.01893  32941.11016235308
0.01895  32970.4849718358
0.01898  32999.587659736535
0.019  33028.596605214836
0.01903  33057.27244606979
0.01905  33085.793726678115
0.01908  33114.10013409796
0.0191  33142.1910748999
0.01913  33170.125931071336
0.01915  33197.844246420485
0.01918  33225.40551010564
0.0192  33252.68905127027
0.01923  33279.87465705812
0.01925  33306.781395112084
0.01928  33333.52908654669
0.0193  33360.1776282201
0.01933  33386.54565982337
0.01935  33412.753302439654
0.01938  33438.80014575749
0.0194  33464.68578176193
0.01943  33490.40980474526
0.01945  33515.911214786145
0.01948  33541.25011561964
0.0195  33566.42610940633
0.01953  33591.49953374361
0.01955  33616.34857426396
0.01958  33641.03352807651
0.0196  33665.554006811406
0.01963  33689.97053561129
0.01965  33714.2219073657
0.01968  33738.30774001649
0.0197  33762.166612166715
0.01973  33785.98127188765
0.01975  33809.629346595764
0.01978  33833.11046306979
0.0198  33856.424250545926
0.01983  33879.63159475211
0.01985  33902.67095904312
0.01988  33925.60331631343
0.0199  33948.36704987129
0.01993  33970.961799549965
0.01995  33993.448667497214
0.01998  34015.82741962363
0.02  34038.09782285846
0.02003  34060.13648406868
0.02005  34082.127794412976
0.02008  34103.886664677884
0.0201  34125.59772750146
0.02013  34147.19913602148
0.02015  34168.62888791696
0.02018  34189.94845799442
0.0202  34211.15762327555
0.02023  34232.25616184132
0.02025  34253.181923324235
0.02028  34273.99654206974
0.0203  34294.699799963695
0.02033  34315.29147996822
0.02035  34335.77136612548
0.02038  34356.13924356146
0.0204  34376.332746322245
0.02043  34396.475929628905
0.02045  34416.506466336265
0.02048  34436.36188524361
0.0205  34456.1664625453
0.02053  34475.795433265135
0.02055  34495.43558620664
0.02058  34514.83731673218
0.0206  34534.18752206547
0.02063  34553.42363098362
0.02065  34572.54544077971
0.0206799999999999  34591.55274987449
0.0207  34610.5079332614
0.02073  34629.28567469435
0.02075  34648.07360388803
0.02078  34666.62101766339
0.0208  34685.17836002992
0.02083  34703.55740460015
0.02085  34721.883410970884
0.02088  34740.093475005815
0.0209  34758.1874041696
0.0209299999999999  34776.227882147716
0.02095  34794.089000897206
0.02098  34811.959293142
0.021  34829.71281972887
0.02103  34847.286389035544
0.02105  34864.86882520653
0.02108  34882.27093167322
0.0211  34899.68172405555
0.02113  34916.91181775466
0.02115  34934.087257427
0.0211799999999999  34951.14476264371
0.0212  34968.14737448076
0.02123  34985.03175204728
0.02125  35001.86099912104
0.02128  35018.63502831315
0.0213  35035.22706549031
0.02133  35051.82696407319
0.02135  35068.244518025465
0.02138  35084.60632890082
0.0214  35100.91231151342
0.0214299999999999  35117.09888947319
0.02145  35133.29293177757
0.02148  35149.303792443025
0.0215  35165.32194953981
0.02153  35181.15658419816
0.02155  35196.998349052985
0.02158  35212.65625426622
0.0216  35228.321125130155
0.02163  35243.865523307104
0.02165  35259.35303174437
0.0216799999999999  35274.78356942759
0.0217  35290.157055615964
0.02173  35305.345746094674
0.02175  35320.540973702664
0.02178  35335.61496805203
0.0218  35350.69539563541
0.02183  35365.590436636354
0.02185  35380.49175367358
0.02188  35395.33535487448
0.0219  35410.05714120554
0.0219299999999999  35424.656955511586
0.02195  35439.32686336072
0.02198  35453.81054518265
0.022  35468.236020012795
0.02203  35482.603211995025
0.02205  35496.97622372554
0.02208  35511.22664935037
0.0221  35525.4185661681
0.02213  35539.48764432463
0.02215  35553.4980137631
0.0221799999999999  35567.5139063665
0.0222  35581.40666233063
0.02223  35595.24048889438
0.02225  35609.01531311381
0.02228  35622.73106233679
0.0223  35636.387664203605
0.02233  35649.92059184231
0.02235  35663.45865861386
0.02238  35676.93736281841
0.0224  35690.35663327244
0.0224299999999999  35703.716399088014
0.02245  35716.8874377949
0.02248  35730.12793497783
0.0225  35743.308716854226
0.02253  35756.365066468854
0.02255  35769.426185319215
0.02258  35782.36268651108
0.0226  35795.30386636517
0.02263  35808.120244798185
0.02265  35820.94121208891
0.02268  35833.7019827996
0.0227  35846.40248933506
0.02273  35858.977831623655
0.02275  35871.62244101462
0.02278  35884.07687432704
0.0228  35896.53563175135
0.02283  35908.9337916895
0.02285  35921.3362337782
0.02288  35933.613023940525
0.0229  35945.82902012041
0.02293  35958.04916925208
0.02295  35970.2084388639
0.02298  35982.24170875471
0.023  35994.27900418749
0.02303  36006.255227453126
0.02305  36018.17031491832
0.02308  36030.02420326039
0.0231  36041.881992818635
0.02313  36053.67850008021
0.02315  36065.41366232453
0.02318  36077.087417143295
0.0232  36088.69970244109
0.02323  36100.315725434455
0.02325  36111.80490743061
0.02328  36123.36305660843
0.0233  36134.79424212805
0.02333  36146.16369302028
0.02335  36157.4713487428
0.02338  36168.78254185531
0.0234  36180.03186022168
0.02343  36191.28467738327
0.02345  36202.410086905096
0.02348  36213.53891644193
0.0235  36224.605673213235
0.02353  36235.67581195462
0.02355  36246.61826632011
0.02358  36257.56402508949
0.0236  36268.44751616296
0.02363  36279.33427415138
0.02365  36290.15868768411
0.02368  36300.92069901316
0.0237  36311.68590186553
0.02373  36322.388626564905
0.02375  36333.02881598956
0.02378  36343.606413340225
0.0238  36354.187090135936
0.02383  36364.70510014254
0.02385  36375.2261532246
0.02388  36385.61868025905
0.0239  36396.07998021144
0.02393  36406.41264271826
0.02395  36416.74823861557
0.02398  36427.02090893892
0.024  36437.29647704312
0.02403  36447.50904690596
0.02405  36457.72447912669
0.0240799999999999  36467.81090729789
0.0240999999999999  36477.90012598974
0.0241300000000001  36488.05810600704
0.0241500000000001  36498.08693802374
0.0241800000000001  36508.05252018765
0.0242  36518.02082339357
0.02423  36527.925806151914
0.02425  36537.76741546685
0.02428  36547.67775420148
0.0243  36557.524685224445
0.0243299999999999  36567.30815584088
0.0243499999999999  36577.02811368606
0.0243800000000001  36586.816803781134
0.0244000000000001  36596.475781050474
0.0244300000000001  36606.07112478629
0.02445  36615.7351852267
0.02448  36625.335578645565
0.0245  36634.87225363043
0.02453  36644.41141181903
0.02455  36653.8867838888
0.0245799999999999  36663.36460606415
0.0245999999999999  36672.844878978576
0.0246300000000001  36682.1286398155
0.0246500000000001  36691.547426602876
0.0246800000000001  36700.90227685794
0.0247  36710.1931404482
0.02473  36719.486356028225
0.02475  36728.71551893447
0.02478  36737.947001520435
0.0248  36747.114365845235
0.0248299999999999  36756.28401773848
0.0248499999999999  36765.3894862058
0.0248800000000001  36774.563698361664
0.0249000000000001  36783.60719066912
0.0249300000000001  36792.65290692554
0.02495  36801.70084767785
0.02498  36810.61790667698
0.025  36819.60369574494
0.02503  36851.37105497299
0.02505  36861.299809169635
0.0250799999999999  36870.6312775271
0.0250999999999999  36879.69839449044
0.0251300000000001  36888.70104670083
0.0251500000000001  36897.572475313325
0.0251800000000001  36906.44603743129
0.0252  36915.188248646504
0.02523  36923.86577258302
0.02525  36932.54533631467
0.02528  36941.22694032095
0.0253  36949.77697508768
0.0253299999999999  36958.46262967491
0.0253499999999999  36966.94981765137
0.0253800000000001  36975.505805969566
0.0254000000000001  36983.930041077525
0.0254300000000001  36992.42307742246
0.02545  37000.85116684071
0.02548  37009.21426405593
0.0255  37017.57925153565
0.02553  37025.87918717835
0.02555  37034.247941338224
0.0255799999999999  37042.4846418175
0.0255999999999999  37050.79016164859
0.0256300000000001  37059.03054124441
0.0256500000000001  37067.27275356377
0.0256800000000001  37075.516799014316
0.0257  37083.62858400396
0.02573  37091.80920538673
0.02575  37099.92455500633
0.02578  37108.041680190436
0.0258  37116.09347569194
0.0258299999999999  37124.14701829213
0.0258499999999999  37132.2023083701
0.0258800000000001  37140.19219709913
0.0259000000000001  37148.183805045395
0.0259300000000001  37156.177132578814
0.02595  37164.10498762936
0.02598  37172.034534212544
0.026  37179.96577268925
0.02603  37187.898703420484
0.02605  37195.76607708426
0.0260799999999999  37203.56785136022
0.0260999999999999  37211.43853994756
0.0261300000000001  37219.310893637004
0.0261500000000001  37227.05030016967
0.0261800000000001  37234.85863627975
0.0262  37242.601275819645
0.02623  37250.412873731126
0.02625  37258.091385262
0.02628  37265.77147958175
0.0263  37273.520547157415
0.0263299999999999  37281.20382192508
0.0263499999999999  37288.8212625373
0.0263800000000001  37296.440259574614
0.0264000000000001  37304.06081335505
0.0264300000000001  37311.682924196684
0.02645  37319.30659241766
0.02648  37326.8643316284
0.0265  37334.42360139873
0.02653  37341.98440203857
0.02655  37349.54673385799
0.0265799999999999  37357.04305589635
0.0265999999999999  37364.54088250033
0.0266300000000001  37372.04021397192
0.0266500000000001  37379.473468788405
0.0266800000000001  37386.97579733721
0.0267  37394.41202282366
0.02673  37401.782105208
0.02675  37409.22127565166
0.02678  37416.661925737564
0.0268  37424.03639336581
0.0268299999999999  37431.4123144314
0.0268499999999999  37438.72200027509
0.0268800000000001  37446.03311356979
0.0269000000000001  37453.413369979375
0.0269300000000001  37460.72735223602
0.02695  37468.04276278268
0.02698  37475.359601898264
0.027  37482.61010156674
0.02703  37489.929785423235
0.02705  37497.11530951991
0.0270799999999999  37504.37001834748
0.0270999999999999  37511.55831013783
0.0271300000000001  37518.74797967532
0.0271500000000001  37526.006873857456
0.0271800000000001  37533.199312685356
0.0272  37540.39313005524
0.02723  37547.58832623135
0.02725  37554.71700281412
0.02728  37561.84703282684
0.0273  37568.97841652643
0.0273299999999999  37576.111154169914
0.0273499999999999  37583.17729589454
0.0273800000000001  37590.244766398464
0.0274000000000001  37597.38154160966
0.0274300000000001  37604.45168320462
0.02745  37611.523154331044
0.02748  37618.595955238976
0.0275  37625.60205935497
0.02753  37632.60946829091
0.02755  37639.68623445437
0.0275799999999999  37646.62820159477
0.0275999999999999  37653.70760396387
0.0276300000000001  37660.720247289006
0.0276500000000001  37667.666093777
0.0276800000000001  37674.61322130218
0.0277  37681.629758098825
0.02773  37688.57946097223
0.02775  37695.530445594064
0.02778  37702.41454650081
0.0278  37709.43626102868
0.0278299999999999  37716.32290146824
0.0278499999999999  37723.14259639614
0.0278800000000001  37730.099955570324
0.0279000000000001  37736.99036969224
0.0279300000000001  37743.88204216777
0.02795  37750.77497322667
0.02798  37757.60089762237
0.028  37764.496334070755
0.02803  37771.32473950085
0.02805  37778.154379612344
0.0280799999999999  37784.985254628475
0.0280999999999999  37791.885692112126
0.0281300000000001  37798.650710267844
0.0281500000000001  37805.48529133778
0.0281800000000001  37812.25274391915
0.0282  37819.089784447286
0.02823  37825.85967233034
0.02825  37832.630772071796
0.02828  37839.47149726283
0.0283  37846.24503361841
0.0283299999999999  37853.01978248551
0.0283499999999999  37859.72729396091
0.0283800000000001  37866.504456249146
0.0284000000000001  37873.21435719319
0.0284300000000001  37879.99393376233
0.02845  37886.637726252105
0.02848  37893.35119478838
0.0285  37900.06585294355
0.02853  37906.781700928404
0.02855  37913.49873895378
0.0285799999999999  37920.216967230546
0.0285999999999999  37926.936385969624
0.0286300000000001  37933.65699538196
0.0286500000000001  37940.24160417537
0.0286800000000001  37946.964571257035
0.0287  37953.6201097629
0.02873  37960.34544750033
0.02875  37966.934688934794
0.02878  37973.59373001033
0.0288  37980.25393901866
0.0288299999999999  37986.84663621348
0.0288499999999999  37993.50916965615
0.0288800000000001  38000.172871644136
0.0289000000000001  38006.76902641171
0.0289300000000001  38013.4350540531
0.02895  38019.96477107139
0.02898  38026.63311312153
0.029  38033.233860916844
0.02903  38039.83575448468
0.02905  38046.43879402393
0.0290799999999999  38053.04297973352
0.0290999999999999  38059.64831181239
0.0291300000000001  38066.18596706344
0.0291500000000001  38072.72474531321
0.0291800000000001  38079.33349379685
0.0292  38085.874530448906
0.02923  38092.485561501584
0.02925  38099.02885733597
0.02928  38105.57327713798
0.0293  38112.18772754304
0.0293299999999999  38118.734407695854
0.0293499999999999  38125.21328228056
0.0293800000000001  38131.831141841525
0.0294000000000001  38138.31224242086
0.0294300000000001  38144.863410084195
0.02945  38151.346725701165
0.02948  38157.969121563525
0.0295  38164.45466470098
0.02953  38170.941310157825
0.02955  38177.49808264425
0.0295799999999999  38183.9869450338
0.0295999999999999  38190.54595842016
0.0296300000000001  38197.03703850011
0.0296500000000001  38203.52922184053
0.0296800000000001  38210.02250862898
0.0297  38216.516899052986
0.02973  38223.01239330011
0.02975  38229.50899155801
0.02978  38236.00669401429
0.0298  38242.50550085665
0.0298299999999999  38249.00541227278
0.0298499999999999  38255.43726288934
0.0298800000000001  38261.93937226051
0.0299000000000001  38268.442586766774
0.0299300000000001  38274.87770588668
0.02995  38281.38311946495
0.02998  38287.889638739885
0.03  38294.32802802412
0.03003  38300.836747488574
0.03005  38307.27731392405
0.0300799999999999  38313.78823432199
0.0300999999999999  38320.16169606249
0.0301300000000001  38326.60551212972
0.0301500000000001  38333.119717656984
0.0301800000000001  38339.565712710515
0.0302  38346.012791705376
0.03023  38352.460954823815
0.03025  38358.910202248146
0.03028  38365.36053416071
0.0303  38371.81195074387
0.0303299999999999  38378.19506467366
0.0303499999999999  38384.71803865154
0.0303800000000001  38391.17271034097
0.0304000000000001  38397.559044914466
0.0304300000000001  38404.015875913195
0.03045  38410.4737926754
0.03048  38416.86333796533
0.0305  38423.32341512245
0.03053  38429.784578588886
0.03055  38436.17733620944
0.0305799999999999  38442.64066115693
0.0305999999999999  38449.035557374424
0.0306300000000001  38455.50104452605
0.0306500000000001  38461.89808005593
0.0306800000000001  38468.36573013502
0.0307  38474.764905692944
0.03073  38481.23471942307
0.03075  38487.63603572496
0.03078  38494.10801382995
0.0308  38500.44186306426
0.0308299999999999  38506.91599456298
0.0308499999999999  38513.32158292024
0.0308800000000001  38519.79788023825
0.0309000000000001  38526.205611484766
0.0309300000000001  38532.6144086512
0.03095  38539.02427191487
0.03098  38545.4352014531
0.031  38551.84719744329
0.03103  38558.32997312578
0.03105  38564.7441141488
0.0310799999999999  38571.089585899725
0.0310999999999999  38577.57559733088
0.0311300000000001  38583.99293984493
0.0311500000000001  38590.41134987774
0.0311800000000001  38596.900610405115
0.0312  38603.25137320991
0.03123  38609.672986864534
0.03125  38616.09566874841
0.03128  38622.519419039214
0.0313  38629.014078773784
0.0313299999999999  38635.370125552596
0.0313499999999999  38641.79708213072
0.0313800000000001  38648.22510782686
0.0314000000000001  38654.6542028189
0.0314300000000001  38661.08436728468
0.03145  38667.51560140213
0.03148  38673.94790534916
0.0315  38680.38127930377
0.03153  38686.81572344393
0.03155  38693.25123794766
0.0315799999999999  38699.68782299303
0.0315999999999999  38706.12547875812
0.0316300000000001  38712.56420542104
0.0316500000000001  38719.004003159935
0.0316800000000001  38725.44487215298
0.0317  38731.88681257836
0.03173  38738.32982461434
0.03175  38744.77390843915
0.03178  38751.21906423109
0.0318  38757.665292168494
0.0318299999999999  38764.04250731388
0.0318499999999999  38770.49086841868
0.0318800000000001  38776.94030220212
0.0319000000000001  38783.39080884266
0.0319300000000001  38789.912520280566
0.03195  38796.36518483709
0.03198  38802.81892278812
0.032  38809.20356754557
0.03203  38815.6594411492
0.03205  38822.18657879414
0.0320799999999999  38828.64461210918
0.0320999999999999  38835.10371971184
0.0321300000000001  38841.563901780806
0.0321500000000001  38848.02515849485
0.0321800000000001  38854.4874900327
0.0322  38861.02115689868
0.03223  38867.41537829512
0.03225  38873.951219080256
0.03228  38880.41786339331
0.0323  38886.88558342641
0.0323299999999999  38893.35437935849
0.0323499999999999  38899.89458197679
0.0323800000000001  38906.295199635584
0.0324000000000001  38912.837578347666
0.0324300000000001  38919.31069136909
0.03245  38925.78488118663
0.03248  38932.33053723152
0.0325  38938.73649192657
0.03253  38945.28432587974
0.03255  38951.76283638635
0.0325799999999999  38958.31286081481
0.0325999999999999  38964.86398667789
0.0326300000000001  38971.3457542422
0.0326500000000001  38977.82860004228
0.0326800000000001  38984.312524257526
0.0327  38990.86802215459
0.03273  38997.354115465125
0.03275  39003.84128773103
0.03278  39010.400069532814
0.0328  39016.95995424184
0.0328299999999999  39023.52094204355
0.0328499999999999  39030.01246713584
0.0328800000000001  39036.57564981327
0.0329000000000001  39043.139936137966
0.0329300000000001  39049.634724831005
0.03295  39056.201207134895
0.03298  39062.76879364091
0.033  39069.26684757548
0.03303  39075.90728000209
0.03305  39082.407519511195
0.0330799999999999  39088.979512800724
0.0330999999999999  39095.55261121909
0.0331300000000001  39102.12681495215
0.0331500000000001  39108.702124185744
0.0331800000000001  39115.20781908557
0.0332  39121.8560598982
0.03323  39128.43468674894
0.03325  39135.014419844
0.03328  39141.595259369424
0.0333  39148.17720551124
0.0333299999999999  39154.831049986286
0.0333499999999999  39161.41522182332
0.0333800000000001  39168.0005008371
0.0334000000000001  39174.586887213816
0.0334300000000001  39181.24522042697
0.03345  39187.83383400036
0.03348  39194.42355549742
0.0335  39201.15613554836
0.03353  39207.74809728807
0.03355  39214.41206676707
0.0335799999999999  39221.00625758879
0.0335999999999999  39227.67248049932
0.0336300000000001  39234.33983643861
0.0336500000000001  39240.93737826086
0.0336800000000001  39247.60698877681
0.0337  39254.27773289729
0.03373  39260.949610814976
0.03375  39267.62262272257
0.03378  39274.29676881283
0.0338  39280.9720492785
0.0338299999999999  39287.648464312406
0.0338499999999999  39294.32601410737
0.0338800000000001  39301.07575479592
0.0339000000000001  39307.75558676874
0.0339300000000001  39314.436554083375
0.03395  39321.118656932806
0.03398  39327.801895510034
0.034  39334.557386482214
0.03403  39341.3140378716
0.03405  39348.00070896941
0.0340799999999999  39354.75966957109
0.0340999999999999  39361.51979118598
0.0341300000000001  39368.209896567314
0.0341500000000001  39374.972328580516
0.0341800000000001  39381.73592220322
0.0342  39388.500677634955
0.03423  39395.26659507529
0.03425  39401.96243625331
0.03428  39408.73066607279
0.0343  39415.571321444164
0.0343299999999999  39422.34188891529
0.0343499999999999  39429.04233196259
0.0343800000000001  39435.88651307823
0.0344000000000001  39442.73188222209
0.0344300000000001  39449.43579086738
0.03445  39456.28351192511
0.03448  39463.13242162552
0.0345  39469.9111588536
0.03453  39476.76243407137
0.03455  39483.61489854878
0.0345799999999999  39490.39715413237
0.0345999999999999  39497.25198535489
0.0346300000000001  39504.03658343442
0.0346500000000001  39510.965217637146
0.0346800000000001  39517.823619110015
0.0347  39524.68321107951
0.03473  39531.54399375226
0.03475  39538.405967334984
0.03478  39545.340629602426
0.0348  39552.13348805724
0.0348299999999999  39559.07055800191
0.0348499999999999  39565.93730970705
0.0348800000000001  39572.87680071143
0.0349000000000001  39579.74594893497
0.0349300000000001  39586.75943429681
0.03495  39593.63099229886
0.03498  39600.575340513096
0.035  39607.52090670031
0.03503  39614.39606852504
0.03505  39621.415693848125
0.0350799999999999  39628.36491523611
0.0350999999999999  39635.38701582274
0.0351300000000001  39642.33868764838
0.0351500000000001  39649.29157873147
0.0351800000000001  39656.31738749875
0.0352  39663.272730313525
0.03523  39670.22929302962
0.03525  39677.25881193573
0.03528  39684.28957646449
0.0353  39691.249825336534
0.0353299999999999  39698.35484327289
0.0353499999999999  39705.389345994095
0.0353800000000001  39712.35329556603
0.0354000000000001  39719.39027879685
0.0354300000000001  39726.50033407589
0.03545  39733.539824145606
0.03548  39740.580561604875
0.0355  39747.69441009628
0.03553  39754.80953201749
0.03555  39761.85403844447
0.0355799999999999  39768.97169504055
0.0355999999999999  39776.0187109865
0.0356300000000001  39783.138903160405
0.0356500000000001  39790.26036989969
0.0356800000000001  39797.45506482085
0.0357  39804.57909425558
0.03573  39811.70439894262
0.03575  39818.83097911019
0.03578  39825.95883498667
0.0358  39833.15998474283
0.0358299999999999  39840.2904056139
0.0358499999999999  39847.49414673986
0.0358800000000001  39854.62713352857
0.0359000000000001  39861.833466956836
0.0359300000000001  39869.0411034017
0.03595  39876.25004309881
0.03598  39883.460286283764
0.036  39890.67183319229
0.03603  39897.884684060125
0.03605  39905.17098726064
0.0360799999999999  39912.38645979993
0.0360999999999999  39919.67541136979
0.0361300000000001  39926.89350653345
0.0361500000000001  39934.185107435274
0.0361800000000001  39941.478039956935
0.0362  39948.77230434164
0.03623  39956.0679008326
0.03625  39963.36482967309
0.03628  39970.73535778375
0.0363  39978.034965250925
0.0363299999999999  39985.4081990058
0.0363499999999999  39992.638179674825
0.0363800000000001  40000.0141067315
0.0364000000000001  40007.391394146034
0.0364300000000001  40014.77004216933
0.03645  40022.150051052326
0.03648  40029.53142104601
0.0365  40036.914152401405
0.03653  40044.29824536962
0.03655  40051.683700201735
0.0365799999999999  40059.14294366629
0.0365999999999999  40066.53113633758
0.0366300000000001  40073.993144995264
0.0366500000000001  40081.45654338076
0.0366800000000001  40088.921331752914
0.0367  40096.315016515466
0.03673  40103.782572136304
0.03675  40111.32403937822
0.03678  40118.72185591965
0.0368  40126.26613247561
0.0368299999999999  40133.81182772356
0.0368499999999999  40141.28636676724
0.0368800000000001  40148.83488655187
0.0369000000000001  40156.38482582638
0.0369300000000001  40163.86356887534
0.03695  40171.488963912954
0.03698  40179.04316325901
0.037  40186.59878316301
0.03703  40194.22849464269
0.03705  40201.78697012968
0.0370799999999999  40209.41956519463
0.0370999999999999  40216.98089734385
0.0371300000000001  40224.6163770839
0.0371500000000001  40232.25330647406
0.0371800000000001  40239.89168578957
0.0372  40247.604282559165
0.03723  40255.245576366615
0.03725  40262.88832092802
0.03728  40270.60532535794
0.0373  40278.25098607689
0.0373299999999999  40286.043771750556
0.0373499999999999  40293.6923635683
0.0373800000000001  40301.48813674372
0.0374000000000001  40309.21253942454
0.0374300000000001  40317.01131534712
0.03745  40324.73869328486
0.03748  40332.467552293965
0.0375  40340.2708274519
0.03753  40348.00266343442
0.03755  40355.88190724743
0.0375799999999999  40363.68971246924
0.0375999999999999  40371.49902829669
0.0376300000000001  40379.382860529804
0.0376500000000001  40387.195212570005
0.0376800000000001  40395.00907609553
0.0377  40402.9705475749
0.03773  40410.78746321418
0.03775  40418.678967776475
0.03778  40426.64510436602
0.0378  40434.539705642215
0.0378299999999999  40442.435848592955
0.0378499999999999  40450.33353351929
0.0378800000000001  40458.37905725428
0.0379000000000001  40466.27985560433
0.0379300000000001  40474.2553738754
0.03795  40482.23246404515
0.03798  40490.21112642338
0.038  40498.264581764655
0.03803  40506.31963892875
0.03805  40514.30304865968
0.0380799999999999  40522.36129585595
0.0380999999999999  40530.42114582811
0.0381300000000001  40538.482598894945
0.0381500000000001  40546.61896324423
0.0381800000000001  40554.683638037895
0.0382  40562.749916885856
0.03823  40570.891151860014
0.03825  40579.034020838444
0.03828  40587.1785241491
0.0383  40595.32466212002
0.0383299999999999  40603.47243507929
0.0383499999999999  40611.621843355046
0.0383800000000001  40619.84632753879
0.0384000000000001  40627.99902217227
0.0384300000000001  40636.22682298908
0.03845  40644.45629006335
0.03848  40652.68742373252
0.0385  40660.99373899144
0.03853  40669.22822175087
0.03855  40677.53791669001
0.0385799999999999  40685.849309498335
0.0385999999999999  40694.162400522786
0.0386300000000001  40702.477190110345
0.0386500000000001  40710.793678608046
0.0386800000000001  40719.185486230475
0.0387  40727.50538863226
0.03873  40735.90064107712
0.03875  40744.297624054285
0.03878  40752.696337920475
0.0388  40761.096783032466
0.0388299999999999  40769.572670714086
0.0388499999999999  40777.902868421435
0.0388800000000001  40786.38225077085
0.0389000000000001  40794.86339632826
0.0389300000000001  40803.346305460334
0.03895  40811.90476603672
0.03898  40820.391218761746
0.039  40828.879436165014
0.03903  40837.36941861346
0.03905  40845.93501550337
0.0390799999999999  40854.57627367115
0.0390999999999999  40863.145479681494
0.0391300000000001  40871.642587432216
0.0391500000000001  40880.289284226026
0.0391800000000001  40888.93781029219
0.0392  40897.58816601769
0.03923  40906.16639372891
0.03925  40914.82039428803
0.03928  40923.550215021416
0.0393  40932.20789325587
0.0393299999999999  40940.94142388575
0.0393499999999999  40949.67681795182
0.0393800000000001  40958.34002346141
0.0394000000000001  40967.07912979248
0.0394300000000001  40975.89418474348
0.03945  40984.63703653107
0.03948  40993.45586948912
0.0395  41002.276600031735
0.03953  41011.02508092274
0.03955  41019.84959190485
0.0395799999999999  41028.6760016933
0.0395999999999999  41037.57850621537
0.0396300000000001  41046.4829424251
0.0396500000000001  41055.31508302114
0.0396800000000001  41064.29761158417
0.0397  41073.133585435855
0.03973  41082.12001252471
0.03975  41091.034113461654
0.03978  41100.02445702283
0.0398  41108.942442910826
0.0398299999999999  41118.0110455911
0.0398499999999999  41126.93293425397
0.0398800000000001  41136.00550562349
0.0399000000000001  41145.005688515186
0.0399300000000001  41154.08224672111
0.03995  41163.16080720914
0.03998  41172.24137042098
0.04  41181.32393679845
0.04003  41190.40850678341
0.04005  41199.56956921479
0.0400799999999999  41208.65816417294
0.0400999999999999  41217.8978070021
0.0401300000000001  41227.06498326445
0.0401500000000001  41236.23419837703
0.0401800000000001  41245.48002419584
0.0402  41254.653334954615
0.04023  41263.82868592798
0.04025  41273.15532031314
0.04028  41282.4094244403
0.0403  41291.66560348621
0.0403299999999999  41300.9985296955
0.0403499999999999  41310.25887671727
0.0403800000000001  41319.59600546099
0.0404000000000001  41329.009967047954
0.0404300000000001  41338.35133399666
0.04045  41347.69481232273
0.04048  41357.040402503386
0.0405  41366.53768542782
0.04053  41375.96234187182
0.04055  41385.38914556222
0.0405799999999999  41394.81809698823
0.0405999999999999  41404.324055230085
0.0406300000000001  41413.75732065065
0.0406500000000001  41423.26762811971
0.0406800000000001  41432.78011954777
0.0407  41442.29479543636
0.04073  41451.88660087061
0.04075  41461.480626325065
0.04078  41471.001893034234
0.0408  41480.600342716745
0.0408299999999999  41490.20101395726
0.0408499999999999  41499.8789386231
0.0408800000000001  41509.48407188826
0.0409000000000001  41519.16649448319
0.0409300000000001  41528.85117558143
0.04095  41538.538115709795
0.04098  41548.302434297555
0.041  41557.993911589205
0.04103  41567.76280358272
0.04105  41577.45882016276
0.0410799999999999  41587.232287704115
0.0410999999999999  41597.08325975779
0.0411300000000001  41606.8613403474
0.0411500000000001  41616.71696203123
0.0411800000000001  41626.49965784642
0.0412  41636.35993135501
0.04123  41646.222540515024
0.04125  41656.16279979249
0.04128  41666.030099755255
0.0413  41675.97508676702
0.0413299999999999  41685.92244748143
0.0413499999999999  41695.87218246508
0.0413800000000001  41705.8996961212
0.0414000000000001  41715.85419934117
0.0414300000000001  41725.886518507694
0.04145  41735.92125036429
0.04148  41745.88291922895
0.0415  41755.92246005514
0.04153  41766.03992787764
0.04155  41776.159847164476
0.0415799999999999  41786.20666934233
0.0415999999999999  41796.40704250729
0.0416300000000001  41806.53431975168
0.0416500000000001  41816.588446739894
0.0416800000000001  41826.79623635854
0.0417  41837.00651778661
0.04173  41847.21929163239
0.04175  41857.51023645109
0.04178  41867.7280154313
0.0418  41877.94828865939
0.0418299999999999  41888.24679026248
0.0418499999999999  41898.54782444273
0.0418800000000001  41908.85139182293
0.0419000000000001  41919.081703621625
0.0419300000000001  41929.46612867522
0.04195  41939.8531262156
0.04198  41950.24269688004
0.042  41960.5589769109
0.04203  41971.02956013096
0.04205  41981.42685399277
0.0420799999999999  41991.826723529295
0.0420999999999999  42002.30510911307
0.0421300000000001  42012.78610940959
0.0421500000000001  42023.26972507131
0.0421800000000001  42033.755956750865
0.0422  42044.32082079946
0.04223  42054.81230544168
0.04225  42065.38246184298
0.04228  42076.03134800323
0.0423  42086.530745497956
0.0423299999999999  42097.18498536361
0.0423499999999999  42107.76579181492
0.0423800000000001  42118.425407350005
0.0424000000000001  42129.087721375545
0.0424300000000001  42139.75273457465
0.04245  42150.42044763061
0.04248  42161.090861226905
0.0425  42171.840222299375
0.04253  42182.51605832925
0.04255  42193.34716709095
0.0425799999999999  42204.02844762158
0.0425999999999999  42214.86508007057
0.0426300000000001  42225.628151378805
0.0426500000000001  42236.47032993465
0.0426800000000001  42247.238909701664
0.0427  42258.086637202796
0.04273  42268.93715005025
0.04275  42279.86689052255
0.04278  42290.72299583615
0.0428  42301.658369609315
0.0428299999999999  42312.52007027145
0.0428499999999999  42323.46108024895
0.0428800000000001  42334.40491931106
0.0429000000000001  42345.3515881893
0.0429300000000001  42356.377667509434
0.04295  42367.40661785131
0.04298  42378.36182018283
0.043  42389.396494860484
0.04303  42400.43404279798
0.04305  42411.47446474347
0.0430799999999999  42422.594461058594
0.0430999999999999  42433.64065323671
0.0431300000000001  42444.76646137369
0.0431500000000001  42455.89518662089
0.0431800000000001  42467.02682974316
0.0432  42478.161391505535
0.04323  42489.37569302633
0.04325  42500.516114506645
0.04328  42511.659456928675
0.0433  42522.88260199152
0.0433299999999999  42534.18561135128
0.0433499999999999  42545.337781683345
0.0433800000000001  42556.569817876974
0.0434000000000001  42567.804819345845
0.0434300000000001  42579.196752230855
0.04345  42590.43772724605
0.04348  42601.75869343672
0.0435  42613.08266885393
0.04353  42624.409654297575
0.04355  42635.81673568468
0.0435799999999999  42647.14976407166
0.0435999999999999  42658.485804891425
0.0436300000000001  42669.9020056875
0.0436500000000001  42681.24409428164
0.0436800000000001  42692.666385617405
0.0437  42704.168942466924
0.04373  42715.59736891661
0.04375  42727.10610399208
0.04378  42738.540668850976
0.0438  42749.97829381118
0.0438299999999999  42761.496292035954
0.0438499999999999  42773.01739352037
0.0438800000000001  42784.541599100565
0.0439000000000001  42796.06890961284
0.0439300000000001  42807.59932589376
0.04395  42819.21026547067
0.04398  42830.74691665758
0.044  42842.3641346823
0.04403  42853.90702414663
0.04405  42865.53052401412
0.0440799999999999  42877.15717658713
0.0440999999999999  42888.786982720776
0.0441300000000001  42900.4975069275
0.0441500000000001  42912.133643786765
0.0441800000000001  42923.77293677914
0.0442  42935.493013689294
0.04423  42947.21629069563
0.04425  42958.94276867194
0.04428  42970.67244849222
0.0443  42982.40533103073
0.0443299999999999  42994.14141716193
0.0443499999999999  43005.88070776057
0.0443800000000001  43017.700979261324
0.0444000000000001  43029.446702656074
0.0444300000000001  43041.27345132816
0.04445  43053.02561104401
0.04448  43064.85884043675
0.0445  43076.69532222152
0.04453  43088.53505729227
0.04455  43100.37804654316
0.0445799999999999  43112.2242908686
0.0445999999999999  43124.15175918493
0.0446300000000001  43135.9265483221
0.0446500000000001  43147.86057412715
0.0446800000000001  43159.71986914146
0.0447  43171.66047762892
0.04473  43183.604389616296
0.04475  43195.47350890569
0.04478  43207.42400902859
0.0448  43219.37781538803
0.0448299999999999  43231.41309084777
0.0448499999999999  43243.295350475644
0.0448800000000001  43255.259081033975
0.0449000000000001  43267.30434832926
0.0449300000000001  43279.35296986324
0.04495  43291.24840588413
0.04498  43303.30369510615
0.045  43315.36234135768
0.04503  43327.34601003714
0.04505  43339.41135133838
0.0450799999999999  43351.48005246833
0.0450999999999999  43363.47371350755
0.0451300000000001  43375.54911526974
0.0451500000000001  43387.70632418775
0.0451800000000001  43399.71000762122
0.0452  43411.87398830401
0.04523  43423.96286806308
0.04525  43436.05511420559
0.04528  43448.22928161947
0.0453  43460.24970939097
0.0453299999999999  43472.430658015786
0.0453499999999999  43484.6150206916
0.0453800000000001  43496.72415660442
0.0454000000000001  43508.915328211624
0.0454300000000001  43521.03123101721
0.04545  43533.2292153608
0.04548  43545.35188884065
0.0455  43557.55668972775
0.04553  43569.76491135115
0.04555  43581.97655466956
0.0455799999999999  43594.11280279315
0.0455999999999999  43606.41011022784
0.0456300000000001  43618.5531623497
0.0456500000000001  43630.778479937886
0.0456800000000001  43643.00722401272
0.0457  43655.31832389989
0.04573  43667.47499546409
0.04575  43679.79299737743
0.04578  43692.03547913953
0.0458  43704.28139219901
0.0458299999999999  43716.53073751762
0.0458499999999999  43728.862577389875
0.0458800000000001  43741.11881227205
0.0459000000000001  43753.299376649244
0.0459300000000001  43765.64158845547
0.04595  43777.90813168257
0.04598  43790.25728528452
0.046  43802.53072774807
0.04603  43814.807610186595
0.04605  43827.167172630536
0.0460799999999999  43839.45096012073
0.0460999999999999  43851.73819048539
0.0461300000000001  43864.10817054469
0.0461500000000001  43876.40231178114
0.0461800000000001  43888.77924925426
0.0462  43901.15967809342
0.04623  43913.464204049524
0.04625  43925.77217869265
0.04628  43938.08360298937
0.0463  43950.47793991742
0.0463299999999999  43962.87577311965
0.0463499999999999  43975.19759673485
0.0463800000000001  43987.60240301671
0.0464000000000001  43999.931156960425
0.0464300000000001  44012.26336638173
0.04645  44024.67862841403
0.04648  44037.09739262323
0.0465  44049.44001891996
0.04653  44061.78610458237
0.04655  44074.135650580065
0.0465799999999999  44086.56836594384
0.0465999999999999  44099.00458840784
0.0466300000000001  44111.36456592496
0.0466500000000001  44123.72800767094
0.0466800000000001  44136.09491461672
0.0467  44148.545107847785
0.04673  44160.91897047893
0.04675  44173.296301230606
0.04678  44185.75698846782
0.0468  44198.14128076765
0.0468299999999999  44210.529044111245
0.0468499999999999  44222.920279471444
0.0468800000000001  44235.31498782139
0.0469000000000001  44247.71317013446
0.0469300000000001  44260.11482738435
0.04695  44272.51996054501
0.04698  44284.92857059066
0.047  44297.34065849578
0.04703  44309.836336962304
0.04705  44322.255405964504
0.0470799999999999  44334.67795575761
0.0470999999999999  44347.103987317205
0.0471300000000001  44359.45330004005
0.0471500000000001  44371.886275581724
0.0471800000000001  44384.32273581201
0.0472  44396.76268170754
0.04723  44409.12582285865
0.04725  44421.57272051199
0.04728  44433.942770500435
0.0473  44446.39662379637
0.0473299999999999  44458.77358648297
0.0473499999999999  44471.23439930848
0.0473800000000001  44483.61827855627
0.0474000000000001  44496.00560633582
0.0474300000000001  44508.39638360747
0.04745  44520.790611331795
0.04748  44533.26880616038
0.0475  44545.66996009401
0.04753  44558.07456736989
0.04755  44570.48262894968
0.0475799999999999  44582.89414579528
0.0475999999999999  44595.30911886891
0.0476300000000001  44607.72754913298
0.0476500000000001  44620.14943755025
0.0476800000000001  44632.49408984876
0.0477  44644.84215743033
0.04773  44657.27438113137
0.04775  44669.71006682666
0.04778  44682.06843061523
0.0478  44694.51102069531
0.0478299999999999  44706.79541636781
0.0478499999999999  44719.24489215748
0.0478800000000001  44731.61696029721
0.0479000000000001  44743.992451304875
0.0479300000000001  44756.37136612745
0.04795  44768.75370571221
0.04798  44781.13947100661
0.048  44793.52866295844
0.04803  44805.92128251569
0.04805  44818.15526866212
0.0480799999999999  44830.55470143915
0.0480999999999999  44842.95756465486
0.0481300000000001  44855.36385925833
0.0481500000000001  44867.61134540166
0.0481800000000001  44880.02446074318
0.0482  44892.3598452384
0.04823  44904.69862014424
0.04825  44917.040786392536
0.04828  44929.38634491542
0.0483  44941.73529664527
0.0483299999999999  44954.00636598783
0.0483499999999999  44966.36208459068
0.0483800000000001  44978.721199192994
0.0484000000000001  44991.00236731283
0.0484300000000001  45003.28688873143
0.04845  45015.574764364406
0.04848  45027.947405192135
0.0485  45040.242014230156
0.04853  45052.45852570925
0.04855  45064.84130412899
0.0485799999999999  45077.145986823256
0.0485999999999999  45089.3725079689
0.0486300000000001  45101.68388876019
0.0486500000000001  45113.91706545535
0.0486800000000001  45126.2351479898
0.0487  45138.39337396016
0.04873  45150.71813960281
0.04875  45163.04627044823
0.04878  45175.214414328744
0.0488  45187.54923373402
0.0488299999999999  45199.72397937433
0.0488499999999999  45211.983748020124
0.0488800000000001  45224.165076978206
0.0489000000000001  45236.43147491676
0.0489300000000001  45248.61939075245
0.04895  45260.89242156843
0.04898  45273.00507456923
0.049  45285.28471964776
0.04903  45297.40390047924
0.04905  45309.69016338495
0.0490799999999999  45321.81587556513
0.0490999999999999  45334.026796263395
0.0491300000000001  45346.15902137724
0.0491500000000001  45358.2944932992
0.0491800000000001  45370.515242321846
0.0492  45382.657232419595
0.04923  45394.884545421846
0.04925  45406.9509617489
0.04928  45419.10270271991
0.0493  45431.25769572185
0.0493299999999999  45443.333780397625
0.0493499999999999  45455.495258084695
0.0493800000000001  45467.57778534803
0.0494000000000001  45479.6635242685
0.0494300000000001  45491.8347244678
0.04945  45503.92691112637
0.04948  45515.940019510665
0.0495  45528.120927971904
0.04953  45540.140423614765
0.04955  45552.163092423405
0.0495799999999999  45564.271314968195
0.0495999999999999  45576.30035437017
0.0496300000000001  45588.33256945749
0.0496500000000001  45600.450406212614
0.0496800000000001  45612.488996951666
0.0497  45624.448277216514
0.04973  45636.57571388957
0.04975  45648.5413095256
0.04978  45660.51004245835
0.0498  45672.48191351039
0.0498299999999999  45684.539520680846
0.0498499999999999  45696.51769209646
0.0498800000000001  45708.499004106074
0.0499000000000001  45720.40079537056
0.0499300000000001  45732.4710532013
0.04995  45744.37908641924
0.04998  45756.372947356605
