1e-08  2522122.767568193
2.99999999999727e-05  2502305.1273770607
4.99999999999545e-05  2463315.803488657
8.00000000000409e-05  2425003.1905638715
0.000100000000000023  2387965.0434338525
0.000129999999999995  2352344.390554281
0.000149999999999977  2318166.1974462084
0.00017999999999995  2285425.5534389555
0.000200000000000045  2254075.591866225
0.000230000000000018  2224071.6908528917
0.00025  2195357.644957589
0.000279999999999973  2167866.314719463
0.000299999999999955  2141547.0563364564
0.000330000000000041  2116342.667925346
0.000350000000000023  2092198.470250483
0.000379999999999995  2069053.4498757543
0.000399999999999977  2046866.348819501
0.00042999999999995  2025584.840863923
0.000450000000000045  2005162.9104901329
0.000480000000000018  1985560.5350345052
0.0005  1966735.0757871822
0.000529999999999973  1948649.6031812823
0.000549999999999954  1931272.6362912506
0.000580000000000041  1914561.6446561709
0.000600000000000023  1898491.6754575055
0.000629999999999995  1883026.6366325256
0.000649999999999977  1868143.5422416637
0.00067999999999995  1853816.2258527519
0.000700000000000045  1840015.4251873207
0.000730000000000018  1826720.5701596197
0.00075  1813907.8489661908
0.000779999999999973  1801558.0045145715
0.000799999999999955  1789648.5103175405
0.000830000000000041  1778161.2770479834
0.000850000000000023  1767078.7186436672
0.000879999999999995  1756383.7249002147
0.000899999999999977  1746063.3925524093
0.00092999999999995  1736101.4315627872
0.000950000000000045  1726478.2364069384
0.000980000000000018  1717185.7651198388
0.001  1708208.8272371744
0.00102999999999997  1699539.9206862457
0.00104999999999995  1691160.7777770832
0.00108000000000004  1683060.7868650951
0.00110000000000002  1675233.1988183274
0.00113  1667667.8198686999
0.00114999999999998  1660354.6717292808
0.00117999999999995  1653283.9806951934
0.00120000000000005  1646446.1672435463
0.00123000000000002  1639835.3976199457
0.00125  1633442.4159601396
0.00127999999999997  1627261.6727726737
0.00129999999999995  1621280.679213122
0.00133000000000004  1615497.6920494544
0.00135000000000002  1609907.5221365967
0.00138  1604498.0872911392
0.00139999999999998  1599267.9377236567
0.00142999999999995  1594212.196451437
0.00145000000000005  1589319.1356693986
0.00148000000000002  1584591.017246578
0.0015  1580019.7572853921
0.00152999999999997  1575597.3795769187
0.00154999999999995  1571326.3143040435
0.00158000000000004  1567195.286777183
0.00160000000000002  1563206.8263976022
0.00163  1559349.814017698
0.00164999999999998  1555626.868731587
0.00167999999999995  1552030.4129021852
0.00170000000000005  1548556.341688627
0.00173000000000002  1545200.600666225
0.00175  1541965.9444751712
0.00177999999999997  1538841.628140771
0.00179999999999995  1535830.473885277
0.00183000000000004  1532925.2107430573
0.00185000000000002  1530128.7057395182
0.00188  1527430.4097622782
0.00189999999999998  1524833.2457721704
0.00192999999999995  1522333.4456547638
0.00195000000000005  1519927.2758502248
0.00198000000000002  1517611.0354961173
0.002  1515387.7171332047
0.00202999999999997  1513253.6561986832
0.00204999999999995  1511201.8940632096
0.00208000000000004  1509235.473930745
0.00210000000000002  1507350.8035595338
0.00213  1505544.3161677662
0.00214999999999998  1503815.7786695198
0.00217999999999995  1502164.9681512525
0.00220000000000005  1500588.368047169
0.00223000000000002  1499082.4830269213
0.00225  1497650.4342491503
0.00227999999999997  1496285.4537517491
0.00229999999999995  1494987.3886915953
0.00233000000000004  1493759.3848672332
0.00235000000000002  1492594.7201624978
0.00238  1491493.2708003442
0.00239999999999998  1490451.6348075643
0.00242999999999995  1489476.2736221198
0.00245000000000005  1488557.2339269808
0.00248000000000002  1487697.708241919
0.0025  1486894.3317973271
0.00252999999999997  1486147.0283105823
0.00254999999999995  1485455.7268396162
0.00258000000000004  1484820.3617726595
0.00260000000000002  1484234.3260099576
0.00263  1483700.8428884998
0.00264999999999998  1483219.864775157
0.00267999999999995  1482788.0780176627
0.00270000000000005  1482405.44648115
0.00273000000000002  1482071.9381482732
0.00275  1481784.256267131
0.00277999999999997  1481542.378374126
0.00279999999999995  1481349.5536177307
0.00283000000000004  1481195.96258632
0.00285000000000002  1481091.3976461915
0.00288  1481026.0477166942
0.00289999999999998  1481006.443211542
0.00292999999999995  1481026.0477166942
0.00295000000000005  1481084.8625439259
0.00298000000000002  1481186.1593589901
0.003  1481326.6775073973
0.00302999999999997  1481506.4263921787
0.00304999999999995  1481725.418042134
0.00308000000000004  1481980.397900524
0.00310000000000002  1482271.381610988
0.00313  1482601.6573886247
0.00314999999999998  1482964.7052520383
0.00317999999999995  1483363.817234584
0.00320000000000005  1483799.0178322808
0.00323000000000002  1484267.0602972563
0.00325  1484767.9707538018
0.00327999999999997  1485301.77716479
0.00329999999999995  1485868.5093340538
0.00333000000000004  1486464.9213625595
0.00335000000000002  1487097.6006609476
0.00338  1487756.7462402047
0.00339999999999998  1488448.9500254786
0.00342999999999995  1489170.9681235228
0.00345000000000005  1489922.8368644086
0.00348000000000002  1490701.3086710526
0.0035  1491512.992223793
0.00352999999999997  1492348.0674678872
0.00354999999999995  1493213.1472991176
0.00358000000000004  1494108.2752943332
0.00360000000000002  1495026.9096445444
0.00363  1495972.3816100094
0.00364999999999998  1496944.733582024
0.00367999999999995  1497944.0091693313
0.00370000000000005  1498970.2532010986
0.00373000000000002  1500020.2090041486
0.00375  1501093.9178581107
0.00377999999999997  1502191.421989545
0.00379999999999995  1503316.0734138736
0.00383000000000004  1504461.3007065807
0.00385000000000002  1505630.4557079223
0.00388  1506826.8998152984
0.00389999999999998  1508040.7339575987
0.00392999999999995  1509281.9521696835
0.00395000000000005  1510540.6435041933
0.00398000000000002  1511823.4928302893
0.004  1513127.2236920188
0.00402999999999997  1514455.2097866836
0.00404999999999995  1515800.8394890781
0.00408000000000004  1517167.485492908
0.00410000000000002  1518558.531294384
0.00413  1519964.0126079044
0.00414999999999998  1521393.9886559139
0.00417999999999995  1522841.8258030827
0.00420000000000005  1524307.5651894715
0.00423000000000002  1525794.5990324137
0.00425  1527299.6245502867
0.00427999999999997  1528822.6845659201
0.00429999999999995  1530363.8224337816
0.00433000000000004  1531926.4439640339
0.00435000000000002  1533503.8726603521
0.00438  1535099.5125145759
0.00439999999999998  1536713.409026815
0.00442999999999995  1538342.2344161978
0.00445000000000005  1539989.4029773264
0.00448000000000002  1541654.9617385555
0.0045  1543335.575198615
0.00452999999999997  1545031.2820363895
0.00454999999999995  1546742.1212962752
0.00458000000000004  1548471.5249763248
0.00460000000000002  1550216.1467271973
0.00463  1551976.0267820626
0.00464999999999998  1553751.205745415
0.00467999999999995  1555538.318911016
0.00470000000000005  1557344.2156527326
0.00473000000000002  1559162.1229358872
0.00475  1560995.488463086
0.00477999999999997  1562844.3546317357
0.00479999999999995  1564705.341561039
0.00483000000000004  1566581.9081132156
0.00485000000000002  1568470.6681155015
0.00488  1570371.6548326109
0.00489999999999998  1572288.3384489848
0.00492999999999995  1574217.323139937
0.00495000000000005  1576158.642936709
0.00498000000000002  1578112.3321055865
0.005  1580078.4251488075
0.00502999999999997  1582056.9568054895
0.00504999999999995  1584047.9620525609
0.00508000000000004  1586051.4761056919
0.00510000000000002  1588064.068541143
0.00513  1590092.7030616358
0.00514999999999998  1592130.4800555445
0.00517999999999995  1594177.4243297547
0.00520000000000005  1596237.0417999392
0.00523000000000002  1598309.3689952123
0.00525  1600390.9540202382
0.00527999999999997  1602481.822282477
0.00529999999999995  1604585.4957309656
0.00533000000000004  1606698.5114141773
0.00535000000000002  1608820.8951711436
0.00538  1610956.1811552793
0.00539999999999998  1613097.3830450894
0.00542999999999995  1615251.5474340755
0.00545000000000005  1617411.6724239928
0.00548000000000002  1619581.2966473915
0.0055  1621763.9748673616
0.00552999999999997  1623952.6815738925
0.00554999999999995  1626150.9677683474
0.00558000000000004  1628358.8604597077
0.00560000000000002  1630572.8423712458
0.00563  1632796.4769802454
0.00564999999999998  1635029.79164209
0.00567999999999995  1637269.2570688815
0.00570000000000005  1639518.4493539233
0.00573000000000002  1641773.8311139578
0.00575  1644035.4176526798
0.00577999999999997  1646306.7977676287
0.00579999999999995  1648584.4218125662
0.00583000000000004  1650871.88713759
0.00585000000000002  1653162.0497728032
0.00588  1655462.0932851906
0.00589999999999998  1657768.4514798857
0.00592999999999995  1660084.7389288598
0.00595000000000005  1662403.7779740999
0.00598000000000002  1664729.179025395
0.006  1667060.9579553488
0.00602999999999997  1669399.1306877104
0.00604999999999995  1671743.713197539
0.00608000000000004  1674094.7215113596
0.00610000000000002  1676448.5426922077
0.00613  1678812.4465455904
0.00614999999999998  1681179.186852206
0.00617999999999995  1683552.408826657
0.00620000000000005  1685928.482244562
0.00623000000000002  1688311.0611045551
0.00625  1690696.5064728444
0.00627999999999997  1693092.1408243438
0.00629999999999995  1695487.0015733014
0.00633000000000004  1697888.415647666
0.00635000000000002  1700296.3995103913
0.00638  1702703.614956858
0.00639999999999998  1705121.0972813612
0.00642999999999995  1707537.8176401432
0.00645000000000005  1709961.1473240836
0.00648000000000002  1712387.4077830615
0.0065  1714816.6022689857
0.00652999999999997  1717248.7340371679
0.00654999999999995  1719687.5149397915
0.00658000000000004  1722125.5355352103
0.00660000000000002  1724570.2207758378
0.00663  1727014.1432805532
0.00664999999999998  1729464.7459748695
0.00667999999999995  1731918.3145779744
0.00670000000000005  1734371.116789499
0.00673000000000002  1736830.6225763469
0.00675  1739289.3595273125
0.00677999999999997  1741751.0665265375
0.00679999999999995  1744215.7468670032
0.00683000000000004  1746683.4038451347
0.00685000000000002  1749154.040760799
0.00688  1751623.8936256792
0.00689999999999998  1754096.7239486137
0.00692999999999995  1756568.7586523579
0.00695000000000005  1759043.7683120512
0.00698000000000002  1761521.75621462
0.007  1764002.725650412
0.00702999999999997  1766482.885339932
0.00704999999999995  1768962.2249076974
0.00708000000000004  1771444.53764493
0.00710000000000002  1773926.0185924198
0.00713  1776410.4701362832
0.00714999999999998  1778894.0781937758
0.00717999999999995  1781380.6542519939
0.00720000000000005  1783866.3750986482
0.00723000000000002  1786351.23030059
0.00725  1788839.0450019578
0.00727999999999997  1791325.9822898123
0.00729999999999995  1793812.0317083895
0.00733000000000004  1796297.1827965253
0.00735000000000002  1798785.2789072369
0.00738  1801272.4648606284
0.00739999999999998  1803754.8672374913
0.00742999999999995  1806244.0643568118
0.00745000000000005  1808728.4569173488
0.00748000000000002  1811211.8973561893
0.0075  1813694.375169574
0.00752999999999997  1816179.7655447908
0.00754999999999995  1818660.2911203161
0.00758000000000004  1821143.7173163714
0.00760000000000002  1823622.2485716916
0.00763  1826099.7646055953
0.00764999999999998  1828580.1632932422
0.00767999999999995  1831055.6218153003
0.00770000000000005  1833530.0335030518
0.00773000000000002  1836003.3878107744
0.00775  1838475.6741884293
0.00777999999999997  1840942.951035004
0.00779999999999995  1843413.0653648274
0.00783000000000004  1845878.1400132698
0.00785000000000002  1848342.0954678338
0.00787999999999999  1850804.9211653958
0.00789999999999998  1853266.6065390066
0.00792999999999995  1855723.1829274422
0.00795000000000005  1858178.5888570289
0.00798000000000002  1860632.8137574464
0.008  1863085.8470548997
0.00802999999999997  1865533.7021393264
0.00804999999999995  1867976.3550093859
0.00808000000000004  1870421.751616666
0.00810000000000002  1872861.9159255268
0.00812999999999999  1875296.8239791822
0.00814999999999998  1877730.4501791133
0.00817999999999995  1880162.783953912
0.00820000000000005  1882589.8075183774
0.00823000000000002  1885015.5086344464
0.00825  1887439.8767313012
0.00827999999999997  1889854.8602572624
0.00829999999999995  1892272.496843464
0.00833000000000004  1894684.7305461466
0.00835000000000002  1897091.537583666
0.00838  1899496.9323025579
0.00839999999999998  1901896.8616647692
0.00842999999999995  1904291.3019717867
0.00845000000000005  1906684.2807786143
0.00848000000000002  1909075.787540982
0.0085  1911457.6918321557
0.00852999999999997  1913842.1498576591
0.00854999999999996  1916216.9582418988
0.00858000000000004  1918590.2263448734
0.00860000000000002  1920957.866368218
0.00863  1923323.9364228882
0.00864999999999998  1925684.3400941459
0.00867999999999995  1928039.053956683
0.00870000000000005  1930388.0546268409
0.00873000000000002  1932735.4175199468
0.00875  1935077.029114607
0.00877999999999997  1937412.866121586
0.00879999999999995  1939747.016839875
0.00883000000000004  1942075.3550054673
0.00885000000000002  1944397.8574259877
0.00888  1946714.5009529062
0.00889999999999998  1949025.2624818885
0.00892999999999995  1951334.2516252634
0.00895000000000004  1953637.3210847573
0.00898000000000002  1955934.447857235
0.009  1958225.6089850233
0.00902999999999997  1960514.9309612643
0.00904999999999995  1962794.0962635116
0.00908000000000004  1965071.385020746
0.00910000000000002  1967342.6250216349
0.00913  1969607.7935069154
0.00914999999999998  1971866.8677647603
0.00917999999999995  1974123.9993304277
0.00920000000000004  1976370.8212817435
0.00923000000000002  1978615.6635267872
0.00925  1980854.3293129469
0.00927999999999997  1983082.6056137295
0.00929999999999995  1985308.8469650687
0.00933000000000004  1987528.8445048886
0.00935000000000002  1989746.778526183
0.00938  1991954.2254467653
0.00939999999999998  1994155.3616305613
0.00942999999999995  1996350.1648748245
0.00945000000000005  1998542.831687013
0.00948000000000002  2000724.906621289
0.0095  2002904.8089027358
0.00952999999999997  2005078.2978419045
0.00954999999999995  2007245.3514607807
0.00958000000000004  2009401.7094090637
0.00960000000000002  2011555.8227470461
0.00963  2013703.4351624295
0.00964999999999998  2015844.5248914578
0.00967999999999995  2017979.070224785
0.00970000000000005  2020107.049507815
0.00973000000000002  2022228.4411410384
0.00975  2024343.2235803741
0.00977999999999997  2026451.3753375057
0.00979999999999995  2028552.8749802194
0.00983000000000004  2030647.701132741
0.00985000000000002  2032740.1133359105
0.00987999999999999  2034821.5323917274
0.00989999999999998  2036896.2141595117
0.00992999999999995  2038964.137492561
0.00995000000000005  2041029.5772290141
0.00998000000000002  2043083.9242185983
0.01  2046801.7516441862
0.01003  2048843.8738172664
0.01005  2050874.813926933
0.01008  2052885.9051727122
0.0101  2054868.4519146937
0.01013  2056809.4059563484
0.01015  2058687.0225657134
0.0101799999999999  2060492.4867563709
0.0102  2062208.2945610262
0.01023  2063816.9011120987
0.01025  2065309.4079001062
0.01028  2066689.9384733732
0.0103  2067936.5735871696
0.01033  2069057.796715866
0.01035  2070049.082327369
0.01038  2070905.9183951577
0.0104  2071636.8633850592
0.0104299999999999  2072237.4492874853
0.01045  2072711.9314813411
0.01048  2073068.9432803348
0.0105  2073304.077636707
0.01053  2073426.0082300236
0.01055  2073430.363008702
0.01058  2073330.2050992271
0.0106  2073121.1933674898
0.01063  2072812.0635742901
0.01065  2072398.5015240854
0.0106799999999999  2071897.9692017792
0.0107  2071297.4683421655
0.01073  2070605.7734277262
0.01075  2069827.3117573936
0.01078  2068957.8213900558
0.0108  2068006.0915289586
0.01083  2066972.22053325
0.01085  2065851.97420038
0.01088  2064654.1520321784
0.0109  2063378.8712060477
0.01093  2062017.588306564
0.01095  2060583.4455830343
0.01098  2059063.5892699473
0.011  2057462.5102016772
0.01103  2055784.6962038325
0.01105  2054021.6719870812
0.01108  2052164.996465746
0.0111  2050214.8912014198
0.01113  2048167.2798996568
0.01115  2046000.8929245516
0.01118  2043681.6529973408
0.0112  2041188.5320065361
0.01123  2038453.4236739937
0.01125  2035395.7450586334
0.01128  2031901.2135043317
0.0113  2027826.5344903138
0.01133  2022995.6820186237
0.01135  2017192.2082114762
0.01138  2010185.94934757
0.0114  2001759.6825324441
0.01143  1991722.8701599953
0.01145  1979941.8619982407
0.01148  1966339.8394365844
0.0115  1950900.3621842759
0.01153  1933674.2297886403
0.01155  1914756.8019596485
0.01158  1894265.722636681
0.0116  1872351.3289513392
0.01163  1849174.5632506157
0.01165  1824889.908649293
0.01168  1799641.001735332
0.0117  1773560.4607490895
0.01173  1746773.6029620457
0.01175  1719372.3088410976
0.01178  1691438.6613474665
0.0118  1663041.6360684459
0.01183  1634227.0621893373
0.01185  1605033.0902156194
0.01188  1575490.6553961462
0.0119  1545610.4166723443
0.0119299999999999  1515407.7047362602
0.01195  1484889.127348927
0.01198  1454066.2750881233
0.012  1422939.6269658667
0.01203  1391524.5090592501
0.01205  1359825.5787381835
0.01208  1327867.8078002138
0.0121  1295668.3669406243
0.01213  1263260.3701714666
0.01215  1230674.5049413582
0.0121799999999999  1197961.1703446337
0.0122  1165177.53792742
0.01223  1132378.6933389276
0.01225  1099648.1679636927
0.01228  1067069.2552176458
0.0123  1034741.3524049824
0.01233  1002767.7537937511
0.01235  971270.387354446
0.01238  940366.2349312155
0.0124  910186.5591531344
0.0124299999999999  880856.9835128579
0.01245  852497.2120305458
0.01248  825220.9750572648
0.0125  799130.2861084477
0.01253  774310.8042593779
0.01255  750828.1451056971
0.01258  728724.9590299728
0.0126  708022.1719903883
0.01263  688721.9040605442
0.01265  670801.4159296422
0.0126799999999999  654221.1781518064
0.0127  638930.1852967661
0.01273  624870.6880436279
0.01275  611976.356719593
0.01278  600178.8404426326
0.0128  589420.63202023
0.01283  579636.37836949
0.01285  570772.8595681292
0.01288  562778.9304414011
0.0129  555604.0558237233
0.01293  549204.7457818211
0.01295  543540.539656298
0.01298  538573.2741429531
0.013  534265.5203622637
0.01303  530583.2559414714
0.01305  527496.593740697
0.01308  524976.9457509666
0.0131  522995.83893314097
0.01313  521528.30548883625
0.01315  520552.1188010354
0.01318  520045.3603004783
0.0132  519985.99955401634
0.01323  520356.0208888944
0.01325  521135.62013262085
0.01328  522308.77681046317
0.0133  523856.8927671375
0.01333  525766.6769543008
0.01335  528018.0570366095
0.01338  530598.2471657179
0.0134  533492.2378030363
0.01343  536684.5655243242
0.01345  540158.9347364096
0.01348  543900.620664491
0.0135  547897.4773754939
0.01353  552131.7875582164
0.01355  556589.0107734766
0.01358  561256.0256557144
0.0136  566118.8658006168
0.01363  571163.5721105264
0.01365  576374.9365054065
0.0136799999999999  581741.3748111178
0.0137  587248.5027635897
0.01373  592886.6963153793
0.01375  598641.1549248118
0.01378  604500.2870698122
0.0138  610455.6648275391
0.01383  616493.7500777207
0.01385  622605.9438320129
0.01388  628780.5856095561
0.0139  635010.1025569694
0.0139299999999999  641285.6822177006
0.01395  647599.2409355253
0.01398  653942.6135375747
0.014  660308.0669749212
0.01403  666688.4949154363
0.01405  673080.0369945047
0.01408  679475.2506925672
0.0141  685869.9894811003
0.01413  692260.001867948
0.01415  698639.1555157835
0.0141799999999999  705006.5305987184
0.0142  711355.8004133254
0.01423  717687.741398143
0.01425  723995.8731437091
0.01428  730280.9196203427
0.0143  736539.9518277446
0.01433  742769.9913723908
0.01435  748971.7618217167
0.01438  755144.1486539167
0.0144  761284.1387932833
0.0144299999999999  767392.4949799288
0.01445  773468.1061234047
0.01448  779511.7977722917
0.0145  785524.4444015664
0.01453  791503.0522833379
0.01455  797450.4928570631
0.01458  803365.7692000259
0.0146  809249.8791272971
0.01463  815105.8723963137
0.01465  820930.8442635852
0.01468  826729.9539474164
0.0147  832502.3825939149
0.01473  838249.3616009329
0.01475  843972.1678825252
0.01478  849674.1949649559
0.0148  855354.7601801481
0.01483  861015.2745802308
0.01485  866661.4020777573
0.01488  872290.4762900628
0.0149  877901.9131215762
0.01493  883503.676281332
0.01495  889095.3110151135
0.01498  894676.3618096042
0.015  900248.5417832363
0.01503  905813.6063421168
0.01505  911371.1622186794
0.01508  916923.0168109804
0.0151  922471.0194661273
0.01513  928012.6156279744
0.01515  933549.6742264316
0.01518  939081.8617945442
0.0152  944611.0988071146
0.01523  950134.8165299222
0.01525  955657.2310184111
0.01528  961171.2091452394
0.0153  966680.9759620363
0.01533  972183.9170793304
0.01535  977679.6934595437
0.01538  983163.3077502014
0.0154  988641.3746256061
0.01543  994108.8851322271
0.01545  999563.1062664394
0.01548  1005003.6336351412
0.0155  1010432.4437188884
0.01553  1015841.9887107308
0.01555  1021231.8018769493
0.01558  1026606.2408248222
0.0156  1031960.0567024379
0.01563  1037292.7839684365
0.01565  1042599.0726779507
0.01568  1047880.8506416485
0.0157  1053140.0871067543
0.01573  1058366.42943401
0.01575  1063566.7445934783
0.01578  1068738.0507195427
0.0158  1073874.8259732218
0.01583  1078979.0079799998
0.01585  1084052.5755636184
0.01588  1089089.9549843632
0.0159  1094090.5795082387
0.01593  1099056.4352997353
0.01595  1103981.8708490012
0.01598  1108871.4376121694
0.016  1113722.0307620831
0.01603  1118530.511755285
0.01605  1123301.4973537829
0.01608  1128029.2599617678
0.0161  1132718.4595695836
0.01613  1137365.9626319553
0.01615  1141971.2353957978
0.01618  1146536.3880421706
0.0162  1151058.2716224233
0.01623  1155539.0210691956
0.01625  1159978.1434803347
0.01628  1164375.1496510352
0.0163  1168729.554156014
0.01633  1173043.5656940886
0.01635  1177314.0325245229
0.01638  1181545.893460557
0.0164  1185736.0119657952
0.01643  1189881.2233452427
0.01645  1193989.2550103266
0.01648  1198056.9806834594
0.0165  1202081.2466072792
0.01653  1206067.1303425904
0.01655  1210011.492709217
0.01658  1213913.935633075
0.0166  1217779.614155525
0.01663  1221605.3988361917
0.01665  1225388.134511896
0.0166799999999999  1229135.8257068116
0.0167  1232842.5489267106
0.01673  1236507.9480130824
0.01675  1240134.4871595032
0.01678  1243724.6611061746
0.0168  1247272.503515324
0.01683  1250786.1824834235
0.01685  1254262.5743693174
0.01688  1257695.6821081121
0.0169  1261093.7419207352
0.0169299999999999  1264456.4817075334
0.01695  1267777.894093143
0.01698  1271066.3001076707
0.017  1274312.8104745976
0.01703  1277528.6760759817
0.01705  1280707.8877182007
0.01708  1283850.188981015
0.0171  1286955.3261356086
0.01713  1290028.8695356864
0.01715  1293064.772345442
0.0171799999999999  1296068.6326998891
0.0172  1299040.2409051983
0.01723  1301979.3893000819
0.01725  1304882.933712052
0.01728  1307756.5423524785
0.0173  1310600.0299608847
0.01733  1313410.2584761365
0.01735  1316189.990302646
0.01738  1318942.0106085571
0.0174  1321660.2166971648
0.0174299999999999  1324353.3423541258
0.01745  1327018.2631775355
0.01748  1329654.8212141045
0.0175  1332265.8499394823
0.01753  1334845.219541901
0.01755  1337401.7607432061
0.01758  1339929.3417243117
0.0176  1342436.8388254044
0.01763  1344915.1041928923
0.01765  1347367.0082644026
0.0176799999999999  1349798.4639665806
0.0177  1352206.339899234
0.01773  1354590.5192843894
0.01775  1356950.8863996218
0.01778  1359290.3670587612
0.0178  1361605.8158590049
0.01783  1363900.169251481
0.01785  1366173.3284166078
0.01788  1368428.25293121
0.0179  1370658.734709737
0.0179299999999999  1372870.7966762842
0.01795  1375061.2857196555
0.01798  1377233.1811645592
0.018  1379386.4012418927
0.01803  1381520.8648272236
0.01805  1383633.405468164
0.01808  1385727.0214943027
0.0181  1387807.821381002
0.01813  1389866.4569658602
0.01815  1391909.0417309923
0.0181799999999999  1393932.4046401887
0.0182  1395942.6870080747
0.01823  1397933.60985775
0.01825  1399905.0977424493
0.01828  1401860.1959042305
0.0183  1403801.964736046
0.01833  1405724.0978376386
0.01835  1407632.7837429724
0.01838  1409527.9712953717
0.0184  1411403.3340417203
0.0184299999999999  1413261.9419247143
0.01845  1415110.0240460972
0.01848  1416941.2447951331
0.0185  1418758.6961972374
0.01853  1420559.1744589794
0.01855  1422348.9374442024
0.01858  1424121.623886723
0.0186  1425880.3408751716
0.01863  1427628.2090182446
0.01865  1429358.8483398317
0.01868  1431078.5513855172
0.0187  1432780.92597594
0.01873  1434472.2781750076
0.01875  1436152.5716875969
0.01878  1437818.5833906375
0.0188  1439470.2681787328
0.01883  1441110.7744822102
0.01885  1442740.0670107864
0.01888  1444354.9114785746
0.0189  1445961.6684875933
0.01893  1447553.9020396124
0.01895  1449134.777025539
0.01898  1450701.0483121756
0.019  1452262.3151284077
0.01903  1453805.6939212666
0.01905  1455340.793081025
0.01908  1456864.365496488
0.0191  1458376.378223141
0.01913  1459880.0266602717
0.01915  1461372.0557695697
0.01918  1462855.6668926165
0.0192  1464324.3634041315
0.01923  1465787.822560843
0.01925  1467236.303557202
0.01928  1468676.2558342742
0.0193  1470110.9033267177
0.01933  1471530.4815367393
0.01935  1472941.456524854
0.01938  1474343.8055182723
0.0194  1475737.5058734594
0.01943  1477122.535076691
0.01945  1478495.608009307
0.01948  1479859.9600759705
0.0195  1481215.569204966
0.01953  1482565.6837509759
0.01955  1483903.7438054108
0.01958  1485232.9954856846
0.0196  1486553.4172519639
0.01963  1487868.2678465436
0.01965  1489174.2506977913
0.01968  1490471.3446204152
0.0197  1491756.2411877231
0.01973  1493038.7816179441
0.01975  1494312.3751223604
0.01978  1495577.001011461
0.0198  1496832.6387334277
0.01983  1498082.5669961104
0.01985  1499323.4710058244
0.01988  1500558.6342955667
0.0199  1501784.7376460803
0.01993  1503001.7610995206
0.01995  1504212.9953430947
0.01998  1505418.4273955254
0.02  1506618.044332904
0.02003  1507805.198924107
0.02005  1508989.8233018948
0.02008  1510161.9466655974
0.0201  1511331.5145051586
0.02013  1512495.1948809552
0.02015  1513649.6472577192
0.02018  1514798.1829433714
0.0202  1515940.7895806795
0.02023  1517077.4548719097
0.02025  1518204.8301003105
0.02028  1519326.235399247
0.0203  1520441.6586842933
0.02033  1521551.0879314071
0.02035  1522654.511177124
0.02038  1523751.9165187585
0.0204  1524839.9433275776
0.02043  1525925.2753841272
0.02045  1527004.554206489
0.02048  1528074.413351412
0.0205  1529141.548815437
0.02053  1530199.2375434593
0.02055  1531257.5442412298
0.02058  1532303.0186951826
0.0206  1533345.7316042306
0.02063  1534382.311002223
0.02065  1535412.745667834
0.0206799999999999  1536437.0244428092
0.0207  1537458.508410071
0.02073  1538470.4440579263
0.02075  1539482.9425634383
0.02078  1540482.4930189126
0.0208  1541482.5919767078
0.02083  1542473.0952585093
0.02085  1543460.7532091849
0.02088  1544442.1754752703
0.0209  1545417.3514042539
0.0209299999999999  1546389.659137911
0.02095  1547352.3124778785
0.02098  1548315.4724896278
0.021  1549272.3512574693
0.02103  1550219.5425523708
0.02105  1551167.223536615
0.02108  1552105.1964493317
0.0211  1553043.6490281774
0.02113  1553972.3731293778
0.02115  1554898.162464992
0.0211799999999999  1555817.605905167
0.0212  1556734.1013347758
0.02123  1557644.2342863013
0.02125  1558551.4061076362
0.02128  1559455.611960394
0.0213  1560350.01782606
0.02133  1561244.857707021
0.02135  1562129.8781078414
0.02138  1563011.9034934712
0.0214  1563890.9291489827
0.0214299999999999  1564763.527608542
0.02145  1565636.538102099
0.02148  1566499.682849572
0.0215  1567363.2303390396
0.02153  1568216.8932482563
0.02155  1569070.9497014224
0.02158  1569915.1029405142
0.0216  1570759.640620019
0.02163  1571597.6920622496
0.02165  1572432.6850722737
0.0216799999999999  1573264.6151687796
0.0217  1574093.4778857934
0.02173  1574912.3856665194
0.02175  1575731.654177565
0.02178  1576544.3944185597
0.0218  1577357.4896375993
0.02183  1578160.5972772073
0.02185  1578964.051202381
0.02188  1579764.4010225325
0.0219  1580558.190434758
0.0219299999999999  1581345.410759604
0.02195  1582136.4180952744
0.02198  1582917.391483068
0.022  1583695.2336246555
0.02203  1584469.9403270034
0.02205  1585244.9680719206
0.02208  1586013.3928017863
0.0221  1586778.669603319
0.02213  1587537.3294425409
0.02215  1588292.8303107116
0.0221799999999999  1589048.6358221727
0.0222  1589797.8079124962
0.02223  1590543.8088371342
0.02225  1591286.634565637
0.02228  1592026.2810838444
0.0223  1592762.7443939177
0.02233  1593492.544597385
0.02235  1594222.6282133034
0.02238  1594949.516731784
0.0224  1595673.2062206117
0.0224299999999999  1596393.6927640573
0.02245  1597104.007269159
0.02248  1597818.0736007604
0.0225  1598528.925351
0.02253  1599233.0721411798
0.02255  1599937.4818949678
0.02258  1600635.1764541783
0.0226  1601333.1289710787
0.02263  1602024.3561497969
0.02265  1602715.836323255
0.02268  1603404.0753379778
0.0227  1604089.0694617243
0.02273  1604767.3182215276
0.02275  1605449.3081916843
0.02278  1606121.046158711
0.0228  1606793.0224922276
0.02283  1607461.7355332344
0.02285  1608130.6846171895
0.02288  1608792.8614219679
0.0229  1609451.764087595
0.02293  1610110.8956594055
0.02295  1610766.7483674006
0.02298  1611415.809606282
0.023  1612065.092714309
0.02303  1612711.0863261533
0.02305  1613353.7869300887
0.02308  1613993.191031651
0.0231  1614632.8101318572
0.02313  1615269.1281368914
0.02315  1615902.1415858315
0.02318  1616531.847035112
0.0232  1617158.2410585496
0.02323  1617784.8410474483
0.02325  1618404.6031549454
0.02328  1619028.0898422943
0.0233  1619644.731881005
0.02333  1620258.0478648995
0.02335  1620868.0344541275
0.02338  1621478.2159472061
0.0234  1622085.063653279
0.02343  1622692.1041289854
0.02345  1623292.2754698328
0.02348  1623892.6352323608
0.0235  1624489.6502828896
0.02353  1625086.8516517244
0.02355  1625677.1686247976
0.02358  1626267.6676358213
0.0236  1626854.8111816412
0.02363  1627442.1346931998
0.02365  1628026.098504113
0.02368  1628606.6994298755
0.0237  1629187.4761581307
0.02373  1629764.8858109189
0.02375  1630338.9252385318
0.02378  1630909.5913091372
0.0238  1631480.4269956616
0.02383  1632047.885203509
0.02385  1632615.5110177705
0.02388  1633176.2060305777
0.0239  1633740.6148322495
0.02393  1634298.0866910403
0.02395  1634855.720103083
0.02398  1635409.961765386
0.024  1635964.3630139534
0.02403  1636515.3685050423
0.02405  1637066.5316258674
0.0240799999999999  1637610.7375968045
0.0240999999999999  1638155.0972358843
0.0241300000000001  1638703.1699993236
0.0241500000000001  1639244.2776775525
0.0241800000000001  1639781.975725932
0.0242  1640319.8236057342
0.02423  1640854.2579631673
0.02425  1641385.2758775528
0.02428  1641920.0051434524
0.0243  1642451.3160743194
0.0243299999999999  1642979.2057662462
0.0243499999999999  1643503.6713336047
0.0243800000000001  1644031.8483982233
0.0244000000000001  1644553.0292518502
0.0244300000000001  1645070.7793248314
0.02445  1645592.2400319509
0.02448  1646110.2681100073
0.0245  1646624.8607262394
0.02453  1647139.590046886
0.02455  1647650.8801749349
0.0245799999999999  1648162.305180754
0.0245999999999999  1648673.8650969577
0.0246300000000001  1649174.8237129708
0.0246500000000001  1649683.0710373
0.0246800000000001  1650187.8708778366
0.0247  1650689.2204728331
0.02473  1651190.6995314558
0.02475  1651688.7247068658
0.02478  1652186.8775632367
0.0248  1652681.5729221345
0.0248299999999999  1653176.3941904134
0.0248499999999999  1653667.7543704228
0.0248800000000001  1654162.8266326832
0.0249000000000001  1654650.8472059616
0.0249300000000001  1655138.990179064
0.02495  1655627.2555801338
0.02498  1656108.4603756433
0.025  1656593.3764940328
0.02503  1658307.7137727167
0.02505  1658843.5286485804
0.0250799999999999  1659347.1130059904
0.0250999999999999  1659836.433713138
0.0251300000000001  1660322.2778226058
0.0251500000000001  1660801.0424959695
0.0251800000000001  1661279.9245677644
0.0252  1661751.7201946883
0.02523  1662220.0269718491
0.02525  1662688.445985718
0.02528  1663156.977260957
0.0253  1663618.410070717
0.0253299999999999  1664087.164214661
0.0253499999999999  1664545.2094315013
0.0253800000000001  1665006.9698066642
0.0254000000000001  1665461.621587658
0.0254300000000001  1665919.9885730147
0.02545  1666374.8524076487
0.02548  1666826.210599045
0.0255  1667277.6727837776
0.02553  1667725.626041423
0.02555  1668177.2954463533
0.0255799999999999  1668621.8397156715
0.0255999999999999  1669070.1001751889
0.0256300000000001  1669514.8468385828
0.0256500000000001  1669959.694320821
0.0256800000000001  1670404.6426428605
0.0257  1670842.4544467994
0.02573  1671283.983371118
0.02575  1671721.9912568303
0.02578  1672160.0968099986
0.0258  1672594.6781358214
0.0258299999999999  1673029.355560558
0.0258499999999999  1673464.1291036932
0.0258800000000001  1673895.3744734193
0.0259000000000001  1674326.7144044242
0.0259300000000001  1674758.1489157216
0.02595  1675186.0513370938
0.02598  1675614.0467930988
0.026  1676042.1353022847
0.02603  1676470.3168832054
0.02605  1676894.9617168917
0.0260799999999999  1677316.0674745599
0.0260999999999999  1677740.8946182742
0.0261300000000001  1678165.8133352958
0.0261500000000001  1678583.5577406965
0.0261800000000001  1679005.0243679762
0.0262  1679422.9465684674
0.02623  1679844.5925718779
0.02625  1680259.0566023896
0.02628  1680673.607672185
0.0263  1681091.8833597947
0.0263299999999999  1681506.6093223237
0.0263499999999999  1681917.7832849275
0.0263800000000001  1682329.0428324095
0.0264000000000001  1682740.3879811068
0.0264300000000001  1683151.8187473603
0.02645  1683563.3351475128
0.02648  1683971.2943262153
0.0265  1684379.3376618584
0.02653  1684787.4651703641
0.02655  1685195.6768676583
0.0265799999999999  1685600.326897939
0.0265999999999999  1686005.0596515008
0.0266300000000001  1686409.8751438563
0.0266500000000001  1686811.125289109
0.0266800000000001  1687216.105559847
0.0267  1687617.5190294737
0.02673  1688015.3634956086
0.02675  1688416.9388717082
0.02678  1688818.5955932913
0.0268  1689216.6811445826
0.0268299999999999  1689614.8465986194
0.0268499999999999  1690009.4379795757
0.0268800000000001  1690404.10783265
0.0269000000000001  1690802.5116161464
0.0269300000000001  1691197.3391833291
0.02695  1691592.2452657127
0.02698  1691987.2298776195
0.027  1692378.6346808837
0.02703  1692773.775667354
0.02705  1693161.6756313394
0.0270799999999999  1693553.3118064024
0.0270999999999999  1693941.3639038645
0.0271300000000001  1694329.4917313384
0.0271500000000001  1694721.3579609157
0.0271800000000001  1695109.6380038403
0.0272  1695497.993817582
0.02723  1695886.4254157043
0.02725  1696271.2672934525
0.02728  1696656.1835589318
0.0273  1697041.1742253308
0.0273299999999999  1697426.2393058436
0.0273499999999999  1697807.7104672699
0.0273800000000001  1698189.2546579135
0.0274000000000001  1698574.5416416514
0.0274300000000001  1698956.2326317232
0.02745  1699337.996689619
0.02748  1699719.8338281703
0.0275  1700098.0714983696
0.02753  1700476.3808756405
0.02755  1700858.4359269121
0.0275799999999999  1701233.2148012884
0.0275999999999999  1701615.4147221681
0.0276300000000001  1701994.0117491945
0.0276500000000001  1702369.003804654
0.0276800000000001  1702744.0662549876
0.0277  1703122.8772339849
0.02773  1703498.08120088
0.02775  1703873.3555991445
0.02778  1704245.0202475511
0.0278  1704624.1157382969
0.0278299999999999  1704995.9199283759
0.0278499999999999  1705364.1109704897
0.0278800000000001  1705739.7356341074
0.0279000000000001  1706111.7471733287
0.0279300000000001  1706483.827852505
0.02795  1706855.9776834233
0.02798  1707224.5110022551
0.028  1707596.7984870728
0.02803  1707965.4681200185
0.02805  1708334.2055881633
0.0280799999999999  1708703.010902958
0.0280999999999999  1709075.573150308
0.0281300000000001  1709440.825118315
0.0281500000000001  1709809.83404179
0.0281800000000001  1710175.2197534763
0.0282  1710544.3637942688
0.02823  1710909.883294567
0.02825  1711275.46936976
0.02828  1711644.8158319262
0.0283  1712010.5357630444
0.0283299999999999  1712376.3223025522
0.0283499999999999  1712738.4796420261
0.0283800000000001  1713104.3987586175
0.0284000000000001  1713466.6873578327
0.0284300000000001  1713832.7390955966
0.02845  1714191.4605060117
0.02848  1714553.945076585
0.0285  1714916.4949925577
0.02853  1715279.1102647374
0.02855  1715641.7909039357
0.0285799999999999  1716004.5369209647
0.0285999999999999  1716367.3483266379
0.0286300000000001  1716730.225131773
0.0286500000000001  1717085.759709295
0.0286800000000001  1717448.7660105717
0.0287  1717808.132599479
0.02873  1718171.2691071369
0.02875  1718527.058128782
0.02878  1718886.6170901707
0.0288  1719246.2401967172
0.0288299999999999  1719602.2190154907
0.0288499999999999  1719961.9697822959
0.0288800000000001  1720321.784725658
0.0289000000000001  1720677.9534344682
0.0289300000000001  1721037.8961005786
0.02895  1721390.479504155
0.02898  1721750.5492725195
0.029  1722106.9702203432
0.02903  1722463.4540896576
0.02905  1722820.0008906564
0.0290799999999999  1723176.6106335355
0.0290999999999999  1723533.2833284913
0.0291300000000001  1723886.3026647442
0.0291500000000001  1724239.3836682744
0.0291800000000001  1724596.2439684125
0.0292  1724949.4489855468
0.02923  1725306.4346248896
0.02925  1725659.7636956007
0.02928  1726013.1544832413
0.0293  1726370.327878822
0.0293299999999999  1726723.8427799172
0.0293499999999999  1727073.6972466842
0.0293800000000001  1727431.0578321614
0.0294000000000001  1727781.0345217148
0.0294300000000001  1728134.79581875
0.02945  1728484.8941266893
0.02948  1728842.5037813685
0.0295  1729192.7243902741
0.02953  1729543.0055204714
0.02955  1729897.0745459371
0.0295799999999999  1730247.4773916125
0.0295999999999999  1730601.6694470167
0.0296300000000001  1730952.1940469868
0.0296500000000001  1731302.7792164602
0.0296800000000001  1731653.4249650433
0.0297  1732004.1313023428
0.02973  1732354.898237967
0.02975  1732705.7257815285
0.02978  1733056.6139426364
0.0298  1733407.5627309051
0.0298299999999999  1733758.5721559494
0.0298499999999999  1734105.9071202024
0.0298800000000001  1734457.0372023187
0.0299000000000001  1734808.2279499609
0.0299300000000001  1735155.742336145
0.02995  1735507.053798067
0.02998  1735858.4259542762
0.03  1736206.1198474593
0.03003  1736557.6127751821
0.03005  1736905.4261739205
0.0300799999999999  1737257.0399112569
0.0300999999999999  1737601.231322567
0.0301300000000001  1737949.2230911287
0.0301500000000001  1738301.017144679
0.0301800000000001  1738649.1285127685
0.0302  1738997.2993748847
0.03023  1739345.5297403606
0.03025  1739693.8196185306
0.03028  1740042.1690187298
0.0303  1740390.577950297
0.0303299999999999  1740735.2991330477
0.0303499999999999  1741087.574444889
0.0303800000000001  1741436.1620265965
0.0304000000000001  1741781.0599660915
0.0304300000000001  1742129.766053929
0.03045  1742478.5317290863
0.03048  1742823.6058745352
0.0305  1743172.4901113997
0.03053  1743521.4339635284
0.03055  1743866.6843975678
0.0305799999999999  1744215.7468670032
0.0305999999999999  1744561.114661202
0.0306300000000001  1744910.2957849605
0.0306500000000001  1745255.7809759402
0.0306800000000001  1745605.0807910461
0.0307  1745950.6834154387
0.03073  1746300.1019589282
0.03075  1746645.822053378
0.03078  1746995.3593622963
0.0308  1747337.4375449056
0.0308299999999999  1747687.0930140363
0.0308499999999999  1748033.047523104
0.0308800000000001  1748382.821831591
0.0309000000000001  1748728.8939205108
0.0309300000000001  1749075.0244952317
0.03095  1749421.213564827
0.03098  1749767.4611383716
0.031  1750113.7672249433
0.03103  1750463.896987867
0.03105  1750810.3207639854
0.0310799999999999  1751153.0366536023
0.0310999999999999  1751503.343946392
0.0311300000000001  1751849.943370846
0.0311500000000001  1752196.6013629136
0.0311800000000001  1752547.0869118806
0.0312  1752890.0930862317
0.03123  1753236.9268356597
0.03125  1753583.8191890514
0.03128  1753930.7701555002
0.0313  1754281.5519095466
0.0313299999999999  1754624.8479639366
0.0313499999999999  1754971.974824114
0.0313800000000001  1755319.1603337254
0.0314000000000001  1755666.4045018703
0.0314300000000001  1756013.7073376467
0.03145  1756361.0688501548
0.03148  1756708.489048498
0.0315  1757055.967941778
0.03153  1757403.5055391004
0.03155  1757751.101849571
0.0315799999999999  1758098.7568822966
0.0315999999999999  1758446.470646386
0.0316300000000001  1758794.243150949
0.0316500000000001  1759142.0744050979
0.0316800000000001  1759489.9644179435
0.0317  1759837.9131986015
0.03173  1760185.9207561852
0.03175  1760533.9870998133
0.03178  1760882.112238602
0.0318  1761230.2961816718
0.0318299999999999  1761574.7533745933
0.0318499999999999  1761923.0543141626
0.0318800000000001  1762271.4140852795
0.0319000000000001  1762619.8326970672
0.0319300000000001  1762972.0982804946
0.03195  1763320.6352408265
0.03198  1763669.2310693108
0.032  1764014.0957334754
0.03203  1764362.8086855377
0.03205  1764715.371854986
0.0320799999999999  1765064.203247394
0.0320999999999999  1765413.0935536174
0.0321300000000001  1765762.0427827933
0.0321500000000001  1766111.0509440587
0.0321800000000001  1766460.1180465543
0.0322  1766813.0392717198
0.03223  1767158.4291117974
0.03225  1767511.4695470582
0.03228  1767860.7731470044
0.0323  1768210.135733996
0.0323299999999999  1768559.5573171808
0.0323499999999999  1768912.8369319553
0.0323800000000001  1769258.5775087234
0.0324000000000001  1769611.976444757
0.0324300000000001  1769961.6347459233
0.03245  1770311.3520891382
0.03248  1770664.93072534
0.0325  1771010.9639383373
0.03253  1771364.6619885413
0.03255  1771714.6162337286
0.0325799999999999  1772068.4343842606
0.0325999999999999  1772422.3129236968
0.0326300000000001  1772772.4457452088
0.0326500000000001  1773122.6376823478
0.0326800000000001  1773472.888744282
0.0327  1773827.006984606
0.03273  1774177.3769665426
0.03275  1774527.80610088
0.03278  1774882.1043772385
0.0328  1775236.4631177546
0.0328299999999999  1775590.882331906
0.0328499999999999  1775941.5500978066
0.0328800000000001  1776296.0896371542
0.0329000000000001  1776650.6896784732
0.0329300000000001  1777001.5363550482
0.03295  1777356.2567779436
0.03298  1777711.0377311588
0.033  1778062.063402239
0.03303  1778420.781266496
0.03305  1778771.9267433153
0.0330799999999999  1779126.949261366
0.0330999999999999  1779482.0323570808
0.0331300000000001  1779837.1760399523
0.0331500000000001  1780192.380319476
0.0331800000000001  1780543.8248302445
0.0332  1780902.9707064666
0.03323  1781258.3568329297
0.03325  1781613.8035940386
0.03328  1781969.3109992936
0.0333  1782324.8790582
0.0333299999999999  1782684.332074702
0.0333499999999999  1783040.0221218702
0.0333800000000001  1783395.7728513088
0.0334000000000001  1783751.5842725278
0.0334300000000001  1784111.283306894
0.03345  1784467.2167930598
0.03348  1784823.2109996437
0.0335  1785186.923698691
0.03353  1785543.0406809826
0.03355  1785903.0486106784
0.0335799999999999  1786259.2877541992
0.0335999999999999  1786619.4191781369
0.0336300000000001  1786979.6126940881
0.0336500000000001  1787336.035478467
0.0336800000000001  1787696.3525471345
0.0337  1788056.7317372176
0.03373  1788417.1730585524
0.03375  1788777.6765209797
0.03378  1789138.24213434
0.0338  1789498.869908475
0.0338299999999999  1789859.5598532297
0.0338499999999999  1790220.3119784475
0.0338800000000001  1790584.9650784954
0.0339000000000001  1790945.842255941
0.0339300000000001  1791306.781643499
0.03395  1791667.783251022
0.03398  1792028.8470883633
0.034  1792393.8152667712
0.03403  1792758.8470263174
0.03405  1793120.0989370153
0.0340799999999999  1793485.2572198203
0.0340999999999999  1793850.479114184
0.0341300000000001  1794211.91918823
0.0341500000000001  1794577.2676663913
0.0341800000000001  1794942.6797865487
0.0342  1795308.1555588862
0.03423  1795673.6949935895
0.03425  1796035.4493154595
0.03428  1796401.1154350608
0.0343  1796770.6953737764
0.0343299999999999  1797136.489559832
0.0343499999999999  1797498.4959915844
0.0343800000000001  1797868.2690820917
0.0344000000000001  1798238.1072551336
0.0344300000000001  1798600.3035391902
0.03445  1798970.270552439
0.03448  1799340.3026795771
0.0345  1799706.5444157363
0.03453  1800076.7061236964
0.03455  1800446.9329770268
0.0345799999999999  1800813.367441975
0.0345999999999999  1801183.723938773
0.0346300000000001  1801550.2867173713
0.0346500000000001  1801924.6324734988
0.0346800000000001  1802295.1845325043
0.0347  1802665.8017999923
0.03473  1803036.4842865048
0.03475  1803407.2320025873
0.03478  1803781.907937114
0.0348  1804148.9231656455
0.0348299999999999  1804523.7309716572
0.0348499999999999  1804894.7403914619
0.0348800000000001  1805269.6807987655
0.0349000000000001  1805640.8214741654
0.0349300000000001  1806019.7616056015
0.03495  1806391.034259673
0.03498  1806766.2406864893
0.035  1807141.513817206
0.03503  1807512.9838393934
0.03505  1807892.260233924
0.0350799999999999  1808267.733541722
0.0350999999999999  1808647.145491618
0.0351300000000001  1809022.7529935907
0.0351500000000001  1809398.4272649752
0.0351800000000001  1809778.042283582
0.0352  1810153.8508151348
0.03523  1810529.7261489339
0.03525  1810909.5443361124
0.03528  1811289.4307323934
0.0353  1811665.5079165588
0.0353299999999999  1812049.4081972863
0.0353499999999999  1812429.4992884137
0.0353800000000001  1812805.7791119616
0.0354000000000001  1813186.006025976
0.0354300000000001  1813570.1821316476
0.03545  1813950.5463068897
0.03548  1814330.978781327
0.0355  1814715.3625794135
0.03553  1815099.8161007857
0.03555  1815480.4549350939
0.0355799999999999  1815865.047233336
0.0355999999999999  1816245.8234655072
0.0356300000000001  1816630.5545866508
0.0356500000000001  1817015.3554889709
0.0356800000000001  1817404.1141229654
0.0357  1817789.0553276853
0.03573  1818174.0663485974
0.03575  1818559.147197335
0.03578  1818944.297885539
0.0358  1819333.409897791
0.0358299999999999  1819718.701005588
0.0358499999999999  1820107.9548795728
0.0358800000000001  1820493.3864540085
0.0359000000000001  1820882.7822372539
0.0359300000000001  1821272.2493496311
0.03595  1821661.787803149
0.03598  1822051.3976098166
0.036  1822441.078781645
0.03603  1822830.831330647
0.03605  1823224.5538687762
0.0360799999999999  1823614.4499222466
0.0360999999999999  1824008.317424407
0.0361300000000001  1824398.3570309016
0.0361500000000001  1824792.3695461443
0.0361800000000001  1825186.4549471787
0.0362  1825580.6132463953
0.03623  1825974.8444561865
0.03625  1826369.1485889484
0.03628  1826767.430745206
0.0363  1827161.8814834182
0.0363299999999999  1827560.3117219587
0.0363499999999999  1827951.0018531121
0.0363800000000001  1828349.579494693
0.0364000000000001  1828748.2315865548
0.0364300000000001  1829146.9581414768
0.03645  1829545.7591722435
0.03648  1829944.6346916424
0.0365  1830343.5847124562
0.03653  1830742.6092474773
0.03655  1831141.708309497
0.0365799999999999  1831544.7957470086
0.0365999999999999  1831944.0446323773
0.0366300000000001  1832347.283388194
0.0366500000000001  1832750.5981919358
0.0366800000000001  1833153.989056787
0.0367  1833553.538475431
0.03673  1833957.080763277
0.03675  1834364.6181498412
0.03678  1834764.3936537767
0.0368  1835172.084759189
0.0368299999999999  1835579.8534904763
0.0368499999999999  1835983.777891784
0.0368800000000001  1836391.7011688498
0.0369000000000001  1836799.7021124219
0.0369300000000001  1837203.8565332596
0.03695  1837615.9370534578
0.03698  1838024.1710781124
0.037  1838432.482823655
0.03703  1838844.7995029718
0.03705  1839253.2674787408
0.0370799999999999  1839665.7419182318
0.0370999999999999  1840074.366179174
0.0371300000000001  1840486.9984343245
0.0371500000000001  1840899.7099958006
0.0371800000000001  1841312.5008776118
0.0372  1841729.3035724945
0.03723  1842142.2538927854
0.03725  1842555.2835755928
0.03728  1842972.3273885597
0.0373  1843385.516594632
0.0373299999999999  1843806.6577592173
0.0373499999999999  1844220.0073016272
0.0373800000000001  1844641.3118857162
0.0374000000000001  1845058.7603934933
0.0374300000000001  1845480.2292266379
0.03745  1845897.8404775877
0.03748  1846315.5327398316
0.0375  1846737.2476710977
0.03753  1847155.102763871
0.03755  1847580.925278299
0.0375799999999999  1848002.887983964
0.0375999999999999  1848424.9333108321
0.0376300000000001  1848851.006784729
0.0376500000000001  1849273.2181711297
0.0376800000000001  1849695.512223495
0.0377  1850125.7846361715
0.03773  1850548.245610965
0.03775  1850974.7386932157
0.03778  1851405.2662391164
0.0378  1851831.9286760993
0.0378299999999999  1852258.67542327
0.0378499999999999  1852685.5064959463
0.0378800000000001  1853120.3285459285
0.0379000000000001  1853547.3298778695
0.0379300000000001  1853978.3704730957
0.03795  1854409.4970255056
0.03798  1854840.7095508608
0.038  1855275.9653301334
0.03803  1855711.3086993285
0.03805  1856142.7808165995
0.0380799999999999  1856578.2986176163
0.0380999999999999  1857013.9040570334
0.0381300000000001  1857449.5971510636
0.0381500000000001  1857889.3399614182
0.0381800000000001  1858325.20921056
0.0382  1858761.1661631218
0.03823  1859201.1752802057
0.03825  1859641.2737357633
0.03828  1860081.4615464727
0.0383  1860521.7387290155
0.0383299999999999  1860962.1053000747
0.0383499999999999  1861402.5612763364
0.0383800000000001  1861847.0759584345
0.0384000000000001  1862287.7116010054
0.0384300000000001  1862732.40760202
0.03845  1863177.1946946904
0.03848  1863622.072896174
0.0385  1864071.0155745503
0.03853  1864516.0768589987
0.03855  1864965.2042899567
0.0385799999999999  1865414.4245341348
0.0385999999999999  1865863.7376091715
0.0386300000000001  1866313.143532707
0.0386500000000001  1866762.642322382
0.0386800000000001  1867216.2130978995
0.0387  1867665.8984950134
0.03873  1868119.6575652913
0.03875  1868573.5112248082
0.03878  1869027.459491695
0.0388  1869481.5023840854
0.0388299999999999  1869939.6240015144
0.0388499999999999  1870389.8721179373
0.0388800000000001  1870848.1847381333
0.0389000000000001  1871306.5937252245
0.0389300000000001  1871765.0990978444
0.03895  1872227.689139017
0.03898  1872686.3881771495
0.039  1873145.1836568941
0.03903  1873604.0755968967
0.03905  1874067.0556426267
0.0390799999999999  1874534.1263522045
0.0390999999999999  1874997.3036302242
0.0391300000000001  1875456.5849558683
0.0391500000000001  1875923.9528705382
0.0391800000000001  1876391.4207466717
0.0392  1876858.9886039281
0.03923  1877322.6588770393
0.03925  1877790.4259005857
0.03928  1878262.2922591201
0.0393  1878730.2602375674
0.0393299999999999  1879202.3293085983
0.0393499999999999  1879674.5001973838
0.0393800000000001  1880142.7701849602
0.0394000000000001  1880615.1439065589
0.0394300000000001  1881091.623972252
0.03945  1881564.20233406
0.03948  1882040.8888153106
0.0395  1882517.6789708294
0.03953  1882990.5648779136
0.03955  1883467.5615725366
0.0395799999999999  1883944.6620034773
0.0395999999999999  1884425.8767503912
0.0396300000000001  1884907.1970267966
0.0396500000000001  1885384.6105358985
0.0396800000000001  1885870.1542532325
0.0397  1886347.7771678756
0.03973  1886833.5338531164
0.03975  1887315.3820963483
0.03978  1887801.3527233175
0.0398  1888283.413183135
0.0398299999999999  1888773.6163413203
0.0398499999999999  1889255.889984793
0.0398800000000001  1889746.309923771
0.0399000000000001  1890232.8180063153
0.0399300000000001  1890723.4557105983
0.03995  1891214.2027791457
0.03998  1891705.059234379
0.04  1892196.025098728
0.04003  1892687.1003946234
0.04005  1893182.311701329
0.0400799999999999  1893673.6068250707
0.0400999999999999  1894173.0681737256
0.0401300000000001  1894668.613385423
0.0401500000000001  1895164.2699448003
0.0401800000000001  1895664.0689649186
0.0402  1896159.9491944371
0.04023  1896655.9408408795
0.04025  1897160.1115650008
0.04028  1897660.362663194
0.0403  1898160.7270681302
0.0403299999999999  1898665.2413749145
0.0403499999999999  1899165.8333784107
0.0403800000000001  1899670.5771672227
0.0404000000000001  1900179.4755309755
0.0404300000000001  1900684.4507422277
0.04045  1901189.5412401059
0.04048  1901694.7470488225
0.0405  1902208.1542684736
0.04053  1902717.6365894596
0.04055  1903227.2361480652
0.0405799999999999  1903736.952969108
0.0405999999999999  1904250.833849046
0.0406300000000001  1904760.786200588
0.0406500000000001  1905274.9045307685
0.0406800000000001  1905789.1420933895
0.0407  1906303.4989138898
0.04073  1906822.0264840443
0.04075  1907340.6752494532
0.04078  1907855.3918757678
0.0408  1908374.2821625285
0.0408299999999999  1908893.2937225404
0.0408499999999999  1909416.4827849392
0.0408800000000001  1909935.7379176458
0.0409000000000001  1910459.1725086411
0.0409300000000001  1910982.7303815752
0.04095  1911506.411563163
0.04098  1912034.2770620754
0.041  1912558.2058975368
0.04103  1913086.3210244097
0.04105  1913610.4976215006
0.0410799999999999  1914138.8624849485
0.0410999999999999  1914671.4185354626
0.0411300000000001  1915200.0351738732
0.0411500000000001  1915732.844991694
0.0411800000000001  1916261.713515456
0.0412  1916794.7772118438
0.04123  1917327.9683758232
0.04125  1917865.3586606574
0.04128  1918398.8058175347
0.0413  1918936.4541063826
0.0413299999999999  1919474.2319306934
0.0413499999999999  1920012.1393191866
0.0413800000000001  1920554.252832996
0.0414000000000001  1921092.4204181188
0.0414300000000001  1921634.7961580842
0.04145  1922177.3035498802
0.04148  1922715.8621384886
0.0415  1923258.6319317538
0.04153  1923805.6159303386
0.04155  1924352.7336873598
0.0415799999999999  1924895.9007705986
0.0415999999999999  1925447.370597114
0.0416300000000001  1925994.8898100653
0.0416500000000001  1926538.4554426237
0.0416800000000001  1927090.3299027106
0.0417  1927642.3403084779
0.04173  1928194.486690743
0.04175  1928750.8605685313
0.04178  1929303.2800040753
0.0418  1929855.835508838
0.0418299999999999  1930412.6216334358
0.0418499999999999  1930969.5459134027
0.0418800000000001  1931526.6083802867
0.0419000000000001  1932079.7114972842
0.0419300000000001  1932641.1480010336
0.04195  1933202.7248274148
0.04198  1933764.4420087053
0.042  1934322.1979183543
0.04203  1934888.297565157
0.04205  1935450.4360049076
0.0420799999999999  1936012.7149287458
0.0420999999999999  1936579.2401370287
0.0421300000000001  1937145.907953564
0.0421500000000001  1937712.718411392
0.0421800000000001  1938279.6715435584
0.0422  1938850.8772941425
0.04223  1939418.116908627
0.04225  1939989.6112845796
0.04228  1940565.3635824353
0.0423  1941133.0347230209
0.0423299999999999  1941709.0789764344
0.0423499999999999  1942281.1541354186
0.0423800000000001  1942857.4915315844
0.0424000000000001  1943433.9760762055
0.0424300000000001  1944010.6078038604
0.04245  1944587.3867491384
0.04248  1945164.312946636
0.0425  1945745.5089142774
0.04253  1946322.7307724496
0.04255  1946908.349186305
0.0425799999999999  1947485.8678975368
0.0425999999999999  1948071.7874764672
0.0426300000000001  1948653.7309668087
0.0426500000000001  1949239.9529220986
0.0426800000000001  1949822.1967306938
0.0427  1950408.7212059821
0.04273  1950995.3975298966
0.04275  1951586.3588703023
0.04278  1952173.3400700376
0.0428  1952764.6085067035
0.0428299999999999  1953351.894728101
0.0428499999999999  1953943.470407928
0.0428800000000001  1954535.200303726
0.0429000000000001  1955127.0844525027
0.0429300000000001  1955723.263563553
0.04295  1956319.5991678557
0.04298  1956911.9484569067
0.043  1957508.5960737544
0.04303  1958105.4002970648
0.04305  1958702.361164681
0.0430799999999999  1959303.6259120055
0.0430999999999999  1959900.9012702582
0.0431300000000001  1960502.4827689673
0.0431500000000001  1961104.223249251
0.0431800000000001  1961706.1227497875
0.0432  1962308.181309269
0.04323  1962914.5527440982
0.04325  1963516.9306351957
0.04328  1964119.4677016234
0.0433  1964726.32106107
0.0433299999999999  1965337.4940702864
0.0433499999999999  1965940.5121911885
0.0433800000000001  1966547.8500409687
0.0434000000000001  1967155.3494666512
0.0434300000000001  1967771.3357539675
0.04345  1968379.1606649226
0.04348  1968991.3121205384
0.0435  1969603.6275343697
0.04353  1970216.106946852
0.04355  1970832.9186027986
0.0435799999999999  1971445.7272502438
0.0435999999999999  1972058.700017972
0.0436300000000001  1972676.0085082287
0.0436500000000001  1973289.3107550982
0.0436800000000001  1973906.9510479292
0.0437  1974528.9328031535
0.04373  1975146.9073139543
0.04375  1975769.2256291932
0.04378  1976387.534524488
0.0438  1977006.0101112858
0.0438299999999999  1977628.8330138254
0.0438499999999999  1978251.8249522413
0.0438800000000001  1978874.9859687772
0.0439000000000001  1979498.31610569
0.0439300000000001  1980121.8154052428
0.04395  1980749.6701760807
0.04398  1981373.5090637798
0.044  1982001.7057875996
0.04403  1982625.8844337615
0.04405  1983254.4232820612
0.0440799999999999  1983883.1338293413
0.0440999999999999  1984512.0161187951
0.0441300000000001  1985145.2644639895
0.0441500000000001  1985774.4915130795
0.0441800000000001  1986403.890434271
0.0442  1987037.6589866788
0.04423  1987671.6017983828
0.04425  1988305.7189135095
0.04428  1988940.0103761957
0.0443  1989574.4762305864
0.0443299999999999  1990209.1165208416
0.0443499999999999  1990843.9312911273
0.0443800000000001  1991483.1263945594
0.0444000000000001  1992118.291413683
0.0444300000000001  1992757.8391750443
0.04445  1993393.3546209775
0.04448  1994033.2552194644
0.0445  1994673.3328862723
0.04453  1995313.5876665304
0.04455  1995954.0196053744
0.0445799999999999  1996594.6287479543
0.0445999999999999  1997239.6314263644
0.0446300000000001  1997876.378824969
0.0446500000000001  1998521.7384701048
0.0446800000000001  1999163.0580464841
0.0447  1999808.7760154353
0.04473  2000454.673802723
0.04475  2001096.5281406697
0.04478  2001742.784526975
0.0448  2002389.2208697188
0.0448299999999999  2003040.0640578715
0.0448499999999999  2003682.633609161
0.0448800000000001  2004329.610098207
0.0449000000000001  2004980.997102929
0.0449300000000001  2005632.566658379
0.04495  2006275.8533275025
0.04498  2006927.785753482
0.045  2007579.900870988
0.04503  2008227.9624372574
0.04505  2008880.441892231
0.0450799999999999  2009533.1041799383
0.0450999999999999  2010181.7095032232
0.0451300000000001  2010834.7364099966
0.0451500000000001  2011492.1885114461
0.0451800000000001  2012141.3391928966
0.0452  2012799.1597616412
0.04523  2013452.9200372153
0.04525  2014106.8634761197
0.04528  2014765.2383000823
0.0453  2015415.3000330317
0.0453299999999999  2016074.0438006637
0.0453499999999999  2016732.973310037
0.0453800000000001  2017387.8356570709
0.0454000000000001  2018047.1355955745
0.0454300000000001  2018702.3660771654
0.04545  2019362.0366366426
0.04548  2020017.6354434434
0.0455  2020677.6768158344
0.04553  2021337.9042670196
0.04555  2021998.3178453308
0.0455799999999999  2022654.655068421
0.0455999999999999  2023319.7035767152
0.0456300000000001  2023976.410892311
0.0456500000000001  2024637.5682604525
0.0456800000000001  2025298.9119972414
0.0457  2025964.7106928874
0.04573  2026622.158770385
0.04575  2027288.3328520183
0.04578  2027950.4237513256
0.0458  2028612.701261725
0.0458299999999999  2029275.1654316764
0.0458499999999999  2029942.0920828832
0.0458800000000001  2030604.9309224105
0.0459000000000001  2031263.6783836428
0.0459300000000001  2031931.1690659437
0.04595  2032594.568466979
0.04598  2033262.4366282346
0.046  2033926.2111861943
0.04603  2034590.1727924556
0.04605  2035258.6069334685
0.0460799999999999  2035922.943989601
0.0460999999999999  2036587.4682400916
0.0461300000000001  2037256.4688028062
0.0461500000000001  2037921.368796331
0.0461800000000001  2038590.7476247344
0.0462  2039260.3162683435
0.04623  2039925.7808482423
0.04625  2040591.4329152496
0.04628  2041257.272518043
0.0463  2041927.5972640263
0.0463299999999999  2042598.1120723858
0.0463499999999999  2043264.516996736
0.0463800000000001  2043935.410859702
0.0464000000000001  2044602.192506912
0.0464300000000001  2045269.161983162
0.04645  2045940.6241882793
0.04648  2046612.276752971
0.0465  2047279.812434761
0.04653  2047947.5361413343
0.04655  2048615.4479215012
0.0465799999999999  2049287.8587569003
0.0465999999999999  2049960.4601997135
0.0466300000000001  2050628.9389225948
0.0466500000000001  2051297.6059150542
0.0466800000000001  2051966.4612259574
0.0467  2052639.821926679
0.04673  2053309.0552368762
0.04675  2053978.477012513
0.04678  2054652.4079810325
0.0468  2055322.2080510051
0.0468299999999999  2055992.19673352
0.0468499999999999  2056662.374077527
0.0468800000000001  2057332.7401319935
0.0469000000000001  2058003.2949458945
0.0469300000000001  2058674.0385682194
0.04695  2059344.971047969
0.04698  2060016.092434156
0.047  2060687.402775805
0.04703  2061363.2349895323
0.04705  2062034.9246090879
0.0470799999999999  2062706.8033315684
0.0470999999999999  2063378.8712060477
0.0471300000000001  2064046.790532694
0.0471500000000001  2064719.2356373102
0.0471800000000001  2065391.8700409
0.0472  2066064.6937925818
0.04723  2066733.3643140534
0.04725  2067406.5656869425
0.04728  2068075.6114903933
0.0473  2068749.19067985
0.0473299999999999  2069418.6119594292
0.0473499999999999  2070092.5691609108
0.0473800000000001  2070762.3661108625
0.0474000000000001  2071432.350360675
0.0474300000000001  2072102.521958633
0.04745  2072772.8809530293
0.04748  2073447.7822024715
0.0475  2074118.517352321
0.04753  2074789.440043876
0.04755  2075460.5503254784
0.0475799999999999  2076131.8482454817
0.0475999999999999  2076803.3338522504
0.0476300000000001  2077475.007194161
0.0476500000000001  2078146.8683196034
0.0476800000000001  2078814.5527167202
0.0477  2079482.4225617873
0.04773  2080154.8448873262
0.04775  2080827.45518944
0.04778  2081495.8840896576
0.0478  2082168.8692688586
0.0478299999999999  2082833.2988533857
0.0478499999999999  2083506.6578802632
0.0478800000000001  2084175.8308344844
0.0479000000000001  2084845.1896178012
0.0479300000000001  2085514.7342777955
0.04795  2086184.464862057
0.04798  2086854.381418186
0.048  2087524.4839937987
0.04803  2088194.772636516
0.04805  2088856.4818173244
0.0480799999999999  2089527.1403033736
0.0480999999999999  2090197.9849988502
0.0481300000000001  2090869.0159514262
0.0481500000000001  2091531.4579250203
0.0481800000000001  2092202.859098563
0.0482  2092870.056605128
0.04823  2093537.4381294043
0.04825  2094205.003718189
0.04828  2094872.7534182926
0.0483  2095540.6872765366
0.0483299999999999  2096204.4092241246
0.0483499999999999  2096872.71032682
0.0483800000000001  2097541.195727876
0.0484000000000001  2098205.465728582
0.0484300000000001  2098869.917702857
0.04845  2099534.5516966707
0.04848  2100203.7711183233
0.0485  2100868.770495355
0.04853  2101529.5462551983
0.04855  2102199.31576888
0.0485799999999999  2102864.86175741
0.0485999999999999  2103526.180645511
0.0486300000000001  2104192.0900641493
0.0486500000000001  2104853.7700664233
0.0486800000000001  2105520.043098179
0.0487  2106177.6701914803
0.04873  2106844.305810522
0.04875  2107511.124000669
0.04878  2108169.2891666912
0.0488  2108836.470217715
0.0488299999999999  2109494.9935283423
0.0488499999999999  2110158.116199287
0.0488800000000001  2110816.996639532
0.0489000000000001  2111480.478926839
0.0489300000000001  2112139.7166753225
0.04895  2112803.5587588483
0.04898  2113458.726586645
0.049  2114122.9274421
0.04903  2114778.449346409
0.04905  2115443.0091526173
0.0490799999999999  2116098.8853099234
0.0490999999999999  2116759.3708541677
0.0491300000000001  2117415.600251379
0.0491500000000001  2118072.005739364
0.0491800000000001  2118733.0243231836
0.0492  2119389.7833140073
0.04923  2120051.157877576
0.04925  2120703.8300047945
0.04928  2121361.1177919926
0.0493  2122018.5819319002
0.0493299999999999  2122671.7783590197
0.0493499999999999  2123329.594142978
0.0493800000000001  2123983.1399243157
0.0494000000000001  2124636.8598549683
0.0494300000000001  2125295.2028336963
0.04945  2125949.2723768204
0.04948  2126599.0649709064
0.0495  2127257.934340046
0.04953  2127908.0732464474
0.04955  2128558.384194334
0.0495799999999999  2129213.3231823896
0.0495999999999999  2129863.979518328
0.0496300000000001  2130514.8080220525
0.0496500000000001  2131170.2682384793
0.0496800000000001  2131821.442383812
0.0497  2132468.326960233
0.04973  2133124.307599055
0.04975  2133771.534528655
0.04978  2134418.9315245003
0.0498  2135066.4986278154
0.0498299999999999  2135718.7036241572
0.0498499999999999  2136366.6122399876
0.0498800000000001  2137014.691087299
0.0499000000000001  2137658.4689405747
0.0499300000000001  2138311.35964142
0.04995  2138955.4758142754
0.04998  2139604.2348249303
