1e-08  2995.3688240164993
2.99999999999727e-05  3039.13239610414
4.99999999999545e-05  3128.0333061742967
8.00000000000409e-05  3219.1831080613483
0.000100000000000023  3311.0803533572885
0.000129999999999995  3403.16468580265
0.000149999999999977  3495.123421639416
0.00017999999999995  3586.701922159936
0.000200000000000045  3677.7559701584664
0.000230000000000018  3768.139939141325
0.00025  3857.750801455355
0.000279999999999973  3946.5335660069113
0.000299999999999955  4034.3953846533173
0.000330000000000041  4121.278438217356
0.000350000000000023  4207.131738403876
0.000379999999999995  4291.9436128656835
0.000399999999999977  4375.646095573917
0.00042999999999995  4458.226255590276
0.000450000000000045  4539.66255093585
0.000480000000000018  4619.923308351317
0.0005  4699.000640584924
0.000529999999999973  4776.875959755904
0.000549999999999954  4853.51849788089
0.000580000000000041  4928.958135710747
0.000600000000000023  5003.157703558085
0.000629999999999995  5076.1411816829705
0.000649999999999977  5147.881451197221
0.00067999999999995  5218.3748115572425
0.000700000000000045  5287.642293520439
0.000730000000000018  5355.67037502045
0.00075  5422.469630380306
0.000779999999999973  5488.034601969969
0.000799999999999955  5552.384337697695
0.000830000000000041  5615.521240456542
0.000850000000000023  5677.451195395796
0.000879999999999995  5738.183518957582
0.000899999999999977  5797.709065370894
0.00092999999999995  5856.043179788859
0.000950000000000045  5913.226753205362
0.000980000000000018  5969.237275207625
0.001  6024.099065752345
0.00102999999999997  6077.793740621294
0.00104999999999995  6130.373601400162
0.00108000000000004  6181.848126796872
0.00110000000000002  6232.205423744383
0.00113  6281.458573838626
0.00114999999999998  6329.622695240496
0.00117999999999995  6376.7148946431735
0.00120000000000005  6422.754217752324
0.00123000000000002  6467.737237920754
0.00125  6511.686228889007
0.00127999999999997  6554.600583434782
0.00129999999999995  6596.530507150119
0.00133000000000004  6637.453543966395
0.00135000000000002  6677.372828473656
0.00138  6716.343135006042
0.00139999999999998  6754.345088729481
0.00142999999999995  6791.385298711783
0.00145000000000005  6827.522768448548
0.00148000000000002  6862.715110336387
0.0015  6896.997713722072
0.00152999999999997  6930.407367575632
0.00154999999999995  6962.903527017816
0.00158000000000004  6994.550883536649
0.00160000000000002  7025.310039409817
0.00163  7055.24775276702
0.00164999999999998  7084.325704647938
0.00167999999999995  7112.585809450594
0.00170000000000005  7140.044232225918
0.00173000000000002  7166.717825495422
0.00175  7192.569923907034
0.00177999999999997  7217.672486518466
0.00179999999999995  7241.989748670837
0.00183000000000004  7265.567924279777
0.00185000000000002  7288.3718187373315
0.00188  7310.476272401388
0.00189999999999998  7331.8468795297695
0.00192999999999995  7352.5045127763415
0.00195000000000005  7372.4705684468745
0.00198000000000002  7391.766943209442
0.002  7410.360189169183
0.00202999999999997  7428.272729811181
0.00204999999999995  7445.5554941879045
0.00208000000000004  7462.17578281216
0.00210000000000002  7478.157149797242
0.00213  7493.523558687939
0.00214999999999998  7508.271080871129
0.00217999999999995  7522.395940825889
0.00220000000000005  7535.922901571201
0.00223000000000002  7548.8770768993745
0.00225  7561.226952018591
0.00227999999999997  7573.026537093803
0.00229999999999995  7584.273194340903
0.00233000000000004  7594.935800788993
0.00235000000000002  7605.069135912228
0.00238  7614.6710422836995
0.00239999999999998  7623.768188540403
0.00242999999999995  7632.301243434556
0.00245000000000005  7640.35462054485
0.00248000000000002  7647.897976204544
0.0025  7654.9586157506465
0.00252999999999997  7661.535188957542
0.00254999999999995  7667.626437418801
0.00258000000000004  7673.231194948483
0.00260000000000002  7678.406228836936
0.00263  7683.121725970621
0.00264999999999998  7687.376835633212
0.00267999999999995  7691.199758549627
0.00270000000000005  7694.589847730048
0.00273000000000002  7697.546529257625
0.00275  7700.098304649296
0.00277999999999997  7702.244770525351
0.00279999999999995  7703.956570667327
0.00283000000000004  7705.320480308577
0.00285000000000002  7706.24923780459
0.00288  7706.829768087025
0.00289999999999998  7707.0039356994885
0.00292999999999995  7706.829768087025
0.00295000000000005  7706.307288864954
0.00298000000000002  7705.407546568617
0.003  7704.1596908440215
0.00302999999999997  7702.56389085539
0.00304999999999995  7700.620362909014
0.00308000000000004  7698.358366049842
0.00310000000000002  7695.778181228981
0.00313  7692.851153838965
0.00314999999999998  7689.635605806102
0.00317999999999995  7686.102950305464
0.00320000000000005  7682.253625669192
0.00323000000000002  7678.117028775622
0.00325  7673.693625828066
0.00327999999999997  7668.983915167744
0.00329999999999995  7663.9884271802275
0.00333000000000004  7658.736570606982
0.00335000000000002  7653.171225833763
0.00338  7647.379492222762
0.00339999999999998  7641.304328161907
0.00342999999999995  7634.9751731750985
0.00345000000000005  7628.392666548727
0.00348000000000002  7621.586179267254
0.0035  7614.498961266718
0.00352999999999997  7607.217763991147
0.00354999999999995  7599.685908362539
0.00358000000000004  7591.904152928899
0.00360000000000002  7583.930410078716
0.00363  7575.73676778798
0.00364999999999998  7567.323957139648
0.00367999999999995  7558.692728216444
0.00370000000000005  7549.843849989417
0.00373000000000002  7540.806512434691
0.00375  7531.581417396051
0.00377999999999997  7522.169280709572
0.00379999999999995  7512.542536229025
0.00383000000000004  7502.758556111002
0.00385000000000002  7492.789765569071
0.00388  7482.608752326007
0.00389999999999998  7472.300850164583
0.00392999999999995  7461.7823074577045
0.00395000000000005  7451.1382473249605
0.00398000000000002  7440.313201662393
0.004  7429.3359861769895
0.00402999999999997  7418.17938068469
0.00404999999999995  7406.900038067904
0.00408000000000004  7395.470714522719
0.00410000000000002  7383.864346437051
0.00413  7372.165124016378
0.00414999999999998  7360.290379026193
0.00417999999999995  7348.296374031027
0.00420000000000005  7336.183754751007
0.00423000000000002  7323.925587084697
0.00425  7311.550206547628
0.00427999999999997  7299.058276914523
0.00429999999999995  7286.450467411306
0.00433000000000004  7273.700056370083
0.00435000000000002  7260.862564662613
0.00438  7247.91123329993
0.00439999999999998  7234.846752709324
0.00442999999999995  7221.697018781077
0.00445000000000005  7208.435431863212
0.00448000000000002  7195.062696388807
0.0045  7181.60657107913
0.00452999999999997  7168.067616964357
0.00454999999999995  7154.44639776134
0.00458000000000004  7140.716584429596
0.00460000000000002  7126.905745282757
0.00463  7113.014452772867
0.00464999999999998  7099.043281873234
0.00467999999999995  7085.019495561143
0.00470000000000005  7070.890249471874
0.00473000000000002  7056.709443243491
0.00475  7042.450975138845
0.00477999999999997  7028.115431274423
0.00479999999999995  7013.729817069819
0.00483000000000004  6999.268197134685
0.00485000000000002  6984.75747137606
0.00488  6970.198069183259
0.00489999999999998  6955.5642226699665
0.00492999999999995  6940.882671244495
0.00495000000000005  6926.153847035071
0.00498000000000002  6911.378182856126
0.005  6896.556112187307
0.00502999999999997  6881.6880691524775
0.00504999999999995  6866.774488498733
0.00508000000000004  6851.815805575439
0.00510000000000002  6836.838207067807
0.00513  6821.790571281284
0.00514999999999998  6806.724779845596
0.00517999999999995  6791.641099585547
0.00520000000000005  6776.514273497173
0.00523000000000002  6761.344739144487
0.00525  6746.158343772018
0.00527999999999997  6730.95535378976
0.00529999999999995  6715.710740756237
0.00533000000000004  6700.450180113383
0.00535000000000002  6685.17393775222
0.00538  6669.857157392703
0.00539999999999998  6654.550405908344
0.00542999999999995  6639.20376243356
0.00545000000000005  6623.867562501209
0.00548000000000002  6608.517006497502
0.0055  6593.12752577457
0.00552999999999997  6577.749108068201
0.00554999999999995  6562.357126261084
0.00558000000000004  6546.951843715392
0.00560000000000002  6531.55812440216
0.00563  6516.151513966881
0.00564999999999998  6500.73227465711
0.00567999999999995  6485.325095176399
0.00570000000000005  6469.905694060422
0.00573000000000002  6454.498643081027
0.00575  6439.104028750568
0.00577999999999997  6423.697742470871
0.00579999999999995  6408.304180693079
0.00583000000000004  6392.899349982148
0.00585000000000002  6377.531550723305
0.00588  6362.152767895434
0.00589999999999998  6346.787164390882
0.00592999999999995  6331.410976820704
0.00595000000000005  6316.072040719349
0.00598000000000002  6300.746534168648
0.006  6285.434539888838
0.00602999999999997  6270.136140246785
0.00604999999999995  6254.851417255612
0.00608000000000004  6239.580452574324
0.00610000000000002  6224.346771330602
0.00613  6209.10350941449
0.00614999999999998  6193.897577846828
0.00617999999999995  6178.705613201868
0.00620000000000005  6163.550910359653
0.00623000000000002  6148.410220029456
0.00625  6133.306722627007
0.00627999999999997  6118.194238522532
0.00629999999999995  6103.141978927947
0.00633000000000004  6088.103820832311
0.00635000000000002  6073.079842631508
0.00638  6058.115757719795
0.00639999999999998  6043.143021447084
0.00642999999999995  6028.229995702041
0.00645000000000005  6013.331122599151
0.00648000000000002  5998.4690723148815
0.0065  5983.64375384101
0.00652999999999997  5968.855076394239
0.00654999999999995  5954.080523458075
0.00658000000000004  5939.3649120386945
0.00660000000000002  5924.663355345326
0.00663  5910.02044895795
0.00664999999999998  5895.391527856768
0.00667999999999995  5880.798817346472
0.00670000000000005  5866.264322911831
0.00673000000000002  5851.743710220265
0.00675  5837.281025977732
0.00677999999999997  5822.854086505621
0.00679999999999995  5808.4628034601255
0.00683000000000004  5794.10708871578
0.00685000000000002  5779.78685436492
0.00688  5765.5237283965125
0.00689999999999998  5751.295800397776
0.00692999999999995  5737.124592223399
0.00695000000000005  5722.988301943719
0.00698000000000002  5708.886843520951
0.007  5694.820131129302
0.00702999999999997  5680.809475760027
0.00704999999999995  5666.8546340870635
0.00708000000000004  5652.934072318565
0.00710000000000002  5639.068945637407
0.00713  5625.237826382381
0.00714999999999998  5611.461766551826
0.00717999999999995  5597.719443930314
0.00720000000000005  5584.031807991566
0.00723000000000002  5570.398622032299
0.00725  5556.798720940631
0.00727999999999997  5543.252901955602
0.00729999999999995  5529.760931325263
0.00733000000000004  5516.322576474771
0.00735000000000002  5502.916879343721
0.00738  5489.564436854365
0.00739999999999998  5476.28564559895
0.00742999999999995  5463.018398235268
0.00745000000000005  5449.824346204807
0.00748000000000002  5436.682637002157
0.0075  5423.593045531043
0.00752999999999997  5410.534969124597
0.00754999999999995  5397.548991255407
0.00758000000000004  5384.594181398655
0.00760000000000002  5371.710929460462
0.00763  5358.878686225388
0.00764999999999998  5346.07709737001
0.00767999999999995  5333.346265380514
0.00770000000000005  5320.665789976519
0.00773000000000002  5308.035456022943
0.00775  5295.45504946171
0.00777999999999997  5282.944255363604
0.00779999999999995  5270.463018681717
0.00783000000000004  5258.050878105411
0.00785000000000002  5245.687726323571
0.00787999999999999  5233.373355128029
0.00789999999999998  5221.1075573503385
0.00792999999999995  5208.9097460649955
0.00795000000000005  5196.760005360508
0.00798000000000002  5184.658131695727
0.008  5172.603922544113
0.00802999999999997  5160.616613702445
0.00804999999999995  5148.695869740683
0.00808000000000004  5136.802662049725
0.00810000000000002  5124.975533095581
0.00812999999999999  5113.214152754538
0.00814999999999998  5101.498978424273
0.00817999999999995  5089.829816090611
0.00820000000000005  5078.225599693561
0.00823000000000002  5066.666923007333
0.00825  5055.153595405765
0.00827999999999997  5043.723421215029
0.00829999999999995  5032.319091715173
0.00833000000000004  5020.978371139069
0.00835000000000002  5009.70094547265
0.00838  4998.467676181408
0.00839999999999998  4987.297164239721
0.00842999999999995  4976.189101291709
0.00845000000000005  4965.124480010124
0.00848000000000002  4954.103120545045
0.0085  4943.162080420001
0.00852999999999997  4932.245203368698
0.00854999999999996  4921.408044843732
0.00858000000000004  4910.6131934714085
0.00860000000000002  4899.878930478196
0.00863  4889.1865468268115
0.00864999999999998  4878.554245606058
0.00867999999999995  4867.981736145532
0.00870000000000005  4857.468729755607
0.00873000000000002  4846.996683572045
0.00875  4836.583647342845
0.00877999999999997  4826.229337580108
0.00879999999999995  4815.915333654671
0.00883000000000004  4805.659572196563
0.00885000000000002  4795.461774826718
0.00888  4785.321665066377
0.00889999999999998  4775.238968324744
0.00892999999999995  4765.195463847414
0.00895000000000004  4755.2089039831535
0.00898000000000002  4745.279019091913
0.009  4735.405541377181
0.00902999999999997  4725.570406081956
0.00904999999999995  4715.808983411641
0.00908000000000004  4706.085449859093
0.00910000000000002  4696.417343050002
0.00913  4686.804403606764
0.00914999999999998  4677.246373929108
0.00917999999999995  4667.725417262905
0.00920000000000004  4658.276476957363
0.00923000000000002  4648.864174083974
0.00925  4639.505838349177
0.00927999999999997  4630.218659850093
0.00929999999999995  4620.967476797172
0.00933000000000004  4611.7695177494925
0.00935000000000002  4602.6072026743
0.00938  4593.514994425111
0.00939999999999998  4584.475281878356
0.00942999999999995  4575.48782566818
0.00945000000000005  4566.535188290375
0.00948000000000002  4557.651566705154
0.0095  4548.802360025068
0.00952999999999997  4540.004534630057
0.00954999999999995  4531.257858724135
0.00958000000000004  4522.579136277857
0.00960000000000002  4513.934037799636
0.00963  4505.339403186152
0.00964999999999998  4496.795006989803
0.00967999999999995  4488.300625325666
0.00970000000000005  4479.8560358617715
0.00973000000000002  4471.461017809489
0.00975  4463.115351913981
0.00977999999999997  4454.818820444722
0.00979999999999995  4446.571207186096
0.00983000000000004  4438.372297428082
0.00985000000000002  4430.205191653658
0.00987999999999999  4422.103081259447
0.00989999999999998  4414.049038996115
0.00992999999999995  4406.042856084998
0.00995000000000005  4398.0677599493265
0.00998000000000002  4390.156705034863
0.01  4375.893314201247
0.01003  4368.087954463991
0.01005  4360.34578645307
0.01008  4352.699311926731
0.0101  4345.180807255637
0.01013  4337.838670125383
0.01015  4330.753607581524
0.0101799999999999  4323.956971857009
0.0102  4317.512487353341
0.01023  4311.483566421082
0.01025  4305.900930164738
0.01028  4300.746667248007
0.0103  4296.100161034333
0.01033  4291.927447383459
0.01035  4288.243306495212
0.01038  4285.062626285664
0.0104  4282.352031907978
0.0104299999999999  4280.126754985211
0.01045  4278.369926124313
0.01048  4277.048750369328
0.0105  4276.178930608161
0.01053  4275.727982598089
0.01055  4275.711878191571
0.01058  4276.0822948881005
0.0106  4276.855441800046
0.01063  4277.999311261155
0.01065  4279.530319370825
0.0106799999999999  4281.384378080459
0.0107  4283.610308852937
0.01073  4286.176403102422
0.01075  4289.067115968281
0.01078  4292.299268879411
0.0108  4295.84127014383
0.01083  4299.693882628515
0.01085  4303.874146991923
0.01088  4308.350557169494
0.0109  4313.124028486207
0.01093  4318.228066606645
0.01095  4323.614977486311
0.01098  4329.334723065472
0.011  4335.37227687172
0.01103  4341.71259387863
0.01105  4348.389733335809
0.01108  4355.438029229981
0.0111  4362.859252242119
0.01113  4370.671730792815
0.01115  4378.95998585324
0.01118  4387.858881798139
0.0112  4397.4548892572475
0.01123  4408.018135257146
0.01125  4419.8717731514635
0.01128  4433.476908438441
0.0113  4449.419264301886
0.01133  4468.430546208951
0.01135  4491.429156290606
0.01138  4519.428907614131
0.0114  4553.447764110712
0.01143  4594.466668605261
0.01145  4643.31686515835
0.01148  4700.68231642558
0.0115  4767.080377124734
0.01153  4842.817837267514
0.01155  4928.067105182924
0.01158  5022.9455426525865
0.0116  5127.446926785687
0.01163  5241.520493144959
0.01165  5365.139411710647
0.01168  5498.317493489722
0.0117  5641.10829969344
0.01173  5793.5833512951185
0.01175  5955.987031430803
0.01178  6128.619018664262
0.0118  6311.862729285247
0.01183  6506.268210499198
0.01185  6712.473814974991
0.01188  6931.216614925858
0.0119  7163.452381870039
0.0119299999999999  7410.19272529445
0.01195  7672.624296709017
0.01198  7952.013650867556
0.012  8249.868939271197
0.01203  8567.718323509356
0.01205  8907.370202224258
0.01208  9270.607531646745
0.0121  9659.493301078015
0.01213  10076.109060739072
0.01215  10522.774905768376
0.0121799999999999  11001.748204961088
0.0122  11515.354359608664
0.01223  12066.110089279278
0.01225  12656.166710351496
0.01228  13287.684321779969
0.0123  13962.435879877907
0.01233  14681.899274174919
0.01235  15446.753018820735
0.01238  16257.206658187642
0.0124  17112.309654486795
0.0124299999999999  18010.218842948823
0.01245  18948.033232333448
0.01248  19921.62052140613
0.0125  20925.677117022016
0.01253  21953.862162643203
0.01255  22999.018735832957
0.01258  24053.491833505766
0.0126  25109.35858335936
0.01263  26158.61238197727
0.01265  27193.882529469425
0.0126799999999999  28208.43489256222
0.0127  29196.216296204584
0.01273  30151.83855689249
0.01275  31070.941338358334
0.01278  31949.93656665585
0.0128  32785.10638218591
0.01283  33574.04325591754
0.01285  34314.122796024094
0.01288  35003.25318175778
0.0129  35640.0097852257
0.01293  36223.048646203344
0.01295  36751.41022678545
0.01298  37224.55740728227
0.013  37642.4973414008
0.01303  38005.4909284556
0.01305  38313.92893853156
0.01308  38568.566887676156
0.0131  38770.609564719234
0.01313  38921.32587791418
0.01315  39022.07978346418
0.01318  39074.541291085894
0.0132  39080.6936240665
0.01323  39042.36771851642
0.01325  38961.80750291854
0.01328  38841.05930882964
0.0133  38682.595922393855
0.01333  38488.47693067136
0.01335  38261.55189464957
0.01338  38004.00223028469
0.0134  37718.28386418342
0.01343  37406.91926841984
0.01345  37072.50748693671
0.01348  36717.47065014304
0.0135  36343.95253799912
0.01353  35954.56547131897
0.01355  35551.5499604689
0.01358  35136.94208130547
0.0136  34712.77142691504
0.01363  34280.974960404135
0.01365  33843.49614102753
0.0136799999999999  33401.873904600616
0.0137  32957.783213194794
0.01373  32512.420086120754
0.01375  32067.301371383568
0.01378  31623.595302872207
0.0138  31182.152679535655
0.01383  30744.127763849327
0.01385  30310.2351639257
0.01388  29881.340605075744
0.0139  29457.96020211246
0.0139299999999999  29040.644186807644
0.01395  28629.843938593043
0.01398  28225.971006825304
0.014  27829.367629992554
0.01403  27440.3005732316
0.01405  27058.81300909849
0.01408  26685.14166584609
0.0141  26319.306977412954
0.01413  25961.323172732824
0.01415  25611.2951830044
0.0141799999999999  25269.031930482226
0.0142  24934.629436907675
0.01423  24607.803401741065
0.01425  24288.64580078699
0.01428  23976.878482931123
0.0143  23672.411738342485
0.01433  23375.156575789537
0.01435  23084.85092866952
0.01438  22801.32807113538
0.0144  22524.51099292073
0.0144299999999999  22254.155699100356
0.01445  21990.10972445352
0.01448  21732.14319175775
0.0145  21480.034327282232
0.01453  21233.72906580252
0.01455  20992.93630343506
0.01458  20757.532201636823
0.0146  20527.319061242077
0.01463  20302.029462260645
0.01465  20081.63268081776
0.01468  19865.79828494392
0.0147  19654.430339356037
0.01473  19447.362142342925
0.01475  19244.4324626371
0.01478  19045.41358617025
0.0148  18850.227780879122
0.01483  18658.728914407315
0.01485  18470.6363753627
0.01488  18285.955093248725
0.0149  18104.620505563144
0.01493  17926.299442434734
0.01495  17750.93816135244
0.01498  17578.48404639975
0.015  17408.820012967102
0.01503  17241.83256757139
0.01505  17077.476005443372
0.01508  16915.641819722143
0.0151  16756.224794889407
0.01513  16599.247938076118
0.01515  16444.608795835356
0.01518  16292.269357018567
0.0152  16142.131526612358
0.01523  15994.220622573723
0.01525  15848.381326047482
0.01528  15704.759078095545
0.0153  15563.2003944524
0.01533  15423.730967234718
0.01535  15286.317430476398
0.01538  15151.041171839473
0.0154  15017.697352199026
0.01543  14886.368101158238
0.01545  14757.07660849272
0.01548  14629.789659856226
0.0155  14504.420058547357
0.01553  14381.099765535242
0.01555  14259.794706200737
0.01558  14140.364983493437
0.0156  14022.886189651426
0.01563  13907.326252574247
0.01565  13793.75766160624
0.01568  13682.095580880115
0.0157  13572.257539613089
0.01573  13464.41691285413
0.01575  13358.389085083718
0.01578  13254.194586504453
0.0158  13151.902552395468
0.01583  13051.43225442245
0.01585  12952.705156238806
0.01588  12855.790094776743
0.0159  12760.657510139672
0.01593  12667.23079292575
0.01595  12575.577458761767
0.01598  12485.574799833606
0.016  12397.24350889755
0.01603  12310.603541585278
0.01605  12225.536023789438
0.01608  12142.10814431058
0.0161  12060.203458961747
0.01613  11979.843901278253
0.01615  11901.005901991623
0.01618  11823.621891418668
0.0162  11747.714460483294
0.01623  11673.217622666558
0.01625  11600.110684938443
0.01628  11528.37341346249
0.0163  11457.98602433793
0.01633  11388.886278502509
0.01635  11321.098671643253
0.01638  11254.51992169586
0.0164  11189.175561666621
0.01643  11125.090510438613
0.01645  11062.122449871247
0.01648  11000.29797593055
0.0165  10939.64307685134
0.01653  10880.060230981724
0.01655  10821.576301230261
0.01658  10764.177032175925
0.0166  10707.76781531677
0.01663  10652.376379113402
0.01665  10598.029884216094
0.0166799999999999  10544.59609203032
0.0167  10492.143013207882
0.01673  10440.658674451815
0.01675  10390.092224043765
0.01678  10340.393809423502
0.0168  10291.63082880534
0.01683  10243.676525917801
0.01685  10196.560131648297
0.01688  10150.34858791217
0.0169  10104.917361374426
0.0169299999999999  10060.257837340207
0.01695  10016.437023043141
0.01698  9973.33297187565
0.017  9931.050277839786
0.01703  9889.431060868443
0.01705  9848.542661552168
0.01708  9808.377447547764
0.0171  9768.92794018007
0.01713  9730.113515328807
0.01715  9692.000865220425
0.0171799999999999  9654.510215535522
0.0172  9617.635495859156
0.01723  9581.370749414418
0.01725  9545.74608524208
0.01728  9510.683729461418
0.0173  9476.178452935692
0.01733  9442.260685021312
0.01735  9408.889568771996
0.01738  9376.024846198809
0.0174  9343.732415609482
0.0174299999999999  9311.901929140864
0.01745  9280.564374369018
0.01748  9249.715500026528
0.0175  9219.316405284046
0.01753  9189.432549051431
0.01755  9159.956061252768
0.01758  9130.952422767854
0.0176  9102.314885233412
0.01763  9074.14310943072
0.01765  9046.399249870257
0.0176799999999999  9019.011971354117
0.0177  8992.01241453286
0.01773  8965.397590942854
0.01775  8939.164560084344
0.01778  8913.276857153816
0.0178  8887.765399746966
0.01783  8862.594003003423
0.01785  8837.760189028673
0.01788  8813.228322486122
0.0179  8789.062480803204
0.0179299999999999  8765.193996121927
0.01795  8741.653729186986
0.01798  8718.40654402936
0.018  8695.450437013293
0.01803  8672.783432798127
0.01805  8650.436165674828
0.01808  8628.37396811488
0.0181  8606.530118323108
0.01813  8585.000246918054
0.01815  8563.717762236252
0.0181799999999999  8542.713266143413
0.0182  8521.920775068445
0.01823  8501.403031263495
0.01825  8481.158292608445
0.01828  8461.152973913358
0.0183  8441.3538130603
0.01833  8421.823023761875
0.01835  8402.495660517357
0.01838  8383.370529348862
0.0184  8364.509459670116
0.0184299999999999  8345.879429305483
0.01845  8327.41635225776
0.01848  8309.181895942862
0.0185  8291.143508017904
0.01853  8273.331245421747
0.01855  8255.681628213799
0.01858  8238.255836358998
0.0186  8221.021646272568
0.01863  8203.94710863275
0.01865  8187.093050680026
0.01868  8170.39671099666
0.0187  8153.918688242993
0.01873  8137.596497698732
0.01875  8121.429336096284
0.01878  8105.446937702857
0.0188  8089.648337530608
0.01883  8074.002172244096
0.01885  8058.5076760242755
0.01888  8043.194385836481
0.0189  8028.000906301403
0.01893  8012.9870293221775
0.01895  7998.121729228166
0.01898  7983.434352256246
0.019  7968.8339751520925
0.01903  7954.440059041772
0.01905  7940.161861157454
0.01908  7926.028704561118
0.0191  7912.03990560331
0.01913  7898.1650400416065
0.01915  7884.433291286097
0.01918  7870.814351800197
0.0192  7857.366908199265
0.01923  7844.001528125639
0.01925  7830.8063539858285
0.01928  7817.721712098635
0.0193  7804.717725965251
0.01933  7791.882109036511
0.01935  7779.155501092999
0.01938  7766.537436714857
0.0194  7754.027454916255
0.01943  7741.625099117382
0.01945  7729.359029525281
0.01948  7717.199594174941
0.0195  7705.146350739873
0.01953  7693.169884971549
0.01955  7681.327760125406
0.01958  7669.59052545604
0.0196  7657.957755641911
0.01963  7646.400229492388
0.01965  7634.946416260617
0.01968  7623.595901940518
0.0197  7612.376948441815
0.01973  7601.203134570823
0.01975  7590.13148587555
0.01978  7579.161603519806
0.0198  7568.293092693302
0.01983  7557.497097385273
0.01985  7546.801776429787
0.01988  7536.178360914606
0.0199  7525.654934844054
0.01993  7515.231120941266
0.01995  7504.878278813703
0.01998  7494.596154823797
0.02  7484.384497279492
0.02003  7474.299359785266
0.02005  7464.255925824002
0.02008  7454.338293086732
0.0201  7444.461877094805
0.02013  7434.654551302402
0.02015  7424.944042868889
0.02018  7415.302076408008
0.0202  7405.72841774051
0.02023  7396.2228345330395
0.02025  7386.812918507271
0.02028  7377.470548294931
0.0203  7368.195497805524
0.02033  7358.987542754033
0.02035  7349.846460651914
0.02038  7340.772030798145
0.0204  7331.791649252826
0.02043  7322.849835219458
0.02045  7313.974022216835
0.02048  7305.19151139914
0.0205  7296.447028347279
0.02053  7287.795360148635
0.02055  7279.1539505542605
0.02058  7270.632325291761
0.0206  7262.148028873749
0.02063  7253.728274824525
0.02065  7245.372861535263
0.0206799999999999  7237.081589083322
0.0207  7228.827031952549
0.02073  7220.663478860223
0.02075  7212.509144912135
0.02078  7204.4725608389035
0.0208  7196.444931580463
0.02083  7188.507472773092
0.02085  7180.605814285536
0.02088  7172.7668732957945
0.0209  7164.990463299488
0.0209299999999999  7157.249441731728
0.02095  7149.597569483593
0.02098  7141.95387791288
0.021  7134.372100987153
0.02103  7126.878901997169
0.02105  7119.393573080445
0.02108  7111.99646705906
0.0211  7104.607046689121
0.02113  7097.305499074455
0.02115  7090.038159832074
0.0211799999999999  7082.831616499083
0.0212  7075.659048395415
0.02123  7068.546990591018
0.02125  7061.468678249181
0.02128  7054.424024283798
0.0213  7047.466030132328
0.02133  7040.514898863281
0.02135  7033.650099530872
0.02138  7026.818459977405
0.0214  7020.019896557918
0.0214299999999999  7013.2807414023755
0.02145  7006.548055774398
0.02148  6999.900927942168
0.0215  6993.260106255001
0.02153  6986.7045300981235
0.02155  6980.155099226575
0.02158  6973.690606198408
0.0216  6967.232100095961
0.02163  6960.832010823137
0.02165  6954.4639944517
0.0216799999999999  6948.12797369208
0.0217  6941.82387168664
0.02173  6935.603857414789
0.02175  6929.389416401239
0.02178  6923.232695867832
0.0218  6917.081445543339
0.02183  6911.0137506771725
0.02185  6904.951378420157
0.02188  6898.920308688266
0.0219  6892.9464308131155
0.0219299999999999  6887.029605308119
0.02195  6881.091941205133
0.02198  6875.2370821250015
0.022  6869.413078168351
0.02203  6863.619859344379
0.02205  6857.831526146581
0.02208  6852.099690830503
0.0221  6846.398432995159
0.02213  6840.753449770358
0.02215  6835.138865293553
0.0221799999999999  6829.52888901657
0.0222  6823.974921671102
0.02223  6818.451152470248
0.02225  6812.9575153761125
0.02228  6807.493944744471
0.0223  6802.060375323464
0.02233  6796.682341760931
0.02235  6791.308560328402
0.02238  6785.964586804456
0.0224  6780.650357493559
0.0224299999999999  6775.365809086147
0.02245  6770.161877801446
0.02248  6764.936463447199
0.0225  6759.740542593166
0.02253  6754.599494465481
0.02255  6749.462356306781
0.02258  6744.379930073905
0.0226  6739.301330969033
0.02263  6734.277284938325
0.02265  6729.256984257063
0.02268  6724.265752886781
0.0227  6719.303531681302
0.02273  6714.39555144369
0.02275  6709.465885036077
0.02278  6704.615595898419
0.0228  6699.768813046522
0.02283  6694.950750285206
0.02285  6690.136152379085
0.02288  6685.375377289907
0.0229  6680.64315247145
0.02293  6675.914277345489
0.02295  6671.213876476217
0.02298  6666.567003852818
0.023  6661.92336803543
0.02303  6657.308041328775
0.02305  6652.720969365455
0.02308  6648.162098134776
0.0231  6643.606350935151
0.02313  6639.078731524957
0.02315  6634.579186640299
0.02318  6630.1076633705925
0.0232  6625.664109157544
0.02323  6621.223533052095
0.02325  6616.835777207867
0.02328  6612.426023437643
0.0233  6608.0689866335
0.02333  6603.739693548623
0.02335  6599.438093404882
0.02338  6595.139295274044
0.0234  6590.868121646189
0.02343  6586.599714134919
0.02345  6582.38365557303
0.02348  6578.170295694918
0.0235  6573.98439349638
0.02353  6569.801154922593
0.02355  6565.67003700032
0.02358  6561.541516741948
0.0236  6557.440290924379
0.02363  6553.3416285369385
0.02365  6549.270195615275
0.02368  6545.2259445819245
0.0237  6541.184190920942
0.02373  6537.169555151353
0.02375  6533.181990396767
0.02378  6529.221450115265
0.0238  6525.263310789275
0.02383  6521.3321333732865
0.02385  6517.403324314732
0.02388  6513.525948110812
0.0239  6509.626360248021
0.02393  6505.778114592645
0.02395  6501.932143874999
0.02398  6498.112921705726
0.024  6494.295942940049
0.02403  6490.505652563141
0.02405  6486.717574327663
0.0240799999999999  6482.980542770224
0.0240999999999999  6479.245664136001
0.0241300000000001  6475.488547351376
0.0241500000000001  6471.782360676675
0.0241800000000001  6468.10265712673
0.0242  6464.425045769859
0.02423  6460.77385973548
0.02425  6457.149056601737
0.02428  6453.501980134697
0.0243  6449.881256873205
0.0243299999999999  6446.286844764696
0.0243499999999999  6442.718702077343
0.0243800000000001  6439.128281542115
0.0244000000000001  6435.588340714463
0.0244300000000001  6432.074572209759
0.02445  6428.538509191741
0.02448  6425.02858982633
0.0245  6421.544773406449
0.02453  6418.062846001796
0.02455  6414.606967020818
0.0245799999999999  6411.152948897205
0.0245999999999999  6407.700790628962
0.0246300000000001  6404.322856035795
0.0246500000000001  6400.898484308896
0.0246800000000001  6397.50003958299
0.0247  6394.127482499005
0.02473  6390.75670331908
0.02475  6387.411759108708
0.02478  6384.06856565373
0.0248  6380.75115495357
0.0248299999999999  6377.435468109229
0.0248499999999999  6374.145512260739
0.0248800000000001  6370.833257965648
0.0249000000000001  6367.5706913004515
0.0249300000000001  6364.309795427884
0.02495  6361.050569492315
0.02498  6357.840905798322
0.025  6354.608927096882
0.02503  6343.202421665314
0.02505  6339.643581731402
0.0250799999999999  6336.301524718626
0.0250999999999999  6333.056642095255
0.0251300000000001  6329.8372623584
0.0251500000000001  6326.667177508491
0.0251800000000001  6323.498680288336
0.0252  6320.379380867605
0.02523  6317.285414030478
0.02525  6314.192961759208
0.02528  6311.102023312376
0.0253  6308.060116113581
0.0253299999999999  6304.972179831634
0.0253499999999999  6301.956963314402
0.0253800000000001  6298.919463970801
0.0254000000000001  6295.930855476516
0.0254300000000001  6292.919962777019
0.02545  6289.934200828133
0.02548  6286.97353521991
0.0255  6284.014263193967
0.02553  6281.08004160174
0.02555  6278.123543637229
0.0255799999999999  6275.215708043368
0.0255999999999999  6272.285594798039
0.0256300000000001  6269.380463164255
0.0256500000000001  6266.4766770989545
0.0256800000000001  6263.574235978908
0.0257  6260.720300738396
0.02573  6257.844095786414
0.02575  6254.992771427229
0.02578  6252.1427462456
0.0258  6249.317557524482
0.0258299999999999  6246.493645436295
0.0258499999999999  6243.671009404155
0.0258800000000001  6240.873154920762
0.0259000000000001  6238.076554185311
0.0259300000000001  6235.281206635992
0.02595  6232.510586283173
0.02598  6229.741197043573
0.026  6226.973038370162
0.02603  6224.206109716133
0.02605  6221.463843499631
0.0260799999999999  6218.746208202001
0.0260999999999999  6216.006347513727
0.0261300000000001  6213.267693955689
0.0261500000000001  6210.577030827605
0.0261800000000001  6207.864151064547
0.0262  6205.1758279472815
0.02623  6202.465307516362
0.02625  6199.802673753381
0.02628  6197.141183022762
0.0263  6194.457503499842
0.0263299999999999  6191.798307377909
0.0263499999999999  6189.163564119227
0.0263800000000001  6186.52994200043
0.0264000000000001  6183.89744054445
0.0264300000000001  6181.266059274418
0.02645  6178.635797713671
0.02648  6176.029917224871
0.0265  6173.42513578339
0.02653  6170.821452925703
0.02655  6168.218868188469
0.0265799999999999  6165.6406038166215
0.0265999999999999  6163.063417137916
0.0266300000000001  6160.487307701883
0.0266500000000001  6157.93546874515
0.0266800000000001  6155.361502749052
0.0267  6152.811787038111
0.02673  6150.286292364252
0.02675  6147.738678941479
0.02678  6145.192120808465
0.0268  6142.66975371711
0.0268299999999999  6140.148421961283
0.0268499999999999  6137.651242402964
0.0268800000000001  6135.155078439924
0.0269000000000001  6132.636831171817
0.0269300000000001  6130.142706554467
0.02695  6127.64959628996
0.02698  6125.157499965763
0.027  6122.6894781034
0.02703  6120.199399044078
0.02705  6117.75641731281
0.0270799999999999  6115.291377583363
0.0270999999999999  6112.850354972376
0.0271300000000001  6110.4103067371025
0.0271500000000001  6107.94822699056
0.0271800000000001  6105.5101355230845
0.0272  6103.073017261304
0.02723  6100.636871816747
0.02725  6098.2246675889855
0.02728  6095.813417151676
0.0273  6093.4031201276985
0.0273299999999999  6090.993776140066
0.0273499999999999  6088.608317380122
0.0273800000000001  6086.223792854181
0.0274000000000001  6083.817287587156
0.0274300000000001  6081.43463940593
0.02745  6079.052924357985
0.02748  6076.672142077862
0.0275  6074.315170933712
0.02753  6071.959113992741
0.02755  6069.581109911496
0.0275799999999999  6067.249741302086
0.0275999999999999  6064.873581585613
0.0276300000000001  6062.521186773042
0.0276500000000001  6060.192529929549
0.0276800000000001  6057.864767539458
0.0277  6055.515091249802
0.02773  6053.189125496662
0.02775  6050.864053163257
0.02778  6048.562655643763
0.0278  6046.216587383107
0.0278299999999999  6043.916957489875
0.0278499999999999  6041.6409579093615
0.0278800000000001  6039.320321308
0.0279000000000001  6037.023314354154
0.0279300000000001  6034.727181048442
0.02795  6032.431921058584
0.02798  6030.160246477617
0.028  6027.866723484624
0.02803  6025.596768051661
0.02805  6023.327667431503
0.0280799999999999  6021.059421302246
0.0280999999999999  6018.769359734976
0.0281300000000001  6016.5254912294395
0.0281500000000001  6014.259806642689
0.0281800000000001  6012.017619351957
0.0282  6009.753632325676
0.02823  6007.513124990102
0.02825  6005.2734529422005
0.02828  6003.012005613277
0.0283  6000.774011635993
0.0283299999999999  5998.536852009369
0.0283499999999999  5996.323111400956
0.0283800000000001  5994.087611122658
0.0284000000000001  5991.875512492191
0.0284300000000001  5989.641670331445
0.02845  5987.453764033497
0.02848  5985.244113602825
0.0285  5983.035278636492
0.02853  5980.827258833553
0.02855  5978.620053893178
0.0285799999999999  5976.413663514639
0.0285999999999999  5974.208087397328
0.0286300000000001  5972.003325240743
0.0286500000000001  5969.844347154003
0.0286800000000001  5967.64119542163
0.0287  5965.461325493847
0.02873  5963.259791301431
0.02875  5961.103974146982
0.02878  5958.926492146286
0.0288  5956.749805539847
0.0288299999999999  5954.596341853048
0.0288499999999999  5952.421236971129
0.0288800000000001  5950.246926615148
0.0289000000000001  5948.095813826756
0.0289300000000001  5945.923083468555
0.02895  5943.7959209575
0.02898  5941.624761271338
0.029  5939.476765538481
0.02903  5937.329546341649
0.02905  5935.183103400111
0.0290799999999999  5933.037436433234
0.0290999999999999  5930.8925451604955
0.0291300000000001  5928.770759846079
0.0291500000000001  5926.649733603403
0.0291800000000001  5924.507151591005
0.0292  5922.387650660298
0.02923  5920.2466094614565
0.02925  5918.128632745803
0.02928  5916.011413739362
0.0293  5913.872677655745
0.0293299999999999  5911.75698122334
0.0293499999999999  5909.66430026505
0.0293800000000001  5907.527858768049
0.0294000000000001  5905.436674861153
0.0294300000000001  5903.323996420845
0.02945  5901.234300623613
0.02948  5899.100906711069
0.0295  5897.012705829718
0.02953  5894.925244142865
0.02955  5892.816326181975
0.0295799999999999  5890.730349956013
0.0295999999999999  5888.622932724534
0.0296300000000001  5886.538440902386
0.0296500000000001  5884.454686961783
0.0296800000000001  5882.371670641517
0.0297  5880.289391680484
0.02973  5878.207849817672
0.02975  5876.127044792149
0.02978  5874.046976343094
0.0298  5871.9676442097625
0.0298299999999999  5869.889048131513
0.0298499999999999  5867.83328887317
0.0298800000000001  5865.7561563000545
0.0299000000000001  5863.679759003403
0.0299300000000001  5861.626174369403
0.02995  5859.55123902976
0.02998  5857.477038188795
0.03  5855.425625878776
0.03003  5853.3528854483275
0.03005  5851.3029175038
0.0300799999999999  5849.231636455618
0.0300999999999999  5847.20513518966
0.0301300000000001  5845.157320317262
0.0301500000000001  5843.088214726268
0.0301800000000001  5841.041841686465
0.0302  5838.996185329766
0.03023  5836.951245405182
0.03025  5834.907021661794
0.03028  5832.863513848785
0.0303  5830.82072171542
0.0303299999999999  5828.80059902093
0.0303499999999999  5826.73728348513
0.0303800000000001  5824.696636887171
0.0304000000000001  5822.678635918479
0.0304300000000001  5820.639410744716
0.03045  5818.600899750728
0.03048  5816.585010686603
0.0305  5814.547919629244
0.03053  5812.511542004242
0.03055  5810.497762634512
0.0305799999999999  5808.4628034601255
0.0305999999999999  5806.450426800066
0.0306300000000001  5804.416885088269
0.0306500000000001  5802.4059101608145
0.0306800000000001  5800.37378492426
0.0307  5798.364210753027
0.03073  5796.333501005065
0.03075  5794.325326614347
0.03078  5792.296031369009
0.0308  5790.3110648239335
0.0308299999999999  5788.283175457952
0.0308499999999999  5786.277790150643
0.0308800000000001  5784.251313322733
0.0309000000000001  5782.247324878163
0.0309300000000001  5780.244030727369
0.03095  5778.241430629808
0.03098  5776.239524345023
0.031  5774.238311632638
0.03103  5772.216051284667
0.03105  5770.216232528574
0.0310799999999999  5768.238832527369
0.0310999999999999  5766.218673323835
0.0311300000000001  5764.220932395188
0.0311500000000001  5762.223883595827
0.0311800000000001  5760.205830954593
0.0312  5758.231861425882
0.03123  5756.236887575962
0.03125  5754.242604896653
0.03128  5752.249013148504
0.0313  5750.234453917807
0.0313299999999999  5748.263901488243
0.0313499999999999  5746.272381097631
0.0313800000000001  5744.281550681161
0.0314000000000001  5742.291409999787
0.0314300000000001  5740.301958814551
0.03145  5738.313196886571
0.03148  5736.325123977048
0.0315  5734.337739847269
0.03153  5732.351044258603
0.03155  5730.365036972499
0.0315799999999999  5728.379717750491
0.0315999999999999  5726.395086354197
0.0316300000000001  5724.411142545311
0.0316500000000001  5722.427886085619
0.0316800000000001  5720.445316736984
0.0317  5718.463434261351
0.03173  5716.482238420746
0.03175  5714.501728977286
0.03178  5712.521905693161
0.0318  5710.542768330646
0.0318299999999999  5708.585817876463
0.0318499999999999  5706.6080441951035
0.0318800000000001  5704.630955725258
0.0319000000000001  5702.654552229531
0.0319300000000001  5700.657362027682
0.03195  5698.682335207243
0.03198  5696.707992646655
0.032  5694.755783242781
0.03203  5692.782801059593
0.03205  5690.789068153733
0.0320799999999999  5688.8174602627
0.0320999999999999  5686.8465354470045
0.0321300000000001  5684.876293469997
0.0321500000000001  5682.906734095099
0.0321800000000001  5680.937857085819
0.0322  5678.948272529788
0.03223  5677.00214921856
0.03225  5675.013943030641
0.03228  5673.047800526007
0.0323  5671.082339203195
0.0323299999999999  5669.117558826211
0.0323499999999999  5667.132113988563
0.0323800000000001  5665.1900399661245
0.0324000000000001  5663.205970628623
0.0324300000000001  5661.243919066613
0.03245  5659.282547269096
0.03248  5657.300546860448
0.0325  5655.361842025589
0.03253  5653.381214730814
0.03255  5651.422567014213
0.0325799999999999  5649.443319336842
0.0325999999999999  5647.464764833858
0.0326300000000001  5645.508166906692
0.0326500000000001  5643.552246854574
0.0326800000000001  5641.597004442654
0.0327  5639.621197885049
0.03273  5637.667317408539
0.03275  5635.714113865603
0.03278  5633.740367620664
0.0328  5631.767312623396
0.0328299999999999  5629.794948631705
0.0328499999999999  5627.844472517989
0.0328800000000001  5625.873482387849
0.0329000000000001  5623.903182540125
0.0329300000000001  5621.954747663994
0.03295  5619.98582024003
0.03298  5618.017582376079
0.033  5616.071186601307
0.03303  5614.083174362318
0.03305  5612.138141686722
0.0330799999999999  5610.172652245732
0.0330999999999999  5608.207851160706
0.0331300000000001  5606.243738190565
0.0331500000000001  5604.280313094314
0.0331800000000001  5602.3386766786025
0.0332  5600.355525559937
0.03323  5598.394162640252
0.03325  5596.433486631329
0.03328  5594.473497292605
0.0333  5592.514194383589
0.0333299999999999  5590.5345209970255
0.0333499999999999  5588.576597600791
0.0333800000000001  5586.619359910731
0.0334000000000001  5584.6628076866955
0.0334300000000001  5582.6859135834275
0.03345  5580.7307389354655
0.03348  5578.776249031002
0.0335  5576.7804338265505
0.03353  5574.827327402463
0.03355  5572.853914924437
0.0335799999999999  5570.902183650291
0.0335999999999999  5568.930160619364
0.0336300000000001  5566.958835657564
0.0336500000000001  5565.009168964825
0.0336800000000001  5563.039231980339
0.0337  5561.06999232655
0.03373  5559.101449756612
0.03375  5557.133604023768
0.03378  5555.166454881346
0.0338  5553.200002082765
0.0338299999999999  5551.2342453815245
0.0338499999999999  5549.26918453122
0.0338800000000001  5547.283925521414
0.0339000000000001  5545.320263030203
0.0339300000000001  5543.357295648609
0.03395  5541.395023130565
0.03398  5539.433445230103
0.034  5537.451704970137
0.03403  5535.470673680591
0.03405  5533.511192918649
0.0340799999999999  5531.5315713529435
0.0340999999999999  5529.5526579996895
0.0341300000000001  5527.5952721342
0.0341500000000001  5525.617766997637
0.0341800000000001  5523.640969316376
0.0342  5521.664878837318
0.03423  5519.689495307464
0.03425  5517.735600866405
0.03428  5515.7616230413805
0.0343  5513.767583884452
0.0343299999999999  5511.795025623195
0.0343499999999999  5509.84392571622
0.0343800000000001  5507.852025904861
0.0344000000000001  5505.860846198264
0.0344300000000001  5503.9118469094865
0.03445  5501.922091642838
0.03448  5499.933055705667
0.0345  5497.965446766708
0.03453  5495.977841222173
0.03455  5493.990954229952
0.0345799999999999  5492.025471086318
0.0345999999999999  5490.040012941347
0.0346300000000001  5488.075943252626
0.0346500000000001  5486.071249719899
0.0346800000000001  5484.087944124541
0.0347  5482.105355526995
0.03473  5480.123483668056
0.03475  5478.142328288608
0.03478  5476.141263323322
0.0348  5474.18216593221
0.0348299999999999  5472.182547541634
0.0348499999999999  5470.204262942084
0.0348800000000001  5468.206097606543
0.0349000000000001  5466.229250559487
0.0349300000000001  5464.2119563483475
0.03495  5462.2365532494905
0.03498  5460.241298372237
0.035  5458.24677232501
0.03503  5456.273525738949
0.03505  5454.25990565583
0.0350799999999999  5452.267564501711
0.0350999999999999  5450.255422805617
0.0351300000000001  5448.26454441567
0.0351500000000001  5446.274393257104
0.0351800000000001  5444.264463321459
0.0352  5442.275773319184
0.03523  5440.28780974891
0.03525  5438.28008914253
0.03528  5436.273109478943
0.0353  5434.287338571726
0.0353299999999999  5432.261371886471
0.0353499999999999  5430.256613411004
0.0353800000000001  5428.2730402195075
0.0354000000000001  5426.269753624929
0.0354300000000001  5424.246775990307
0.03545  5422.244975275515
0.03548  5420.243913318792
0.0355  5418.223182188807
0.03553  5416.20320441132
0.03555  5414.2043721505825
0.0355799999999999  5412.185892633078
0.0355999999999999  5410.1885429482445
0.0356300000000001  5408.1715605794325
0.0356500000000001  5406.155330165536
0.0356800000000001  5404.11949688884
0.0357  5402.104777132283
0.03573  5400.090808487112
0.03575  5398.077590673307
0.03578  5396.065123410947
0.0358  5394.033089873148
0.0358299999999999  5392.022130448592
0.0358499999999999  5389.991619408592
0.0358800000000001  5387.982166692096
0.0359000000000001  5385.953177009168
0.0359300000000001  5383.924951396913
0.03595  5381.897489567591
0.03598  5379.870791233586
0.036  5377.844856107377
0.03603  5375.819683901561
0.03605  5373.775034083439
0.0360799999999999  5371.751394478631
0.0360999999999999  5369.708292001699
0.0361300000000001  5367.686183838062
0.0361500000000001  5365.64462753133
0.0361800000000001  5363.603847714135
0.0362  5361.563844091141
0.03623  5359.5246163671345
0.03625  5357.486164247006
0.03628  5355.428316293004
0.0363  5353.39142216769
0.0363299999999999  5351.335147032798
0.0363499999999999  5349.319957771347
0.0363800000000001  5347.26524651444
0.0364000000000001  5345.211324486514
0.0364300000000001  5343.158191384425
0.03645  5341.10584690514
0.03648  5339.0542907457375
0.0365  5337.003522603428
0.03653  5334.953542175518
0.03655  5332.904349159449
0.0365799999999999  5330.835864737121
0.0365999999999999  5328.788253349794
0.0366300000000001  5326.721365445891
0.0366500000000001  5324.655279229995
0.0366800000000001  5322.5899943911445
0.0367  5320.545550300364
0.03673  5318.481859510405
0.03675  5316.398945029183
0.03678  5314.356878963814
0.0368  5312.275579977754
0.0368299999999999  5310.19509610546
0.0368499999999999  5308.13541996716
0.0368800000000001  5306.056557534869
0.0369000000000001  5303.978509262108
0.0369300000000001  5301.921244363946
0.03695  5299.824853919859
0.03698  5297.749246213039
0.037  5295.674451391073
0.03703  5293.580530941632
0.03705  5291.507368742967
0.0370799999999999  5289.415095966481
0.0370999999999999  5287.343565106431
0.0371300000000001  5285.252938706374
0.0371500000000001  5283.163138944245
0.0371800000000001  5281.074165493194
0.0372  5278.966134877429
0.03723  5276.878820930324
0.03725  5274.792332311397
0.03728  5272.686809196241
0.0373  5270.601978107277
0.0373299999999999  5268.478283996576
0.0373499999999999  5266.395116967044
0.0373800000000001  5264.273117935244
0.0374000000000001  5262.171793743501
0.0374300000000001  5260.051496423708
0.03745  5257.951857364027
0.03748  5255.853056411001
0.0375  5253.735305112579
0.03753  5251.638187268133
0.03755  5249.5023621011005
0.0375799999999999  5247.387169700535
0.0375999999999999  5245.272829578637
0.0376300000000001  5243.139593183087
0.0376500000000001  5241.026964545622
0.0376800000000001  5238.915187153804
0.0377  5236.76481219356
0.03773  5234.6547521592465
0.03775  5232.5258341032595
0.03778  5230.378081728858
0.0378  5228.250902981641
0.0378299999999999  5226.1245893515015
0.0378499999999999  5223.999140486605
0.0378800000000001  5221.835220028564
0.0379000000000001  5219.7115156370355
0.0379300000000001  5217.56902305184
0.03795  5215.427409878174
0.03798  5213.28667575507
0.038  5211.1271926870395
0.03803  5208.9686041347695
0.03805  5206.830521105194
0.0380799999999999  5204.673712349455
0.0380999999999999  5202.517797001709
0.0381300000000001  5200.362774691884
0.0381500000000001  5198.189066146647
0.0381800000000001  5196.03583691316
0.0382  5193.8834996049345
0.03823  5191.712499342992
0.03825  5189.542406541166
0.03828  5187.373220820151
0.0383  5185.204941800791
0.0383299999999999  5183.037569104091
0.0383499999999999  5180.8711023512205
0.0383800000000001  5178.686035717967
0.0384000000000001  5176.521387869989
0.0384300000000001  5174.33815575757
0.03845  5172.155844437725
0.03848  5169.974453522105
0.0385  5167.774518275064
0.03853  5165.594975212715
0.03855  5163.396903527819
0.0385799999999999  5161.199767169672
0.0385999999999999  5159.003565740265
0.0386300000000001  5156.808298841768
0.0386500000000001  5154.613966076522
0.0386800000000001  5152.401160603095
0.0387  5150.208703169888
0.03873  5147.997788815748
0.03875  5145.787823576985
0.03878  5143.578807046156
0.0388  5141.370738815998
0.0388299999999999  5139.144261967399
0.0388499999999999  5136.9574456294895
0.0388800000000001  5134.732879962869
0.0389000000000001  5132.509277647118
0.0389300000000001  5130.286638265049
0.03895  5128.045646690425
0.03898  5125.8249402891715
0.039  5123.605195567523
0.03903  5121.386412109023
0.03905  5119.149308296088
0.0390799999999999  5116.893908979627
0.0390999999999999  5114.658767564185
0.0391300000000001  5112.44385836721
0.0391500000000001  5110.191413343795
0.0391800000000001  5107.939960704591
0.0392  5105.689500012377
0.03923  5103.45925286267
0.03925  5101.210766284669
0.03928  5098.944065248306
0.0393  5096.697567975648
0.0393299999999999  5094.432872359519
0.0393499999999999  5092.169183051135
0.0393800000000001  5089.925670662046
0.0394000000000001  5087.663984109326
0.0394300000000001  5085.384148501957
0.03945  5083.124479955051
0.03948  5080.846678547115
0.0395  5078.569897845887
0.03953  5076.31325718192
0.03955  5074.038507954367
0.0395799999999999  5071.764778065809
0.0395999999999999  5069.472972963347
0.0396300000000001  5067.1822034709485
0.0396500000000001  5064.911545964362
0.0396800000000001  5062.603769444672
0.0397  5060.335163582406
0.03973  5058.029472245791
0.03975  5055.743873788421
0.03978  5053.440274427285
0.0398  5051.156749714941
0.0398299999999999  5048.836224063115
0.0398499999999999  5046.554779807292
0.0398800000000001  5044.23636832253
0.0399000000000001  5041.938012241692
0.0399300000000001  5039.621721722102
0.03995  5037.306495317494
0.03998  5034.992332539009
0.04  5032.679232898008
0.04003  5030.367195906084
0.04005  5028.037283045851
0.0400799999999999  5025.727378587966
0.0400999999999999  5023.380694259564
0.0401300000000001  5021.054017334085
0.0401500000000001  5018.728418054487
0.0401800000000001  5016.385001780587
0.0402  5014.061565046776
0.04023  5011.739204458087
0.04025  5009.38018393001
0.04028  5007.041132666958
0.0403  5004.7031735870905
0.0403299999999999  5002.347464911561
0.0403499999999999  5000.011697466007
0.0403800000000001  4997.658197063499
0.0404000000000001  4995.286989775532
0.0404300000000001  4992.9357132881105
0.04045  4990.585543544134
0.04048  4988.236480022655
0.0405  4985.8509638621645
0.04053  4983.485358677488
0.04055  4981.120875886546
0.0405799999999999  4978.757514956805
0.0405999999999999  4976.376531906248
0.0406300000000001  4974.015421995399
0.0406500000000001  4971.636706748194
0.0406800000000001  4969.259129070085
0.0407  4966.882688417054
0.04073  4964.488685571013
0.04075  4962.095836617661
0.04078  4959.7228216542435
0.0408  4957.332269814092
0.0408299999999999  4954.942870203268
0.0408499999999999  4952.53596861181
0.0408800000000001  4950.148880784745
0.0409000000000001  4947.744307910504
0.0409300000000001  4945.340903076021
0.04095  4942.938665713913
0.04098  4940.51898686426
0.041  4938.119091785021
0.04103  4935.701772224427
0.04105  4933.304217144232
0.0410799999999999  4930.889254572289
0.0410999999999999  4928.4569112172685
0.0411300000000001  4926.044321509813
0.0411500000000001  4923.614368097079
0.0411800000000001  4921.204148922609
0.0412  4918.776583103882
0.04123  4916.35021477171
0.04125  4913.906535177992
0.04128  4911.482569176941
0.0413  4909.041309054108
0.0413299999999999  4906.601262363455
0.0413499999999999  4904.162428501838
0.0413800000000001  4901.706344660862
0.0414000000000001  4899.269943825775
0.0414300000000001  4896.816310220233
0.04145  4894.363905434076
0.04148  4891.931154169936
0.0415  4889.481195948915
0.04153  4887.014057839314
0.04155  4884.54816460012
0.0415799999999999  4882.101903899655
0.0415999999999999  4879.620110220722
0.0416300000000001  4877.157947825197
0.0416500000000001  4874.715388264785
0.0416800000000001  4872.237349486548
0.0417  4869.760570407735
0.04173  4867.285050387986
0.04175  4864.792465617298
0.04178  4862.319471110394
0.0418  4859.847733738688
0.0418299999999999  4857.358957691347
0.0418499999999999  4854.871456170813
0.0418800000000001  4852.385228524389
0.0419000000000001  4849.9185411784565
0.0419300000000001  4847.4165922447455
0.04195  4844.9159340025
0.04198  4842.416565785884
0.042  4839.936716411899
0.04203  4837.421696767921
0.04205  4834.926194636622
0.0420799999999999  4832.431979871046
0.0420999999999999  4829.9208599805015
0.0421300000000001  4827.411044965664
0.0421500000000001  4824.902534148472
0.0421800000000001  4822.395326851212
0.0422  4819.871268421593
0.04223  4817.366675565982
0.04225  4814.845249149873
0.04228  4812.307016972799
0.0423  4809.806354796886
0.0423299999999999  4807.2707789635
0.0423499999999999  4804.754636774664
0.0423800000000001  4802.221724045194
0.0424000000000001  4799.690146586171
0.0424300000000001  4797.159903693691
0.04245  4794.630994664209
0.04248  4792.103418794554
0.0425  4789.559135577207
0.04253  4787.03423342919
0.04255  4784.474620952878
0.0425799999999999  4781.952399198096
0.0425999999999999  4779.395503962913
0.0426300000000001  4776.857967789938
0.0426500000000001  4774.303796531551
0.0426800000000001  4771.76896371129
0.0427  4769.217513527727
0.04273  4766.667427596726
0.04275  4764.100761272695
0.04278  4761.553411253384
0.0428  4758.989498629653
0.0428299999999999  4756.444881586751
0.0428499999999999  4753.883719708958
0.0428800000000001  4751.323936917925
0.0429000000000001  4748.765532471069
0.0429300000000001  4746.190629168322
0.04295  4743.617122044639
0.04298  4741.06286741996
0.043  4738.492140701114
0.04303  4735.922807896684
0.04305  4733.354868250849
0.0430799999999999  4730.770502630005
0.0430999999999999  4728.205356697136
0.0431300000000001  4725.6238026594065
0.0431500000000001  4723.043658125019
0.0431800000000001  4720.464922324399
0.0432  4717.887594488387
0.04323  4715.293913762402
0.04325  4712.719409246662
0.04328  4710.146310385295
0.0433  4707.556885466377
0.0433299999999999  4704.951162965864
0.0433499999999999  4702.382305491247
0.0433800000000001  4699.797148870259
0.0434000000000001  4697.21341345119
0.0434300000000001  4694.595734133207
0.04345  4692.014858216167
0.04348  4689.417738524094
0.0435  4686.822056387293
0.04353  4684.227811010046
0.04355  4681.6173683534535
0.0435799999999999  4679.02600387028
0.0435999999999999  4676.436073756759
0.0436300000000001  4673.829973306418
0.0436500000000001  4671.242919294895
0.0436800000000001  4668.639712903613
0.0437  4666.020382738366
0.04373  4663.420086780299
0.04375  4660.803685074944
0.04378  4658.2062962961745
0.0438  4655.610354999188
0.0438299999999999  4652.99833492688
0.0438499999999999  4650.387780322756
0.0438800000000001  4647.778690364618
0.0439000000000001  4645.171064230734
0.0439300000000001  4642.564901099825
0.04395  4639.942723874383
0.04398  4637.339494092469
0.044  4634.720268240574
0.04403  4632.119968506042
0.04405  4629.503690705799
0.0440799999999999  4626.88889061114
0.0440999999999999  4624.275567387432
0.0441300000000001  4621.646312836999
0.0441500000000001  4619.035950685098
0.0441800000000001  4616.427062897549
0.0442  4613.802270822553
0.04423  4611.178971142724
0.04425  4608.557163009521
0.04428  4605.936845574887
0.0443  4603.318017991245
0.0443299999999999  4600.700679411498
0.0443499999999999  4598.084828989037
0.0443800000000001  4595.453157170341
0.0444000000000001  4592.840290365858
0.0444300000000001  4590.211620210902
0.04445  4587.601733621311
0.04448  4584.976061706418
0.0445  4582.351892570842
0.04453  4579.729225354482
0.04455  4577.108059197728
0.0445799999999999  4574.488393241463
0.0445999999999999  4571.853006809296
0.0446300000000001  4569.253558496388
0.0446500000000001  4566.621187879603
0.0446800000000001  4564.00752398827
0.0447  4561.378175639109
0.04473  4558.7503420711355
0.04475  4556.141182986452
0.04478  4553.516366477043
0.0448  4550.893062138006
0.0448299999999999  4548.254138165199
0.0448499999999999  4545.650986486872
0.0448800000000001  4543.032213433944
0.0449000000000001  4540.397847727354
0.0449300000000001  4537.765009609023
0.04495  4535.167861287538
0.04498  4532.538055878701
0.045  4529.909775413747
0.04503  4527.3000709539665
0.04505  4524.674827836583
0.0450799999999999  4522.051107017548
0.0450999999999999  4519.44592997729
0.0451300000000001  4516.825241236517
0.0451500000000001  4514.189069525763
0.0451800000000001  4511.588421845981
0.0452  4508.955306519832
0.04523  4506.340700971379
0.04525  4503.727611552876
0.04528  4501.099084061017
0.0453  4498.50597758959
0.0453299999999999  4495.880497619607
0.0453499999999999  4493.256549968378
0.0453800000000001  4490.651047649653
0.0454000000000001  4488.030152081986
0.0454300000000001  4485.427680391859
0.04545  4482.80983335768
0.04548  4480.210388771035
0.0455  4477.595586724394
0.04553  4474.982310764508
0.04555  4472.370560000706
0.0455799999999999  4469.777168830029
0.0455999999999999  4467.151630501244
0.0456300000000001  4464.561265628474
0.0456500000000001  4461.955596938454
0.0456800000000001  4459.351449004657
0.0457  4456.732034723217
0.04573  4454.147711855986
0.04575  4451.531354239526
0.04578  4448.933290245717
0.0458  4446.336742569774
0.0458299999999999  4443.741710326718
0.0458499999999999  4441.131465175113
0.0458800000000001  4438.539470907693
0.0459000000000001  4435.965697352897
0.0459300000000001  4433.36001981604
0.04595  4430.772561226515
0.04598  4428.169934127617
0.046  4425.585504647328
0.04603  4423.002583527343
0.04605  4420.40452049808
0.0460799999999999  4417.8246231753665
0.0460999999999999  4415.246231567836
0.0461300000000001  4412.65272460448
0.0461500000000001  4410.0773514915745
0.0461800000000001  4407.486880718219
0.0462  4404.897931582309
0.04623  4402.327084428433
0.04625  4399.757737707751
0.04628  4397.189890544566
0.0463  4394.606989840457
0.0463299999999999  4392.025606327149
0.0463499999999999  4389.462271896893
0.0463800000000001  4386.8839103807995
0.0464000000000001  4384.3235768178965
0.0464300000000001  4381.764737552103
0.04645  4379.190897552562
0.04648  4376.61856942158
0.0465  4374.064227058245
0.04653  4371.5113754953545
0.04655  4368.96001386283
0.0465799999999999  4366.393695332828
0.0465999999999999  4363.828884253295
0.0466300000000001  4361.282006382038
0.0466500000000001  4358.736614954694
0.0466800000000001  4356.1927091037305
0.0467  4353.633890063467
0.04673  4351.0929623350285
0.04675  4348.553517577801
0.04678  4345.999185783637
0.0468  4343.462713926385
0.0468299999999999  4340.927722439745
0.0468499999999999  4338.394210459726
0.0468800000000001  4335.862177122835
0.0469000000000001  4333.3316215660925
0.0469300000000001  4330.802542927008
0.04695  4328.274940343605
0.04698  4325.748812954409
0.047  4323.224159898447
0.04703  4320.684706519224
0.04705  4318.163009046755
0.0470799999999999  4315.64278332207
0.0470999999999999  4313.124028486207
0.0471300000000001  4310.622979518225
0.0471500000000001  4308.107154409344
0.0471800000000001  4305.592797620935
0.0472  4303.079908296044
0.04723  4300.5846836067685
0.04725  4298.074717186299
0.04728  4295.582394854568
0.0473  4293.075347938705
0.0473299999999999  4290.585924588598
0.0473499999999999  4288.081793781477
0.0473800000000001  4285.595266040997
0.0474000000000001  4283.110180162056
0.0474300000000001  4280.626535308558
0.04745  4278.144330644899
0.04748  4275.647461172066
0.0475  4273.168143721515
0.04753  4270.690263951475
0.04755  4268.213821028276
0.0475799999999999  4265.738814118736
0.0475999999999999  4263.265242390155
0.0476300000000001  4260.793105010316
0.0476500000000001  4258.322401147479
0.0476800000000001  4255.869159579229
0.0477  4253.417331336138
0.04773  4250.950904459316
0.04775  4248.485907788149
0.04778  4246.038333074621
0.0478  4243.576185053648
0.0478299999999999  4241.147413016583
0.0478499999999999  4238.688101090861
0.0478800000000001  4236.24617094446
0.0479000000000001  4233.805647606656
0.0479300000000001  4231.366530266973
0.04795  4228.928818115408
0.04798  4226.4925103424275
0.048  4224.057606138959
0.04803  4221.624104696402
0.04805  4219.223788316953
0.0480799999999999  4216.793071661854
0.0480999999999999  4214.363755355197
0.0481300000000001  4211.935838590232
0.0481500000000001  4209.541030731494
0.0481800000000001  4207.115892363138
0.0482  4204.707988041296
0.04823  4202.301461861481
0.04825  4199.896313034925
0.04828  4197.492540773314
0.0483  4195.090144288781
0.0483299999999999  4192.704914496435
0.0483499999999999  4190.305258166034
0.0483800000000001  4187.906975257002
0.0484000000000001  4185.52582964597
0.0484300000000001  4183.146037898442
0.04845  4180.7675992446475
0.04848  4178.374775127509
0.0485  4175.9990493017385
0.04853  4173.640394154461
0.04855  4171.251649228003
0.0485799999999999  4168.879973444429
0.0485999999999999  4166.525339237944
0.0486300000000001  4164.156350723299
0.0486500000000001  4161.8043844764825
0.0486800000000001  4159.438080185906
0.0487  4157.104436490124
0.04873  4154.740804479659
0.04875  4152.378516374883
0.04878  4150.048833432031
0.0488  4147.689213071867
0.0488299999999999  4145.362161052442
0.0488499999999999  4143.020809992958
0.0488800000000001  4140.696377170939
0.0489000000000001  4138.357661403042
0.0489300000000001  4136.035844830405
0.04895  4133.699761387959
0.04898  4131.396118904708
0.049  4129.062656036001
0.04903  4126.761597734838
0.04905  4124.430752500159
0.0490799999999999  4122.1322754822
0.0490999999999999  4119.819562127071
0.0491300000000001  4117.523654849213
0.0491500000000001  4115.229027042493
0.0491800000000001  4112.9201867399015
0.0492  4110.62812436979
0.04923  4108.321865393646
0.04925  4106.047830903045
0.04928  4103.759598383141
0.0493  4101.472641057354
0.0493299999999999  4099.202397743028
0.0493499999999999  4096.917980069758
0.0493800000000001  4094.6502578471395
0.0494000000000001  4092.3837908520086
0.0494300000000001  4090.1031730755444
0.04945  4087.839222978539
0.04948  4085.591914285567
0.0495  4083.3150815095373
0.04953  4081.0702599844526
0.04955  4078.826672560479
0.0495799999999999  4076.5689642215325
0.0495999999999999  4074.3278514059125
0.0496300000000001  4072.0879706525243
0.0496500000000001  4069.833992313578
0.0496800000000001  4067.5965820802026
0.0497  4065.3757139942923
0.04973  4063.1254510173935
0.04975  4060.907024125462
0.04978  4058.6898084729887
0.0498  4056.473803398651
0.0498299999999999  4054.243737991489
0.0498499999999999  4052.0301604282995
0.0498800000000001  4049.8177914568773
0.0499000000000001  4047.6218756687745
0.0499300000000001  4045.396676650202
0.04995  4043.2031581047186
0.04998  4040.9956085905283
