1e-08  2150.823880548241
2.99999999999727e-05  2167.745661369256
4.99999999999545e-05  2201.7790714458906
8.00000000000409e-05  2236.2148287265954
0.000100000000000023  2270.4821234644996
0.000129999999999995  2304.383360167786
0.000149999999999977  2337.8200611417838
0.00017999999999995  2370.7189328350946
0.000200000000000045  2403.048716813266
0.000230000000000018  2434.77865994647
0.00025  2465.8936214052537
0.000279999999999973  2496.395054414553
0.000299999999999955  2526.27108202258
0.000330000000000041  2555.521574059761
0.000350000000000023  2584.1482137480803
0.000379999999999995  2612.1651016571536
0.000399999999999977  2639.56705332265
0.00042999999999995  2666.3664324921283
0.000450000000000045  2692.5720215407405
0.000480000000000018  2718.188710163944
0.0005  2743.228365136457
0.000529999999999973  2767.698784366947
0.000549999999999954  2791.6034102105987
0.000580000000000041  2814.9639724500685
0.000600000000000023  2837.780737284354
0.000629999999999995  2860.072285000397
0.000649999999999977  2881.840972725848
0.00067999999999995  2903.095869896026
0.000700000000000045  2923.85295326929
0.000730000000000018  2944.1173121512284
0.00075  2963.9008031408644
0.000779999999999973  2983.2100869876754
0.000799999999999955  3002.058627315299
0.000830000000000041  3020.454565835158
0.000850000000000023  3038.4066948134137
0.000879999999999995  3055.924438030652
0.000899999999999977  3073.0115780128262
0.00092999999999995  3089.6786421842135
0.000950000000000045  3105.943057391652
0.000980000000000018  3121.8038804308962
0.001  3137.2732204006234
0.00102999999999997  3152.3508821833802
0.00104999999999995  3167.056272982089
0.00108000000000004  3181.3964654005463
0.00110000000000002  3195.3723894137984
0.00113  3208.991743157997
0.00114999999999998  3222.2625665486617
0.00117999999999995  3235.1932299815376
0.00120000000000005  3247.792423111615
0.00123000000000002  3260.062509498258
0.00125  3272.0127111097077
0.00127999999999997  3283.6458577758826
0.00129999999999995  3294.978376917698
0.00133000000000004  3306.0068747791956
0.00135000000000002  3316.734790437763
0.00138  3327.1792743350156
0.00139999999999998  3337.3374329595927
0.00142999999999995  3347.213257685824
0.00145000000000005  3356.824554802337
0.00148000000000002  3366.162030166314
0.0015  3375.2369848972344
0.00152999999999997  3384.0609310712134
0.00154999999999995  3392.624870107156
0.00158000000000004  3400.9474759402174
0.00160000000000002  3409.01993047065
0.00163  3416.8612170249926
0.00164999999999998  3424.4626848989546
0.00167999999999995  3431.836622193787
0.00170000000000005  3438.988485794654
0.00173000000000002  3445.923834687456
0.00175  3452.6342737101936
0.00177999999999997  3459.139553423531
0.00179999999999995  3465.431413590192
0.00183000000000004  3471.522774931268
0.00185000000000002  3477.4054640986856
0.00188  3483.099648940437
0.00189999999999998  3488.5972720517884
0.00192999999999995  3493.904483902892
0.00195000000000005  3499.027510088201
0.00198000000000002  3503.972647757851
0.002  3508.7319815690207
0.00202999999999997  3513.3118853953138
0.00204999999999995  3517.725957209472
0.00208000000000004  3521.966390019319
0.00210000000000002  3526.0397182893653
0.00213  3529.952534104764
0.00214999999999998  3533.7042928725227
0.00217999999999995  3537.294472034598
0.00220000000000005  3540.7297765741614
0.00223000000000002  3544.0169604164885
0.00225  3547.148386505739
0.00227999999999997  3550.1380857586096
0.00229999999999995  3552.985695261858
0.00233000000000004  3555.6836333288647
0.00235000000000002  3558.2460376783015
0.00238  3560.672612419266
0.00239999999999998  3562.9703278585785
0.00242999999999995  3565.1244223603785
0.00245000000000005  3567.1564111468565
0.00248000000000002  3569.0588209418456
0.0025  3570.8387098905823
0.00252999999999997  3572.4958937127262
0.00254999999999995  3574.0302007770015
0.00258000000000004  3575.4414721308162
0.00260000000000002  3576.74411886121
0.00263  3577.9307407491056
0.00264999999999998  3579.0012220176054
0.00267999999999995  3579.962743423543
0.00270000000000005  3580.8152169862315
0.00273000000000002  3581.5585646898417
0.00275  3582.200008272194
0.00277999999999997  3582.739492930402
0.00279999999999995  3583.169680802545
0.00283000000000004  3583.5124097992907
0.00285000000000002  3583.745775959102
0.00288  3583.8916375263084
0.00289999999999998  3583.935397154114
0.00292999999999995  3583.8916375263084
0.00295000000000005  3583.7603618486783
0.00298000000000002  3583.534287231211
0.003  3583.2207234692414
0.00302999999999997  3582.8196935317937
0.00304999999999995  3582.3312267929678
0.00308000000000004  3581.762647915216
0.00310000000000002  3581.11399506674
0.00313  3580.378025702117
0.00314999999999998  3579.569362538996
0.00317999999999995  3578.6807722744848
0.00320000000000005  3577.712314526485
0.00323000000000002  3576.671332786206
0.00325  3575.557890516848
0.00327999999999997  3574.3720555855
0.00329999999999995  3573.113900256248
0.00333000000000004  3571.790769776923
0.00335000000000002  3570.388205140741
0.00338  3568.9280885808803
0.00339999999999998  3567.395971818966
0.00342999999999995  3565.7992045086485
0.00345000000000005  3564.1378740635487
0.00348000000000002  3562.419320927129
0.0035  3560.6291368286115
0.00352999999999997  3558.789156968658
0.00354999999999995  3556.884982920918
0.00358000000000004  3554.916718763949
0.00360000000000002  3552.8989323237965
0.00363  3550.8244832371947
0.00364999999999998  3548.6934721119105
0.00367999999999995  3546.506002257801
0.00370000000000005  3544.2621796784615
0.00373000000000002  3541.9693209701118
0.00375  3539.627523157283
0.00377999999999997  3537.236885291764
0.00379999999999995  3534.7903151328096
0.00383000000000004  3532.3023074543476
0.00385000000000002  3529.7657690703318
0.00388  3527.1736292573255
0.00389999999999998  3524.5475305341156
0.00392999999999995  3521.8660505258704
0.00395000000000005  3519.1508030134473
0.00398000000000002  3516.387557523493
0.004  3513.583580580066
0.00402999999999997  3510.731828754321
0.00404999999999995  3507.846698956314
0.00408000000000004  3504.921144775267
0.00410000000000002  3501.948144858257
0.00413  3498.949185155718
0.00414999999999998  3495.9029941265435
0.00417999999999995  3492.823915416701
0.00420000000000005  3489.712040624001
0.00423000000000002  3486.5603671011045
0.00425  3483.376096390504
0.00427999999999997  3480.1593230332173
0.00429999999999995  3476.9101424751234
0.00433000000000004  3473.621582228058
0.00435000000000002  3470.307883945171
0.00438  3466.9620702462216
0.00439999999999998  3463.5842401487243
0.00442999999999995  3460.181535020345
0.00445000000000005  3456.7470001732095
0.00448000000000002  3453.2807370589267
0.0045  3449.789868318169
0.00452999999999997  3446.274475626831
0.00454999999999995  3442.734641176481
0.00458000000000004  3439.16344895942
0.00460000000000002  3435.567995519975
0.00463  3431.948364725107
0.00464999999999998  3428.3046409438543
0.00467999999999995  3424.643878194232
0.00470000000000005  3420.952216026726
0.00473000000000002  3417.2436710018433
0.00475  3413.5113601688163
0.00477999999999997  3409.7553702132927
0.00479999999999995  3405.9827194785303
0.00483000000000004  3402.186548973382
0.00485000000000002  3398.3738623697477
0.00488  3394.5447247032425
0.00489999999999998  3390.6923011647787
0.00492999999999995  3386.823573048708
0.00495000000000005  3382.9386061684295
0.00498000000000002  3379.0374665592894
0.005  3375.120220476721
0.00502999999999997  3371.186934394368
0.00504999999999995  3367.237675002211
0.00508000000000004  3363.2725092046876
0.00510000000000002  3359.298340290813
0.00513  3355.301555110819
0.00514999999999998  3351.2958853617056
0.00517999999999995  3347.2813742368185
0.00520000000000005  3343.251261455695
0.00523000000000002  3339.20561498062
0.00525  3335.1512900089233
0.00527999999999997  3331.088330059813
0.00529999999999995  3327.0100082259114
0.00533000000000004  3322.9231552293236
0.00535000000000002  3318.82781479613
0.00538  3314.71728523889
0.00539999999999998  3310.6051096773044
0.00542999999999995  3306.4778494738594
0.00545000000000005  3302.3490143431586
0.00548000000000002  3298.2119111709208
0.0055  3294.059880544656
0.00552999999999997  3289.9063818255336
0.00554999999999995  3285.74474725471
0.00558000000000004  3281.5750209780426
0.00560000000000002  3277.4039167010465
0.00563  3273.224792114968
0.00564999999999998  3269.037691443114
0.00567999999999995  3264.8493029178535
0.00570000000000005  3260.6530097827817
0.00573000000000002  3256.455483220281
0.00575  3252.256741891115
0.00577999999999997  3248.0501946439304
0.00579999999999995  3243.842487013551
0.00583000000000004  3239.6270449631434
0.00585000000000002  3235.417080969007
0.00588  3231.199436890671
0.00589999999999998  3226.980723954653
0.00592999999999995  3222.7544023969854
0.00595000000000005  3218.533615980503
0.00598000000000002  3214.311816318182
0.006  3210.089021910569
0.00602999999999997  3205.865251239991
0.00604999999999995  3201.640522770431
0.00608000000000004  3197.414854947404
0.00610000000000002  3193.194764349061
0.00613  3188.967264478173
0.00614999999999998  3184.7453614331844
0.00617999999999995  3180.5225754279068
0.00620000000000005  3176.305388589791
0.00623000000000002  3172.0873382839122
0.00625  3167.8748894382848
0.00627999999999997  3163.6551584987437
0.00629999999999995  3159.4474778782774
0.00633000000000004  3155.2389725743883
0.00635000000000002  3151.0296608027948
0.00638  3146.8323683543367
0.00639999999999998  3142.6278763262403
0.00642999999999995  3138.4353886482736
0.00645000000000005  3134.242115849581
0.00648000000000002  3130.054445695068
0.0065  3125.8723706990254
0.00652999999999997  3121.6958833857457
0.00654999999999995  3117.5186321262936
0.00658000000000004  3113.3533062678107
0.00660000000000002  3109.1872185047637
0.00663  3105.0330242726454
0.00664999999999998  3100.8780701721143
0.00667999999999995  3096.728675962072
0.00670000000000005  3092.5911276254674
0.00673000000000002  3088.4528224652495
0.00675  3084.3263315209615
0.00677999999999997  3080.205353993421
0.00679999999999995  3076.089882516134
0.00683000000000004  3071.979909732452
0.00685000000000002  3067.8754282955533
0.00688  3063.7826656660495
0.00689999999999998  3059.695363071131
0.00692999999999995  3055.6197314127694
0.00695000000000005  3051.549528652205
0.00698000000000002  3047.484747557937
0.007  3043.4253809080974
0.00702999999999997  3039.37760662376
0.00704999999999995  3035.3413928234886
0.00708000000000004  3031.3105390093574
0.00710000000000002  3027.291198600923
0.00713  3023.277187602694
0.00714999999999998  3019.2746431719747
0.00717999999999995  3015.277397746581
0.00720000000000005  3011.2915722893545
0.00723000000000002  3007.3171354928822
0.00725  3003.3479443351907
0.00727999999999997  2999.3900956515886
0.00729999999999995  2995.443558396962
0.00733000000000004  2991.508301636089
0.00735000000000002  2987.578214809309
0.00738  2983.659362871329
0.00739999999999998  2979.7577789528505
0.00742999999999995  2975.8552410652414
0.00745000000000005  2971.9699101698884
0.00748000000000002  2968.095692108066
0.0075  2964.2325566354175
0.00752999999999997  2960.374449240443
0.00754999999999995  2956.533396457297
0.00758000000000004  2952.697327397237
0.00760000000000002  2948.8782375159417
0.00763  2945.0700805550446
0.00764999999999998  2941.266841416544
0.00767999999999995  2937.4804692827397
0.00770000000000005  2933.704941537357
0.00773000000000002  2929.940228885608
0.00775  2926.186302136313
0.00777999999999997  2922.4490793852983
0.00779999999999995  2918.716629684407
0.00783000000000004  2915.0008109786886
0.00785000000000002  2911.2956473690215
0.00787999999999999  2907.6011102415937
0.00789999999999998  2903.9171710837695
0.00792999999999995  2900.2497034917683
0.00795000000000005  2896.5927622504337
0.00798000000000002  2892.9463192126336
0.008  2889.310346330749
0.00802999999999997  2885.6906880367683
0.00804999999999995  2882.0872944465177
0.00808000000000004  2878.488400453338
0.00810000000000002  2874.905701292626
0.00812999999999999  2871.3391476624374
0.00814999999999998  2867.782854569223
0.00817999999999995  2864.2367948396313
0.00820000000000005  2860.7067629345324
0.00823000000000002  2857.186895996515
0.00825  2853.6771672013374
0.00827999999999997  2850.1891500774295
0.00829999999999995  2846.705396317156
0.00833000000000004  2843.237472673991
0.00835000000000002  2839.7853316515248
0.00838  2836.343154033735
0.00839999999999998  2832.9166787278614
0.00842999999999995  2829.505858889807
0.00845000000000005  2826.104896787943
0.00848000000000002  2822.713766740008
0.0085  2819.3439178724398
0.00852999999999997  2815.9780920416833
0.00854999999999996  2812.6334555369062
0.00858000000000004  2809.298508497242
0.00860000000000002  2805.9789360356854
0.00863  2802.668989536723
0.00864999999999998  2799.374340908639
0.00867999999999995  2796.0949453654243
0.00870000000000005  2792.830758359753
0.00873000000000002  2789.5760587832524
0.00875  2786.336492535222
0.00877999999999997  2783.1120156863203
0.00879999999999995  2779.896927440603
0.00883000000000004  2776.696854452355
0.00885000000000002  2773.511753403111
0.00888  2770.341581206886
0.00889999999999998  2767.18629500921
0.00892999999999995  2764.040227352952
0.00895000000000004  2760.908973409795
0.00898000000000002  2757.7924909239177
0.009  2754.6907378675414
0.00902999999999997  2751.598072926612
0.00904999999999995  2748.5256598057413
0.00908000000000004  2745.4622643332027
0.00910000000000002  2742.4134448084546
0.00913  2739.379160241309
0.00914999999999998  2736.3593698643854
0.00917999999999995  2733.3484707568455
0.00920000000000004  2730.3575534314527
0.00923000000000002  2727.3754590724275
0.00925  2724.407710082405
0.00927999999999997  2721.459804877905
0.00929999999999995  2718.5206216001475
0.00933000000000004  2715.595665110471
0.00935000000000002  2712.679375991673
0.00938  2709.782761877309
0.00939999999999998  2706.9002578562418
0.00942999999999995  2704.031825467828
0.00945000000000005  2701.171929568016
0.00948000000000002  2698.3315316925846
0.0095  2695.499605958671
0.00952999999999997  2692.6816115617494
0.00954999999999995  2689.8775110108304
0.00958000000000004  2687.0927352572207
0.00960000000000002  2684.3163051091806
0.00963  2681.5536576109807
0.00964999999999998  2678.804756101332
0.00967999999999995  2676.0695641243556
0.00970000000000005  2673.3480454287774
0.00973000000000002  2670.640163967131
0.00975  2667.945883894962
0.00977999999999997  2665.265169570042
0.00979999999999995  2662.59798555158
0.00983000000000004  2659.9442965994504
0.00985000000000002  2657.298660059727
0.00987999999999999  2654.671861664199
0.00989999999999998  2652.0584537836157
0.00992999999999995  2649.4584019728713
0.00995000000000005  2646.8662855999382
0.00998000000000002  2644.2928486171045
0.01  2639.6476274172833
0.01003  2637.102674782657
0.01005  2634.576259857824
0.01008  2632.07904660092
0.0101  2629.621659087372
0.01013  2627.2200293011774
0.01015  2624.9007168717194
0.0101799999999999  2622.674181868199
0.0102  2620.561522907347
0.01023  2618.583782964174
0.01025  2616.751309217569
0.01028  2615.0584770503197
0.0103  2613.5316096182696
0.01033  2612.159785901264
0.01035  2610.9480759184294
0.01038  2609.901568626813
0.0104  2609.0094470943536
0.0104299999999999  2608.2768611096158
0.01045  2607.6983697605783
0.01048  2607.2632590029816
0.0105  2606.9767622988024
0.01053  2606.8282208463315
0.01055  2606.8229159509947
0.01058  2606.9449312750326
0.0106  2607.199590347925
0.01063  2607.5763191726423
0.01065  2608.080478100397
0.0106799999999999  2608.6909061696415
0.0107  2609.423608447098
0.01073  2610.268064052192
0.01075  2611.2190674976673
0.01078  2612.282051023596
0.0108  2613.4465143293246
0.01083  2614.7125927208126
0.01085  2616.085757091235
0.01088  2617.55552200277
0.0109  2619.1220494346762
0.01093  2620.796178726148
0.01095  2622.562104169797
0.01098  2624.4360319958964
0.011  2626.412847211118
0.01103  2628.4874312588577
0.01105  2630.6707202317325
0.01108  2632.9736984120264
0.0111  2635.396676883473
0.01113  2637.9453513527205
0.01115  2640.6469505550285
0.01118  2643.5449757511233
0.0112  2646.6669971064834
0.01123  2650.1000864020893
0.01125  2653.9480571620466
0.01128  2658.3587626655894
0.0113  2663.519271596233
0.01133  2669.6620866427907
0.01135  2677.077228089417
0.01138  2686.0813014100067
0.0114  2696.986545020411
0.01143  2710.086071589895
0.01145  2725.616608415685
0.01148  2743.7587515573587
0.0115  2764.63089734266
0.01153  2788.2763760558796
0.01155  2814.689019923187
0.01158  2843.839279735492
0.0116  2875.654655018151
0.01163  2910.0458477794764
0.01165  2946.9285660249925
0.01168  2986.2288200807884
0.0117  3027.8826685738577
0.01173  3071.8298777474392
0.01175  3118.0579320923466
0.01178  3166.566493444758
0.0118  3217.3745238677257
0.01183  3270.5415018538124
0.01185  3326.143500651307
0.01188  3384.2744215024923
0.0119  3445.0754312412164
0.0119299999999999  3508.6891401702314
0.01195  3575.2886787515467
0.01198  3645.0507972591645
0.012  3718.1938507164505
0.01203  3794.9200438236635
0.01205  3875.476538066603
0.01208  3960.079395385617
0.0121  4048.9838427287496
0.01213  4142.42081315315
0.01215  4240.645244009559
0.0121799999999999  4343.867550308068
0.0122  4452.283481866267
0.01223  4566.099191458722
0.01225  4685.417179901192
0.01228  4810.319297372441
0.0123  4940.792659254551
0.01233  5076.757156898247
0.01235  5217.981468500174
0.01238  5364.160345560344
0.0124  5514.8046779974275
0.0124299999999999  5669.310430844139
0.01245  5826.947134627372
0.01248  5986.846709394123
0.0125  6148.030577747823
0.01253  6309.443947142201
0.01255  6469.997714822785
0.01258  6628.618089640107
0.0126  6784.276007628363
0.01263  6936.005412779596
0.01265  7082.9941144994855
0.0126799999999999  7224.565621708191
0.0127  7360.169476868351
0.01273  7489.365328755711
0.01275  7611.859574470218
0.01278  7727.4594763014675
0.0128  7835.948672650351
0.01283  7937.271117485353
0.01285  8031.328460841587
0.01288  8118.07562615921
0.0129  8197.53474302908
0.01293  8269.720104156839
0.01295  8334.67594035797
0.01298  8392.480391829482
0.013  8443.25983160071
0.01303  8487.153397183165
0.01305  8524.29881683235
0.01308  8554.861583758058
0.0131  8579.045690786015
0.01313  8597.04842590054
0.01315  8609.065392327648
0.01318  8615.316854352084
0.0132  8616.049730952442
0.01323  8611.483418090998
0.01325  8601.878405225534
0.01328  8587.464756081088
0.0133  8568.517772091032
0.01333  8545.258861452732
0.01335  8518.000726770837
0.01338  8486.973776789799
0.0134  8452.44003392094
0.01343  8414.66930520174
0.01345  8373.941458984631
0.01348  8330.51642509306
0.0135  8284.62203999221
0.01353  8236.546382476026
0.01355  8186.535345572446
0.01358  8134.813052712826
0.0136  8081.60662287531
0.01363  8027.135744295589
0.01365  7971.625409933893
0.0136799999999999  7915.253736012758
0.0137  7858.220389069519
0.01373  7800.667701985318
0.01375  7742.783322902496
0.01378  7684.713857301088
0.0138  7626.5677222569475
0.01383  7568.496514063875
0.01385  7510.596946160507
0.01388  7452.988644295039
0.0139  7395.746961440616
0.0139299999999999  7338.9538765446
0.01395  7282.679907562615
0.01398  7226.991859968339
0.014  7171.948559556883
0.01403  7117.599685140562
0.01405  7063.964537720562
0.01408  7011.090242032889
0.0141  6958.994066156143
0.01413  6907.692638779251
0.01415  6857.215931292713
0.0141799999999999  6807.551366919202
0.0142  6758.727880416501
0.01423  6710.718853048065
0.01425  6663.55256027104
0.01428  6617.2025348057
0.0143  6571.6697044044595
0.01433  6526.954894856063
0.01435  6483.032454865108
0.01438  6439.890459986027
0.0144  6397.530260255162
0.0144299999999999  6355.9272487153385
0.01445  6315.07025651859
0.01448  6274.935585488428
0.0145  6235.500093665006
0.01453  6196.766397263864
0.01455  6158.69941304031
0.01458  6121.289793638392
0.0146  6084.51600282554
0.01463  6048.344679586882
0.01465  6012.779928052318
0.01468  5977.7770685646
0.0147  5943.3287106316075
0.01473  5909.41557877377
0.01475  5876.018807395946
0.01478  5843.108037085325
0.0148  5810.677206435572
0.01483  5778.70860118945
0.01485  5747.16147757579
0.01488  5716.042477755588
0.0149  5685.346504661995
0.01493  5655.022513262232
0.01495  5625.0663038598
0.01498  5595.473739390822
0.015  5566.229417187952
0.01503  5537.318230559909
0.01505  5508.736571349555
0.01508  5480.469729409437
0.0151  5452.503272167843
0.01513  5424.845116854959
0.01515  5397.481031419211
0.01518  5370.4079772120795
0.0152  5343.612081409426
0.01523  5317.101367163874
0.01525  5290.851378946641
0.01528  5264.891692776032
0.0153  5239.1979797012345
0.01533  5213.778195602915
0.01535  5188.629566492169
0.01538  5163.770371443414
0.0154  5139.166234034086
0.01543  5114.835457611985
0.01545  5090.785625828532
0.01548  5067.013855218775
0.0155  5043.507039369469
0.01553  5020.293166147707
0.01555  4997.3691904519765
0.01558  4974.711865786862
0.0156  4952.338667068283
0.01563  4930.246681065843
0.01565  4908.453015815069
0.01568  4886.944637545102
0.0157  4865.708734785487
0.01573  4844.78200752391
0.01575  4824.131804802668
0.01578  4803.7651301272845
0.0158  4783.69860174004
0.01583  4763.919478212995
0.01585  4744.4152292463805
0.01588  4725.202376583857
0.0159  4706.278023319314
0.01593  4687.629783538887
0.01595  4669.273976348151
0.01598  4651.188811279773
0.016  4633.381126225328
0.01603  4615.857660601488
0.01605  4598.596985833083
0.01608  4581.615293842683
0.0161  4564.891388479001
0.01613  4548.432158008019
0.01615  4532.23517697758
0.01618  4516.2888731209
0.0162  4500.600162608393
0.01623  4485.15762093664
0.01625  4469.959085807492
0.01628  4455.002433526443
0.0163  4440.28557850941
0.01633  4425.797466283261
0.01635  4411.545150548832
0.01638  4397.508757848723
0.0164  4383.695438262394
0.01643  4370.112261595513
0.01645  4356.73075760423
0.01648  4343.558169050388
0.0165  4330.601659934728
0.01653  4317.8419589290015
0.01655  4305.286313997936
0.01658  4292.933162240612
0.0166  4280.7635459650055
0.01663  4268.784791023568
0.01665  4257.004149984355
0.0166799999999999  4245.394248113576
0.0167  4233.97109698897
0.01673  4222.733358366957
0.01675  4211.671147160502
0.01678  4200.774690544324
0.0168  4190.05990453189
0.01683  4179.5000258112805
0.01685  4169.102504226568
0.01688  4158.883186255906
0.0169  4148.815558700261
0.0169299999999999  4138.898640459943
0.01695  4129.148272196274
0.01698  4119.538237824265
0.017  4110.0927558496405
0.01703  4100.777415685469
0.01705  4091.6080828757467
0.01708  4082.583871777202
0.0171  4073.703911988403
0.01713  4064.9508038099857
0.01715  4056.340321329786
0.0171799999999999  4047.8551624921492
0.0172  4039.4946166552277
0.01723  4031.257984534132
0.01725  4023.1527652192876
0.01728  4015.1618913563743
0.0173  4007.2847459381146
0.01733  3999.5288605399683
0.01735  3991.8854669937245
0.01738  3984.345869207423
0.0174  3976.9257199765866
0.0174299999999999  3969.600170101765
0.01745  3962.37681088775
0.01748  3955.2551332818402
0.0175  3948.2266013169674
0.01753  3941.3068047641164
0.01755  3934.4711953347446
0.01758  3927.7353627114294
0.0176  3921.074896507806
0.01763  3914.513350293166
0.01765  3908.042312133943
0.0176799999999999  3901.6454895104443
0.0177  3895.3304798294434
0.01773  3889.0969195386183
0.01775  3882.944450142448
0.01778  3876.8648287320193
0.0178  3870.865620659543
0.01783  3864.9386167412104
0.01785  3859.0835135819825
0.01788  3853.292170292512
0.0179  3847.5799859495164
0.0179299999999999  3841.9309974154967
0.01795  3836.352758061712
0.01798  3830.8371878981725
0.018  3825.3840397977256
0.01803  3819.993069652485
0.01805  3814.6717992126037
0.01808  3809.412206075074
0.0181  3804.1985723215635
0.01813  3799.0539222022903
0.01815  3793.962553553942
0.0181799999999999  3788.931981198077
0.0182  3783.946580585892
0.01823  3779.0215714964174
0.01825  3774.1567351035146
0.01828  3769.3441848032567
0.0183  3764.576075547787
0.01833  3759.8675567953705
0.01835  3755.2031362275284
0.01838  3750.58266427423
0.0184  3746.0212391816144
0.0184299999999999  3741.511045270048
0.01845  3737.0367009984548
0.01848  3732.61328241668
0.0185  3728.233034319259
0.01853  3723.90339510231
0.01855  3719.609061469191
0.01858  3715.36504435447
0.0186  3711.1636305340335
0.01863  3706.9971426258153
0.01865  3702.880544334356
0.01868  3698.79862562921
0.0187  3694.766319546893
0.01873  3690.768452112259
0.01875  3686.8049210110785
0.01878  3682.8831195444764
0.0188  3679.002923556276
0.01883  3675.1567313320515
0.01885  3671.344444739167
0.01888  3667.573430086533
0.0189  3663.828656452659
0.01893  3660.124948036761
0.01895  3656.4547470933862
0.01898  3652.8253938011476
0.019  3649.214495249245
0.01903  3645.65167933005
0.01905  3642.11457693762
0.01908  3638.6105245290923
0.0191  3635.139433288493
0.01913  3631.6938247776234
0.01915  3628.2810163430145
0.01918  3624.893544953536
0.0192  3621.546085289192
0.01923  3618.2164430099187
0.01925  3614.9266437254
0.01928  3611.6618847832247
0.0193  3608.414760584919
0.01933  3605.207238600902
0.01935  3602.024558099839
0.01938  3598.8666583081094
0.0194  3595.733478959222
0.01943  3592.6249602918965
0.01945  3589.5483477789244
0.01948  3586.496265496181
0.0195  3583.468655336134
0.01953  3580.4581734414205
0.01955  3577.4793412532817
0.01958  3574.524809792002
0.0196  3571.594522928271
0.01963  3568.6811627420034
0.01965  3565.7919481073936
0.01968  3562.926824212962
0.0197  3560.092981521569
0.01973  3557.2686318232536
0.01975  3554.4682227670114
0.01978  3551.6917013262387
0.0198  3548.9390149532455
0.01983  3546.202895040152
0.01985  3543.490517554319
0.01988  3540.794625698722
0.0199  3538.122385073725
0.01993  3535.4737452138447
0.01995  3532.8414667767315
0.01998  3530.225516161923
0.02  3527.625859993197
0.02003  3525.0568120842327
0.02005  3522.4968034048784
0.02008  3519.967306331382
0.0201  3517.4467836881545
0.02013  3514.942371701654
0.02015  3512.461186380809
0.02018  3509.996038188949
0.0202  3507.5468958114207
0.02023  3505.113728150848
0.02025  3502.7036323282437
0.02028  3500.309439918191
0.0203  3497.931120568154
0.02033  3495.568644140027
0.02035  3493.2219807094966
0.02038  3490.8911005654113
0.0204  3488.5830734755873
0.02043  3486.283666941169
0.02045  3483.9999558644145
0.02048  3481.738996719279
0.0205  3479.4865855899325
0.02053  3477.2568602028896
0.02055  3475.0285636689778
0.02058  3472.8299638216786
0.0206  3470.6398177483156
0.02063  3468.4651695328967
0.02065  3466.3059917685637
0.0206799999999999  3464.1622572544106
0.0207  3462.0268937559736
0.02073  3459.91396926024
0.02075  3457.802334312525
0.02078  3455.7201176012
0.0208  3453.639154757509
0.02083  3451.580516882205
0.02085  3449.5301259090666
0.02088  3447.494984248611
0.0209  3445.4750663428867
0.0209299999999999  3443.4633393727613
0.02095  3441.473797154255
0.02098  3439.485404440723
0.021  3437.5121512279884
0.02103  3435.561004139227
0.02105  3433.610964530176
0.02108  3431.682982153829
0.0211  3429.7560823451013
0.02113  3427.851191484699
0.02115  3425.954330420026
0.0211799999999999  3424.072454976877
0.0212  3422.1985774211935
0.02123  3420.3396461424545
0.02125  3418.4886812557347
0.02128  3416.645670918505
0.0213  3414.8245016645196
0.02133  3413.00430314551
0.02135  3411.2059002133233
0.02138  3409.415383067756
0.0214  3407.63274028411
0.0214299999999999  3405.864891426664
0.02145  3404.0979597131195
0.02148  3402.352715988366
0.0215  3400.6083670309486
0.02153  3398.8856625365083
0.02155  3397.1638307420244
0.02158  3395.463600468134
0.0216  3393.7642211343577
0.02163  3392.0794980640844
0.02165  3390.4025107883763
0.0216799999999999  3388.7332486591235
0.0217  3387.0717010806165
0.02173  3385.431636201939
0.02175  3383.792365464349
0.02178  3382.167653891418
0.0218  3380.5437224159073
0.02183  3378.941199056937
0.02185  3377.339435363076
0.02188  3375.745300615776
0.0219  3374.1656511544775
0.0219299999999999  3372.6004673455423
0.02195  3371.0291495247084
0.02198  3369.4791344195796
0.022  3367.936685769744
0.02203  3366.4017938351585
0.02205  3364.8676014069683
0.02208  3363.347796977749
0.0221  3361.8355203313567
0.02213  3360.337600216345
0.02215  3358.847182777732
0.0221799999999999  3357.357426387026
0.0222  3355.8819891765925
0.02223  3354.4140265998963
0.02225  3352.9535294139973
0.02228  3351.500488425555
0.0223  3350.0548944907337
0.02233  3348.623552963916
0.02235  3347.1928229908285
0.02238  3345.7695129510184
0.0224  3344.353613897693
0.0224299999999999  3342.9451169330896
0.02245  3341.557613333792
0.02248  3340.1638883765413
0.0225  3338.7775391379937
0.02253  3337.4053485353074
0.02255  3336.0337218836576
0.02258  3334.6762310694794
0.0226  3333.319292642197
0.02263  3331.9764675072206
0.02265  3330.6341833283263
0.02268  3329.299215011374
0.0227  3327.971554191812
0.02273  3326.657962301873
0.02275  3325.33812182631
0.02278  3324.0390982101067
0.0228  3322.740582049774
0.02283  3321.4493322963517
0.02285  3320.158584335316
0.02288  3318.8818458067967
0.0229  3317.61234957815
0.02293  3316.343338940961
0.02295  3315.0815599003445
0.02298  3313.8337482219576
0.023  3312.5864062255255
0.02303  3311.3462723238026
0.02305  3310.1133387718837
0.02308  3308.8875978717024
0.0231  3307.662310865572
0.02313  3306.4442061992577
0.02315  3305.233276270953
0.02318  3304.029513525438
0.0232  3302.8329104540003
0.02323  3301.6367407500315
0.02325  3300.4544370922385
0.02328  3299.265842793389
0.0233  3298.091099760477
0.02333  3296.9234842480355
0.02335  3295.76298898136
0.02338  3294.602902201346
0.0234  3293.449925934688
0.02343  3292.2973531625685
0.02345  3291.158578745329
0.02348  3290.020198219357
0.0235  3288.8889043372105
0.02353  3287.7579994574935
0.02355  3286.6408600608993
0.02358  3285.5241002544194
0.0236  3284.414403692266
0.02363  3283.3050819337736
0.02365  3282.202814134961
0.02368  3281.107593442194
0.0237  3280.0127382077585
0.02373  3278.9249209218046
0.02375  3277.8441348235033
0.02378  3276.770373197179
0.0238  3275.6969633154717
0.02383  3274.630568936248
0.02385  3273.564521718861
0.02388  3272.5121406609182
0.0239  3271.4534404998203
0.02393  3270.408393390354
0.02395  3269.363680115215
0.02398  3268.325951610958
0.024  3267.288552492035
0.02403  3266.258129489074
0.02405  3265.2280314563577
0.0240799999999999  3264.211543618633
0.0240999999999999  3263.1953722205303
0.0241300000000001  3262.172878628338
0.0241500000000001  3261.163978349183
0.0241800000000001  3260.1620245247154
0.0242  3259.160378538639
0.02423  3258.1656706633953
0.02425  3257.177894733596
0.02428  3256.183791919787
0.0243  3255.1966168348554
0.0243299999999999  3254.216363361324
0.0243499999999999  3253.2430254258147
0.0243800000000001  3252.263360246937
0.0244000000000001  3251.297222845485
0.0244300000000001  3250.337986888453
0.02445  3249.3724214502795
0.02448  3248.4137533708
0.0245  3247.4619767138624
0.02453  3246.510478924973
0.02455  3245.5658646488437
0.0245799999999999  3244.6215252204743
0.0245999999999999  3243.6774605598935
0.0246300000000001  3242.7534675564407
0.0246500000000001  3241.8165435279843
0.0246800000000001  3240.886485407503
0.0247  3239.9632874404083
0.02473  3239.040352455213
0.02475  3238.124269959779
0.02478  3237.2084465556336
0.0248  3236.2994680388006
0.0248299999999999  3235.39074475482
0.0248499999999999  3234.488858816737
0.0248800000000001  3233.5806439352627
0.0249000000000001  3232.6858410899736
0.0249300000000001  3231.791285856301
0.02495  3230.8969781657265
0.02498  3230.0160641015236
0.025  3229.128818930863
0.02503  3225.9958374297325
0.02505  3225.017814406982
0.0250799999999999  3224.0991367848214
0.0250999999999999  3223.206957680985
0.0251300000000001  3222.3215828870248
0.0251500000000001  3221.449562580639
0.0251800000000001  3220.577778259209
0.0252  3219.7193341029993
0.02523  3218.8676691604446
0.02525  3218.016229496276
0.02528  3217.1650150509035
0.0253  3216.3271162025685
0.0253299999999999  3215.4763485534613
0.0253499999999999  3214.6454313154704
0.0253800000000001  3213.808188683493
0.0254000000000001  3212.9842409406197
0.0254300000000001  3212.153967692803
0.02545  3211.3304440547827
0.02548  3210.5136649447945
0.0255  3209.6970935767763
0.02553  3208.8872599833517
0.02555  3208.0711022798946
0.0255799999999999  3207.268205728445
0.0255999999999999  3206.4589849638683
0.0256300000000001  3205.656491883349
0.0256500000000001  3204.854199645924
0.0256800000000001  3204.052108201327
0.0257  3203.2632547672597
0.02573  3202.468078517111
0.02575  3201.679615078964
0.02578  3200.891345764406
0.0258  3200.1097827489352
0.0258299999999999  3199.3284105680427
0.0258499999999999  3198.54722917513
0.0258800000000001  3197.7727459910393
0.0259000000000001  3196.9984503371484
0.0259300000000001  3196.224342168049
0.02595  3195.456924193074
0.02598  3194.6896904762357
0.026  3193.9226409732973
0.02603  3193.155775640026
0.02605  3192.3955909571173
0.0260799999999999  3191.6420822405403
0.0260999999999999  3190.8822579179205
0.0261300000000001  3190.122614484318
0.0261500000000001  3189.3761326440954
0.0261800000000001  3188.623336617438
0.0262  3187.8772056050157
0.02623  3187.124763373669
0.02625  3186.385467318479
0.02628  3185.6463427528606
0.0263  3184.900908350608
0.0263299999999999  3184.1621281482226
0.0263499999999999  3183.4299975956806
0.0263800000000001  3182.6980353810327
0.0264000000000001  3181.9662414655722
0.0264300000000001  3181.234615810603
0.02645  3180.5031583774376
0.02648  3179.7783399762043
0.0265  3179.0536867569213
0.02653  3178.3291986819454
0.02655  3177.6048757136396
0.0265799999999999  3176.887182779682
0.0265999999999999  3176.1696519436464
0.0266300000000001  3175.452283168921
0.0266500000000001  3174.7415370178187
0.0266800000000001  3174.024490796725
0.0267  3173.3140642214944
0.02673  3172.6102529193654
0.02675  3171.9001428861698
0.02678  3171.1901917934742
0.0268  3170.4868515463345
0.0268299999999999  3169.7836672934645
0.0268499999999999  3169.08708809238
0.0268800000000001  3168.390661968803
0.0269000000000001  3167.6879426311257
0.0269300000000001  3166.991823978256
0.02695  3166.2958583016857
0.02698  3165.600045567797
0.027  3164.9108263364005
0.02703  3164.215317971694
0.02705  3163.5328380144956
0.0270799999999999  3162.8440688586547
0.0270999999999999  3162.1618846619986
0.0271300000000001  3161.479847603573
0.0271500000000001  3160.7915254279105
0.0271800000000001  3160.1097839380905
0.0272  3159.4281894910146
0.02723  3158.7467420549674
0.02725  3158.071868274381
0.02728  3157.3971386821872
0.0273  3156.7225532475823
0.0273299999999999  3156.048111939765
0.0273499999999999  3155.3802359266106
0.0273800000000001  3154.7125012479205
0.0274000000000001  3154.0384893925107
0.0274300000000001  3153.3710386512935
0.02745  3152.703729154546
0.02748  3152.036560872377
0.0275  3151.375946824843
0.02753  3150.7154712309457
0.02755  3150.0487236995787
0.0275799999999999  3149.39493528799
0.0275999999999999  3148.728467205558
0.0276300000000001  3148.0685464790263
0.0276500000000001  3147.4151690505787
0.0276800000000001  3146.7619272297447
0.0277  3146.102418657041
0.02773  3145.4494492958006
0.02775  3144.7966154574806
0.02778  3144.1503154597326
0.0278  3143.4913542370955
0.0278299999999999  3142.8453224889126
0.0278499999999999  3142.20581789808
0.0278800000000001  3141.5536572711317
0.0279000000000001  3140.9080237469666
0.0279300000000001  3140.2625229095843
0.02795  3139.6171547317163
0.02798  3138.978307006841
0.028  3138.333202753429
0.02803  3137.694616286459
0.02805  3137.0561597587434
0.0280799999999999  3136.4178331438416
0.0280999999999999  3135.773255103871
0.0281300000000001  3135.1415695467476
0.0281500000000001  3134.503632511703
0.0281800000000001  3133.872202713587
0.0282  3133.234523968669
0.02823  3132.6033498260076
0.02825  3131.9723028301637
0.02828  3131.335010675922
0.0283  3130.7042191805426
0.0283299999999999  3130.0735547548984
0.0283499999999999  3129.4493858027804
0.0283800000000001  3128.8189741569313
0.0284000000000001  3128.1950553811253
0.0284300000000001  3127.564896413753
0.02845  3126.9475910522206
0.02848  3126.324045449508
0.0285  3125.7006241882195
0.02853  3125.0773272435617
0.02855  3124.454154590743
0.0285799999999999  3123.83110620498
0.0285999999999999  3123.208182061491
0.0286300000000001  3122.585382135501
0.0286500000000001  3121.97541282902
0.0286800000000001  3121.35285872993
0.0287  3120.7367794737856
0.02873  3120.1144723709635
0.02875  3119.5049857347467
0.02878  3118.889271203857
0.0288  3118.2736782000643
0.0288299999999999  3117.664551146632
0.0288499999999999  3117.0491998728376
0.0288800000000001  3116.433970054442
0.0289000000000001  3115.8252023716477
0.0289300000000001  3115.2102141406353
0.02895  3114.6080237349015
0.02898  3113.993275745394
0.029  3113.384984830545
0.02903  3112.776812739921
0.02905  3112.1687594503096
0.0290799999999999  3111.5608249385054
0.0290999999999999  3110.953009181306
0.0291300000000001  3110.3516417209935
0.0291500000000001  3109.7503905089247
0.0291800000000001  3109.142928404003
0.0292  3108.541910844084
0.02923  3107.9346848049263
0.02925  3107.333900806356
0.02928  3106.7332329432434
0.0293  3106.1263602132412
0.0293299999999999  3105.5259257755824
0.0293499999999999  3104.931925942166
0.0293800000000001  3104.32540508148
0.0294000000000001  3103.731634873934
0.0294300000000001  3103.131663352266
0.02945  3102.538121473965
0.02948  3101.93206822171
0.0295  3101.3387557922433
0.02953  3100.745556846771
0.02955  3100.1461625534166
0.0295799999999999  3099.5531917175153
0.0295999999999999  3098.9540279160997
0.0296300000000001  3098.36128510205
0.0296500000000001  3097.7686556630442
0.0296800000000001  3097.1761395773933
0.0297  3096.583736823419
0.02973  3095.991447379443
0.02975  3095.3992712237914
0.02978  3094.807208334797
0.0298  3094.215258690793
0.0298299999999999  3093.623422270121
0.0298499999999999  3093.037993383329
0.0298800000000001  3092.446382140426
0.0299000000000001  3091.8548840561257
0.0299300000000001  3091.2697898426986
0.02995  3090.6785168074384
0.02998  3090.087356866094
0.03  3089.502597134708
0.03003  3088.9116621137487
0.03005  3088.3271248676415
0.0300799999999999  3087.736414681492
0.0300999999999999  3087.158382203211
0.0301300000000001  3086.574176743028
0.0301500000000001  3085.983801846591
0.0301800000000001  3085.399818660802
0.0302  3084.8159459864023
0.03023  3084.232183802481
0.03025  3083.6485320881284
0.03028  3083.0649908224395
0.0303  3082.4815599845138
0.0303299999999999  3081.904511229024
0.0303499999999999  3081.315029508367
0.0303800000000001  3080.731929828362
0.0304000000000001  3080.1552086082966
0.0304300000000001  3079.572328409647
0.03045  3078.9895585136614
0.03048  3078.4131634701453
0.0305  3077.8306129313823
0.03053  3077.2481726328997
0.03055  3076.672103581457
0.0305799999999999  3076.089882516134
0.0305999999999999  3075.5140302996856
0.0306300000000001  3074.9320283850025
0.0306500000000001  3074.3563929219295
0.0306800000000001  3073.7746100753966
0.0307  3073.1991912841136
0.03073  3072.6176274232735
0.03075  3072.0424252222233
0.03078  3071.4610802646484
0.0308  3070.8923438381157
0.0308299999999999  3070.311216518815
0.0308499999999999  3069.736446084027
0.0308800000000001  3069.155537503676
0.0309000000000001  3068.5809834150773
0.0309300000000001  3068.0065368845335
0.03095  3067.432197891909
0.03098  3066.8579664170743
0.031  3066.2838424399
0.03103  3065.703587220876
0.03105  3065.1296793465617
0.0310799999999999  3064.562115293125
0.0310999999999999  3063.9821858890655
0.0311300000000001  3063.4086002656636
0.0311500000000001  3062.8351220190175
0.0311800000000001  3062.2555194264714
0.0312  3061.6884875755923
0.03123  3061.1153313386217
0.03125  3060.542282398024
0.03128  3059.9693407337145
0.0313  3059.3902804538284
0.0313299999999999  3058.823779153632
0.0313499999999999  3058.2511591977063
0.0313800000000001  3057.67864643776
0.0314000000000001  3057.1062408537273
0.0314300000000001  3056.5339424255435
0.03145  3055.9617511331494
0.03148  3055.389666956489
0.0315  3054.817689875509
0.03153  3054.2458198701624
0.03155  3053.674056920403
0.0315799999999999  3053.1024010061906
0.0315999999999999  3052.530852107487
0.0316300000000001  3051.9594102042597
0.0316500000000001  3051.3880752764776
0.0316800000000001  3050.816847304115
0.0317  3050.24572626715
0.03173  3049.6747121455646
0.03175  3049.1038049193426
0.03178  3048.533004568473
0.0318  3047.962311072949
0.0318299999999999  3047.397925867438
0.0318499999999999  3046.8274448616694
0.0318800000000001  3046.257070651464
0.0319000000000001  3045.6868032168295
0.0319300000000001  3045.1104457255183
0.03195  3044.5403929421227
0.03198  3043.970446874126
0.032  3043.4068008342824
0.03203  3042.837066977747
0.03205  3042.261248762775
0.0320799999999999  3041.6917293566366
0.0320999999999999  3041.1223165660485
0.0321300000000001  3040.5530103710507
0.0321500000000001  3039.983810751689
0.0321800000000001  3039.414717688011
0.0322  3038.839547109115
0.03223  3038.276851147921
0.03225  3037.701895895796
0.03228  3037.133230012655
0.0323  3036.564670585281
0.0323299999999999  3035.9962175937467
0.0323499999999999  3035.4216939225157
0.0323800000000001  3034.8596308384954
0.0324000000000001  3034.285322251853
0.0324300000000001  3033.717295960395
0.03245  3033.1493760049707
0.03248  3032.575391062304
0.0325  3032.0138550226043
0.03253  3031.440084962841
0.03255  3030.8725913073786
0.0325799999999999  3030.2990372172585
0.0325999999999999  3029.7255916649556
0.0326300000000001  3029.158418967204
0.0326500000000001  3028.5913524456914
0.0326800000000001  3028.0243920805424
0.0327  3027.4513769759014
0.03273  3026.884630017195
0.03275  3026.317989155029
0.03278  3025.7452969654382
0.0328  3025.172713150562
0.0328299999999999  3024.6002376898887
0.0328499999999999  3024.0340244720487
0.0328800000000001  3023.4617644937266
0.0329000000000001  3022.8896128083265
0.0329300000000001  3022.323719824019
0.03295  3021.7517834990995
0.03298  3021.179955405855
0.033  3020.6143824739647
0.03303  3020.03662383247
0.03305  3019.471264935295
0.0330799999999999  3018.899868401184
0.0330999999999999  3018.3285799965997
0.0331300000000001  3017.7573997010804
0.0331500000000001  3017.186327494168
0.0331800000000001  3016.6215021800567
0.0332  3016.044507264348
0.03323  3015.4737592005436
0.03325  3014.9031191435506
0.03328  3014.332587072932
0.0333  3013.762162968251
0.0333299999999999  3013.1857149637763
0.0333499999999999  3012.6155078900547
0.0333800000000001  3012.0454087207704
0.0334000000000001  3011.4754174355044
0.0334300000000001  3010.8994068211837
0.03345  3010.329632402201
0.03348  3009.7599658057798
0.0335  3009.1781596192363
0.03353  3008.6087109243954
0.03355  3008.033248630467
0.0335799999999999  3007.4640165954684
0.0335999999999999  3006.8887732493945
0.0336300000000001  3006.3136399312066
0.0336500000000001  3005.7447333102837
0.0336800000000001  3005.169818814785
0.0337  3004.5950142842707
0.03373  3004.02031969771
0.03375  3003.4457350340726
0.03378  3002.871260272333
0.0338  3002.2968953914715
0.0338299999999999  3001.7226403704694
0.0338499999999999  3001.148495188315
0.0338800000000001  3000.5683536550787
0.0339000000000001  2999.994429255533
0.0339300000000001  2999.420614631596
0.03395  2998.84690976227
0.03398  2998.273314626562
0.034  2997.6937288844383
0.03403  2997.1142551800094
0.03405  2996.5409914524294
0.0340799999999999  2995.9617405796475
0.0340999999999999  2995.382601679829
0.0341300000000001  2994.809669168898
0.0341500000000001  2994.2307529719797
0.0341800000000001  2993.6519486833295
0.0342  2993.0732562813146
0.03423  2992.4946757443063
0.03425  2991.9222956124463
0.03428  2991.3439375636253
0.0343  2990.7596051071027
0.0343299999999999  2990.1814718139226
0.0343499999999999  2989.609534132965
0.0343800000000001  2989.0255404767413
0.0344000000000001  2988.4416608984875
0.0344300000000001  2987.870055994464
0.03445  2987.286402129837
0.03448  2986.7028622768053
0.0345  2986.125513178413
0.03453  2985.542200094722
0.03455  2984.9590009560584
0.0345799999999999  2984.3819889574065
0.0345999999999999  2983.79901645568
0.0346300000000001  2983.2222286895794
0.0346500000000001  2982.633413065473
0.0346800000000001  2982.0507821325086
0.0347  2981.4682650113186
0.03473  2980.885861679673
0.03475  2980.303572115342
0.03478  2979.715332563168
0.0348  2979.1393341997373
0.0348299999999999  2978.5513244398558
0.0348499999999999  2977.9694909066307
0.0348800000000001  2977.381712045406
0.0349000000000001  2976.800106985568
0.0349300000000001  2976.2065023398823
0.03495  2975.625126846817
0.03498  2975.0378107061288
0.035  2974.450610487384
0.03503  2973.869577992189
0.03505  2973.2765577242117
0.0350799999999999  2972.6897051340356
0.0350999999999999  2972.0969201448756
0.0351300000000001  2971.510300386512
0.0351500000000001  2970.9237964126446
0.0351800000000001  2970.3313635638983
0.0352  2969.745092283529
0.03523  2969.158936718875
0.03525  2968.5668558013544
0.03528  2967.9748929508773
0.0353  2967.3890867805835
0.0353299999999999  2966.7913213568772
0.0353499999999999  2966.1997125662815
0.0353800000000001  2965.6142567734887
0.0354000000000001  2965.022882701711
0.0354300000000001  2964.4255939377695
0.03545  2963.8344568976236
0.03548  2963.2434377362983
0.0355  2962.646507432486
0.03553  2962.0496973772442
0.03555  2961.4590341153776
0.0355799999999999  2960.862463270589
0.0355999999999999  2960.2720367554484
0.0356300000000001  2959.675705025235
0.0356500000000001  2959.0794934230125
0.0356800000000001  2958.4773814109644
0.0357  2957.8814112049326
0.03573  2957.2855610540646
0.03575  2956.6898309341755
0.03578  2956.0942208210868
0.0358  2955.492716250811
0.0358299999999999  2954.8973472903804
0.0358499999999999  2954.2960862593304
0.0358800000000001  2953.7009583539198
0.0359000000000001  2953.09994076349
0.0359300000000001  2952.49904546782
0.03595  2951.898272442022
0.03598  2951.2976216612196
0.036  2950.6970931005367
0.03603  2950.096686735104
0.03605  2949.490400314984
0.0360799999999999  2948.890239486794
0.0360999999999999  2948.2842010085756
0.0361300000000001  2947.6842856172157
0.0361500000000001  2947.0784949795034
0.0361800000000001  2946.4728288402985
0.0362  2945.867287174016
0.03623  2945.261869955075
0.03625  2944.656577157899
0.03628  2944.045417612407
0.0363  2943.440374813321
0.0363299999999999  2942.829467689003
0.0363499999999999  2942.2306622240453
0.0363800000000001  2941.6200061739623
0.0364000000000001  2941.0094768647273
0.0364300000000001  2940.399074270037
0.03645  2939.7887983635924
0.03648  2939.1786491190956
0.0365  2938.568626510263
0.03653  2937.958730510808
0.03655  2937.3489610944553
0.0365799999999999  2936.733341970522
0.0365999999999999  2936.1238268819266
0.0366300000000001  2935.5084645255965
0.0366500000000001  2934.893231138906
0.0366800000000001  2934.278126694824
0.0367  2933.6691211828843
0.03673  2933.0542732917374
0.03675  2932.433586748019
0.03678  2931.824964067885
0.0368  2931.204537667901
0.0368299999999999  2930.5842425611963
0.0368499999999999  2929.97004120892
0.0368800000000001  2929.3500073436617
0.0369000000000001  2928.7301046886187
0.0369300000000001  2928.1162919325707
0.03695  2927.490692898111
0.03698  2926.8711837071314
0.037  2926.2518056153344
0.03703  2925.6266049328256
0.03705  2925.0074902160727
0.0370799999999999  2924.3825553845195
0.0370999999999999  2923.763703930817
0.0371300000000001  2923.139034837171
0.0371500000000001  2922.514499205569
0.0371800000000001  2921.890097007494
0.0372  2921.259883438583
0.03723  2920.6357492921625
0.03725  2920.011748493491
0.03728  2919.3819400598463
0.0373  2918.7582071405095
0.0373299999999999  2918.1227306876394
0.0373499999999999  2917.499266801392
0.0373800000000001  2916.864064446917
0.0374000000000001  2916.2349349276506
0.0374300000000001  2915.6000078454244
0.03745  2914.9711509666727
0.03748  2914.3424297241436
0.0375  2913.7079146810147
0.03753  2913.0794659020703
0.03755  2912.439299007404
0.0375799999999999  2911.8051983167734
0.0375999999999999  2911.1712356835046
0.0376300000000001  2910.5314881340128
0.0376500000000001  2909.8978028148517
0.0376800000000001  2909.264255462617
0.0377  2908.619007931981
0.03773  2907.985739000904
0.03775  2907.346691483643
0.03778  2906.7018692507145
0.0378  2906.063103871624
0.0378299999999999  2905.424478865103
0.0378499999999999  2904.785994200303
0.0378800000000001  2904.1358299776825
0.0379000000000001  2903.4976285012976
0.0379300000000001  2902.8536599544454
0.03795  2902.2098342337777
0.03798  2901.566151307617
0.038  2900.916707766885
0.03803  2900.267409587962
0.03805  2899.624157473373
0.0380799999999999  2898.975148599743
0.0380999999999999  2898.326284990634
0.0381300000000001  2897.677566613533
0.0381500000000001  2897.0230979820362
0.0381800000000001  2896.3746712909915
0.0382  2895.726389734162
0.03823  2895.0723617949207
0.03825  2894.4184815742433
0.03828  2893.7647490387667
0.0383  2893.111164155135
0.0383299999999999  2892.457726889999
0.0383499999999999  2891.8044372100194
0.0383800000000001  2891.145411589077
0.0384000000000001  2890.4924183082567
0.0384300000000001  2889.833691688887
0.03845  2889.175115189529
0.03848  2888.5166887759733
0.0385  2887.8525356222494
0.03853  2887.1944106169794
0.03855  2886.5305614930744
0.0385799999999999  2885.8668650071972
0.0385999999999999  2885.2033211242515
0.0386300000000001  2884.539929809149
0.0386500000000001  2883.8766910268105
0.0386800000000001  2883.2077374025816
0.0387  2882.5448049296347
0.03873  2881.876160254132
0.03875  2881.207670679671
0.03878  2880.5393361702745
0.0388  2879.8711566899733
0.0388299999999999  2879.1972730245325
0.0388499999999999  2878.5352626728163
0.0388800000000001  2877.861691603707
0.0389000000000001  2877.1882781487825
0.0389300000000001  2876.5150222711586
0.03895  2875.8360715957515
0.03898  2875.163132131557
0.039  2874.490350133752
0.03903  2873.817725565489
0.03905  2873.1394115394332
0.0390799999999999  2872.455412158891
0.0390999999999999  2871.777419682904
0.0391300000000001  2871.10542993454
0.0391500000000001  2870.4219147776853
0.0391800000000001  2869.7385623431605
0.0392  2869.0553725922287
0.03923  2868.37818263566
0.03925  2867.695316746103
0.03928  2867.006779053741
0.0393  2866.3242396499772
0.0393299999999999  2865.636031155161
0.0393499999999999  2864.9479879001765
0.0393800000000001  2864.2659386264313
0.0394000000000001  2863.5782243325953
0.0394300000000001  2862.8848491775107
0.03945  2862.197466485201
0.03948  2861.5044256611914
0.0395  2860.8115526472607
0.03953  2860.124667756374
0.03955  2859.4321288313968
0.0395799999999999  2858.7397575949703
0.0395999999999999  2858.041737879822
0.0396300000000001  2857.3438886004483
0.0396500000000001  2856.6520230019973
0.0396800000000001  2855.948701182568
0.0397  2855.25717340911
0.03973  2854.5541950085326
0.03975  2853.857197284
0.03978  2853.1545635644497
0.0398  2852.4579075885276
0.0398299999999999  2851.749815058422
0.0398499999999999  2851.053502080546
0.0398800000000001  2850.3457581792654
0.0399000000000001  2849.6439889933445
0.0399300000000001  2848.9365949887906
0.03995  2848.2293765873233
0.03998  2847.5223337453513
0.04  2846.815466419291
0.04003  2846.1087745655745
0.04005  2845.396467747148
0.0400799999999999  2844.6901281448554
0.0400999999999999  2843.9723888811513
0.0401300000000001  2843.260616744359
0.0401500000000001  2842.549022745574
0.0401800000000001  2841.8318237007843
0.0402  2841.1205872916444
0.04023  2840.4095288864337
0.04025  2839.687090879065
0.04028  2838.970613923775
0.0403  2838.254317741651
0.0403299999999999  2837.532427896943
0.0403499999999999  2836.8164945812596
0.0403800000000001  2836.09497043667
0.0404000000000001  2835.367859821389
0.0404300000000001  2834.64670412677
0.04045  2833.9257318529844
0.04048  2833.20494295338
0.0405  2832.472809181996
0.04053  2831.7466272069505
0.04055  2831.0206314085417
0.0405799999999999  2830.2948217390376
0.0405999999999999  2829.5634399775013
0.0406300000000001  2828.838003898928
0.0406500000000001  2828.106998596407
0.0406800000000001  2827.376182194328
0.0407  2826.6455546438797
0.04073  2825.9093651590974
0.04075  2825.173367412171
0.04078  2824.4433090951966
0.0408  2823.707693177204
0.0408299999999999  2822.972268847683
0.0408499999999999  2822.231292804469
0.0408800000000001  2821.49625299802
0.0409000000000001  2820.7556643806392
0.0409300000000001  2820.0152701535576
0.04095  2819.2750702657504
0.04098  2818.5293289474525
0.041  2817.7895190906947
0.04103  2817.044170723373
0.04105  2816.3047506921466
0.0410799999999999  2815.5597950687466
0.0410999999999999  2814.809308348987
0.0411300000000001  2814.0647482929276
0.0411500000000001  2813.3146600774908
0.0411800000000001  2812.570495378728
0.0412  2811.8208054560114
0.04123  2811.071315362946
0.04125  2810.3163060410457
0.04128  2809.567216971902
0.0413  2808.812611627054
0.0413299999999999  2808.0582089572763
0.0413499999999999  2807.3040089081296
0.0413800000000001  2806.5443000960213
0.0414000000000001  2805.7905066588655
0.0414300000000001  2805.031207428688
0.04145  2804.272113679041
0.04148  2803.5189305152408
0.0415  2802.7602460159255
0.04153  2801.9960647572875
0.04155  2801.2320918550354
0.0415799999999999  2800.474026216904
0.0415999999999999  2799.704770892469
0.0416300000000001  2798.9414227185835
0.0416500000000001  2798.183976978233
0.0416800000000001  2797.415350701794
0.0417  2796.6469355574154
0.04173  2795.878731487103
0.04175  2795.1050503826254
0.04178  2794.337269848961
0.0418  2793.5697002150437
0.0418299999999999  2792.796658070276
0.0418499999999999  2792.0238298432632
0.0418800000000001  2791.251215474809
0.0419000000000001  2790.4844935415804
0.0419300000000001  2789.7066280768768
0.04195  2788.9289794471656
0.04198  2788.151547592001
0.042  2787.3800047691675
0.04203  2786.597333963622
0.04205  2785.8205520696033
0.0420799999999999  2785.043986708524
0.0420999999999999  2784.2619718354795
0.0421300000000001  2783.4801765450566
0.0421500000000001  2782.698600775601
0.0421800000000001  2781.9172444654696
0.0422  2781.1304479411638
0.04223  2780.349531954003
0.04225  2779.5631788184264
0.04228  2778.7713932722027
0.0423  2777.991139686011
0.0423299999999999  2777.199801950391
0.0423499999999999  2776.4143396380846
0.0423800000000001  2775.6234510692598
0.0424000000000001  2774.832787792719
0.0424300000000001  2774.0423497442853
0.04245  2773.2521368598
0.04248  2772.462149075124
0.0425  2771.6667459729288
0.04253  2770.8772098022323
0.04255  2770.0766242924988
0.0425799999999999  2769.2875410833954
0.0425999999999999  2768.4874148743256
0.0426300000000001  2767.6931521000192
0.0426500000000001  2766.893486555432
0.0426800000000001  2766.099681069797
0.0427  2765.3004759244695
0.04273  2764.501501692319
0.04275  2763.697134171613
0.04278  2762.8986231906565
0.0428  2762.0947220482126
0.0428299999999999  2761.296674049853
0.0428499999999999  2760.4932390152617
0.0428800000000001  2759.6900377505012
0.0429000000000001  2758.8870701875526
0.0429300000000001  2758.078723556891
0.04295  2757.2706137696587
0.04298  2756.4683501694562
0.043  2755.660712217377
0.04303  2754.8533109010864
0.04305  2754.0461461512505
0.0430799999999999  2753.2336150568462
0.0430999999999999  2752.4269248736177
0.0431300000000001  2751.6148715009235
0.0431500000000001  2750.8030577097693
0.0431800000000001  2749.9914834294705
0.0432  2749.180148589363
0.04323  2748.363460187881
0.04325  2747.5526056663425
0.04328  2746.7419903726463
0.0433  2745.926026265473
0.0433299999999999  2745.104718254255
0.0433499999999999  2744.2948251651014
0.0433800000000001  2743.4795880279094
0.0434000000000001  2742.6645930700865
0.0434300000000001  2741.83868090239
0.04345  2741.0241734025526
0.04348  2740.2043315382703
0.0435  2739.3847348891477
0.04353  2738.5653833818405
0.04355  2737.740705629453
0.0435799999999999  2736.9218458522173
0.0435999999999999  2736.1032309964003
0.0436300000000001  2735.2792946841496
0.0436500000000001  2734.4611711163066
0.0436800000000001  2733.6377292856782
0.0437  2732.8089741446825
0.04373  2731.9860298483077
0.04375  2731.1577754519362
0.04378  2730.3353283891993
0.0438  2729.513128994017
0.0438299999999999  2728.685624305361
0.0438499999999999  2727.858370490755
0.0438800000000001  2727.0313674741396
0.0439000000000001  2726.2046151794816
0.0439300000000001  2725.37811353077
0.04395  2724.5463179890726
0.04398  2723.720319085221
0.044  2722.889029508557
0.04403  2722.0635330437585
0.04405  2721.2327491243595
0.0440799999999999  2720.4022187633036
0.0440999999999999  2719.5719418832055
0.0441300000000001  2718.7363857669934
0.0441500000000001  2717.906617305324
0.0441800000000001  2717.077102092077
0.0442  2716.2423124857005
0.04423  2715.4077793584984
0.04425  2714.5735026316684
0.04428  2713.739482226435
0.0443  2712.9057180640457
0.0443299999999999  2712.072210065773
0.0443499999999999  2711.238958152915
0.0443800000000001  2710.400446570754
0.0444000000000001  2709.567708287336
0.0444300000000001  2708.729713576757
0.04445  2707.8974886061696
0.04448  2707.060010448565
0.0445  2706.222791299903
0.04453  2705.3858310800783
0.04455  2704.5491297090125
0.0445799999999999  2703.7126871066503
0.0445999999999999  2702.8710028393743
0.0446300000000001  2702.0405778879417
0.0446500000000001  2701.199414159712
0.0446800000000001  2700.3640075321664
0.0447  2699.523365731764
0.04473  2698.6829856289096
0.04475  2697.848357263445
0.04478  2697.008498602192
0.0448  2696.1689013946893
0.0448299999999999  2695.324080563974
0.0448499999999999  2694.490491015391
0.0448800000000001  2693.651677680886
0.0449000000000001  2692.807645600101
0.0449300000000001  2691.9638779893503
0.04495  2691.131327658932
0.04498  2690.2880853076763
0.045  2689.4451071790013
0.04503  2688.6078645070234
0.04505  2687.7654128607696
0.0450799999999999  2686.9232251893345
0.0450999999999999  2686.0867675964823
0.0451300000000001  2685.2451059137898
0.0451500000000001  2684.398245196938
0.0451800000000001  2683.562573647642
0.0452  2682.7162435603705
0.04523  2681.875638001763
0.04525  2681.0352958395206
0.04528  2680.189762793938
0.0453  2679.355401374022
0.0453299999999999  2678.5103981261213
0.0453499999999999  2677.6656613716045
0.0453800000000001  2676.8266383685414
0.0454000000000001  2675.9824326307253
0.0454300000000001  2675.143937052594
0.04545  2674.300261997672
0.04548  2673.462293512925
0.0455  2672.6191488072996
0.04553  2671.7762700089193
0.04555  2670.9336570339233
0.0455799999999999  2670.096743445257
0.0455999999999999  2669.2492282187773
0.0456300000000001  2668.4128424310757
0.0456500000000001  2667.5712901989837
0.0456800000000001  2666.73000337191
0.0457  2665.883556782169
0.04573  2665.048225598034
0.04575  2664.2023128212622
0.04578  2663.362088487363
0.0458  2662.5221291396956
0.0458299999999999  2661.6824346946887
0.0458499999999999  2660.83759025338
0.0458800000000001  2659.998427070793
0.0459000000000001  2659.1649399403327
0.0459300000000001  2658.320894576863
0.04595  2657.482525098619
0.04598  2656.6390137503304
0.046  2655.8011746962175
0.04603  2654.9635998760778
0.04605  2654.120888059673
0.0460799999999999  2653.2838431608952
0.0460999999999999  2652.447062245634
0.0461300000000001  2651.605149203268
0.0461500000000001  2650.768897707077
0.0461800000000001  2649.927517330803
0.0462  2649.0864040170186
0.04623  2648.2509468715366
0.04625  2647.4157532088307
0.04628  2646.5808229458066
0.0463  2645.74077190606
0.0463299999999999  2644.900987506857
0.0463499999999999  2644.066850339508
0.0463800000000001  2643.2275972596367
0.0464000000000001  2642.3939878386996
0.0464300000000001  2641.5606413178107
0.04645  2640.722183733575
0.04648  2639.8839922841034
0.0465  2639.051437354504
0.04653  2638.219144992394
0.04655  2637.387115114966
0.0465799999999999  2636.5499822493985
0.0465999999999999  2635.7131150981177
0.0466300000000001  2634.8818755613056
0.0466500000000001  2634.0508981771395
0.0466800000000001  2633.2201828629436
0.0467  2632.3843726230607
0.04673  2631.5541828903174
0.04675  2630.7242549791376
0.04678  2629.8892369715563
0.0468  2629.0598341436516
0.0468299999999999  2628.23069288914
0.0468499999999999  2627.401813125528
0.0468800000000001  2626.573194770346
0.0469000000000001  2625.7448377411547
0.0469300000000001  2624.916741955537
0.04695  2624.0889073311027
0.04698  2623.261333785489
0.047  2622.4340212363572
0.04703  2621.6016346313045
0.04705  2620.774845510746
0.0470799999999999  2619.9483171392817
0.0470999999999999  2619.1220494346762
0.0471300000000001  2618.3013705579187
0.0471500000000001  2617.4756222600367
0.0471800000000001  2616.650134382998
0.0472  2615.8249068446735
0.04723  2615.00526109857
0.04725  2614.180552313101
0.04728  2613.3614218110397
0.0473  2612.5372314523297
0.0473299999999999  2611.7186158704176
0.0473499999999999  2610.8949436125754
0.0473800000000001  2610.0768426271247
0.0474000000000001  2609.258997986429
0.0474300000000001  2608.441409610163
0.04745  2607.6240774180305
0.04748  2606.8016964776025
0.0475  2605.98487807517
0.04753  2605.168315615605
0.04755  2604.352009018711
0.0475799999999999  2603.5359582043147
0.0475999999999999  2602.720163092271
0.0476300000000001  2601.904623602455
0.0476500000000001  2601.089339654771
0.0476800000000001  2600.279602738046
0.0477  2599.4701178979662
0.04773  2598.6555967812496
0.04775  2597.841330887567
0.04778  2597.0326050982053
0.0478  2596.2188477547033
0.0478299999999999  2595.415908726729
0.0478499999999999  2594.6026579608274
0.0478800000000001  2593.7949403925168
0.0479000000000001  2592.9874742722154
0.0479300000000001  2592.180259521644
0.04795  2591.37329606255
0.04798  2590.5665838167047
0.048  2589.7601227059035
0.04803  2588.9539126519676
0.04805  2588.1584873708803
0.0480799999999999  2587.3527759169874
0.0480999999999999  2586.547315286585
0.0481300000000001  2585.742105401591
0.0481500000000001  2584.9476669100613
0.0481800000000001  2584.1429550065563
0.0482  2583.3437507198173
0.04823  2582.544793604966
0.04825  2581.7460835855572
0.04828  2580.947620585174
0.0483  2580.149404527418
0.0483299999999999  2579.3566843266785
0.0483499999999999  2578.5589603017165
0.0483800000000001  2577.7614829908384
0.0484000000000001  2576.9694964505743
0.0484300000000001  2576.177753238751
0.04845  2575.3862532806074
0.04848  2574.589757200681
0.0485  2573.798745135424
0.04853  2573.0132121810043
0.04855  2572.2174500173714
0.0485799999999999  2571.427166815265
0.0485999999999999  2570.6423576753746
0.0486300000000001  2569.8525584016465
0.0486500000000001  2569.068229838103
0.0486800000000001  2568.278914196421
0.0487  2567.5002907779453
0.04873  2566.7114568668803
0.04875  2565.922865315648
0.04878  2565.144956178951
0.0488  2564.356845916415
0.0488299999999999  2563.5794115487824
0.0488499999999999  2562.796997573002
0.0488800000000001  2562.0200361035604
0.0489000000000001  2561.238098054968
0.0489300000000001  2560.4616091960615
0.04895  2559.6801467851596
0.04898  2558.9093376297196
0.049  2558.1283489778766
0.04903  2557.3580071229926
0.04905  2556.5774919429928
0.0490799999999999  2555.8076171053667
0.0490999999999999  2555.032774601774
0.0491300000000001  2554.263364932529
0.0491500000000001  2553.4941869594254
0.0491800000000001  2552.72004581692
0.0492  2551.951332591143
0.04923  2551.1776591947746
0.04925  2550.414600529139
0.04928  2549.6465815535157
0.0493  2548.8787938552487
0.0493299999999999  2548.116422781523
0.0493499999999999  2547.349095867542
0.0493800000000001  2546.5871823273415
0.0494000000000001  2545.825496675905
0.0494300000000001  2545.0588596398457
0.04945  2544.297631110581
0.04948  2543.541806372681
0.0495  2542.775857035589
0.04953  2542.020484365276
0.04955  2541.265336090625
0.0495799999999999  2540.5052422063773
0.0495999999999999  2539.7505440589016
0.0496300000000001  2538.9960701067102
0.0496500000000001  2538.2366549611884
0.0496800000000001  2537.482630734224
0.0497  2536.7339927559306
0.04973  2535.975254199009
0.04975  2535.227060944675
0.04978  2534.4790884311155
0.0498  2533.7313365932077
0.0498299999999999  2532.97865074389
0.0498499999999999  2532.23134158276
0.0498800000000001  2531.4842529015705
0.0499000000000001  2530.7425346962414
0.0499300000000001  2529.9907367188384
0.04995  2529.2494561098097
0.04998  2528.503247179553
