1e-08  59103.82678157181
2.99999999999727e-05  58565.398757652045
4.99999999999545e-05  57509.63605796291
8.00000000000409e-05  56476.7977098224
0.000100000000000023  55482.67796996621
0.000129999999999995  54530.67317391964
0.000149999999999977  53620.99211013941
0.00017999999999995  52753.05676877146
0.000200000000000045  51925.200360472394
0.000230000000000018  51135.84849436363
0.00025  50383.15484795545
0.000279999999999973  49665.021939150305
0.000299999999999955  48979.81702744809
0.000330000000000041  48325.76594280022
0.000350000000000023  47701.188783078076
0.000379999999999995  47104.26924469356
0.000399999999999977  46533.72540648291
0.00042999999999995  45988.011792573525
0.000450000000000045  45465.765977093106
0.000480000000000018  44965.797136912384
0.0005  44486.86434089793
0.000529999999999973  44027.88749327321
0.000549999999999954  43587.938150106216
0.000580000000000041  43165.8209448871
0.000600000000000023  42760.79674353708
0.000629999999999995  42371.855713064695
0.000649999999999977  41998.327612824476
0.00067999999999995  41639.47039408832
0.000700000000000045  41294.472699302816
0.000730000000000018  40962.74801579952
0.00075  40643.63532725411
0.000779999999999973  40336.59318030499
0.000799999999999955  40041.004369751
0.000830000000000041  39756.367139132744
0.000850000000000023  39482.19677637199
0.000879999999999995  39218.02461571005
0.000899999999999977  38963.48969136178
0.00092999999999995  38718.15091496155
0.000950000000000045  38481.48926130334
0.000980000000000018  38253.27331022859
0.001  38033.09854463491
0.00102999999999997  37820.75158164055
0.00104999999999995  37615.757674790715
0.00108000000000004  37417.83207723882
0.00110000000000002  37226.78626351556
0.00113  37042.34926948777
0.00114999999999998  36864.25717376162
0.00117999999999995  36692.25272079222
0.00120000000000005  36526.08496309327
0.00123000000000002  36365.595341721404
0.00125  36210.54341805389
0.00127999999999997  36060.77986364733
0.00129999999999995  35915.98838992994
0.00133000000000004  35776.114004516756
0.00135000000000002  35641.019018584324
0.00138  35510.400174522736
0.00139999999999998  35384.21194163795
0.00142999999999995  35262.32663717313
0.00145000000000005  35144.45228022376
0.00148000000000002  35030.63465940783
0.0015  34920.67089868955
0.00152999999999997  34814.3615150435
0.00154999999999995  34711.75769212527
0.00158000000000004  34612.58177983639
0.00160000000000002  34516.88812370901
0.00163  34424.40396012515
0.00164999999999998  34335.186480771525
0.00167999999999995  34249.04876862581
0.00170000000000005  34165.88759297511
0.00173000000000002  34085.60130157855
0.00175  34008.251378618865
0.00177999999999997  33933.57675205693
0.00179999999999995  33861.641026349374
0.00183000000000004  33792.26685567672
0.00185000000000002  33725.51925616997
0.00188  33661.14323411649
0.00189999999999998  33599.20554926293
0.00192999999999995  33539.613481005916
0.00195000000000005  33482.27537715013
0.00198000000000002  33427.10059530646
0.002  33374.158068927936
0.00202999999999997  33323.35828314535
0.00204999999999995  33274.53355417454
0.00208000000000004  33227.754385962544
0.00210000000000002  33182.93349125371
0.00213  33139.98436437793
0.00214999999999998  33098.89989058144
0.00217999999999995  33059.67326969459
0.00220000000000005  33022.21953930646
0.00223000000000002  32986.45438678178
0.00225  32952.45072437507
0.00227999999999997  32920.04671802834
0.00229999999999995  32889.237715922
0.00233000000000004  32860.09738751443
0.00235000000000002  32832.46529885059
0.00238  32806.33768734985
0.00239999999999998  32781.63309401046
0.00242999999999995  32758.50403041981
0.00245000000000005  32736.71379715567
0.00248000000000002  32716.33749144795
0.0025  32697.2947877221
0.00252999999999997  32679.583371543813
0.00254999999999995  32663.201091086663
0.00258000000000004  32648.145956696393
0.00260000000000002  32634.261034316187
0.00263  32621.622359339748
0.00264999999999998  32610.22848816928
0.00267999999999995  32600.000648131965
0.00270000000000005  32590.93774444518
0.00273000000000002  32583.03880721167
0.00275  32576.225576169803
0.00277999999999997  32570.49737098246
0.00279999999999995  32565.931010159995
0.00283000000000004  32562.29385882247
0.00285000000000002  32559.817732907624
0.00288  32558.270249828474
0.00289999999999998  32557.806019246716
0.00292999999999995  32558.270249828474
0.00295000000000005  32559.66298128996
0.00298000000000002  32562.061714018855
0.003  32565.3892810226
0.00302999999999997  32569.645967017776
0.00304999999999995  32574.832136247456
0.00308000000000004  32580.870806417344
0.00310000000000002  32587.76245130603
0.00313  32595.585072584912
0.00314999999999998  32604.184376728095
0.00317999999999995  32613.638481211154
0.00320000000000005  32623.948128248732
0.00323000000000002  32635.03657254817
0.00325  32646.904605925385
0.00327999999999997  32659.553076064483
0.00329999999999995  32672.9828866186
0.00333000000000004  32687.11731871453
0.00335000000000002  32702.112709843666
0.00338  32717.736984485477
0.00339999999999998  32734.146617506703
0.00342999999999995  32751.264951890156
0.00345000000000005  32769.093090698916
0.00348000000000002  32787.55426585671
0.0035  32806.80546165936
0.00352999999999997  32826.61402635017
0.00354999999999995  32847.13707290062
0.00358000000000004  32868.37592617223
0.00360000000000002  32890.17563531382
0.00363  32912.615512128505
0.00364999999999998  32935.69684690791
0.00367999999999995  32959.420967434366
0.00370000000000005  32983.78923910823
0.00373000000000002  33008.724622198984
0.00375  33034.228375356375
0.00377999999999997  33060.30178656774
0.00379999999999995  33087.02480203421
0.00383000000000004  33114.24157588907
0.00385000000000002  33142.0320502456
0.00388  33170.47645863856
0.00389999999999998  33199.339756170935
0.00392999999999995  33228.8598904775
0.00395000000000005  33258.80145647924
0.00398000000000002  33289.323764623405
0.004  33320.349180386445
0.00402999999999997  33351.95831619684
0.00404999999999995  33383.994108388586
0.00408000000000004  33416.53714028647
0.00410000000000002  33449.66832540692
0.00413  33483.15063818403
0.00414999999999998  33517.22401969712
0.00417999999999995  33551.73073886064
0.00420000000000005  33586.67206225883
0.00423000000000002  33622.12917368977
0.00425  33658.0236434483
0.00427999999999997  33694.35679191734
0.00429999999999995  33731.129956543075
0.00433000000000004  33768.42473997932
0.00435000000000002  33806.08210741125
0.00438  33844.1836075994
0.00439999999999998  33882.73064707781
0.00442999999999995  33921.64403749735
0.00445000000000005  33961.00564554473
0.00448000000000002  34000.81692726523
0.0045  34040.9984604361
0.00452999999999997  34081.551446976104
0.00454999999999995  34122.477100829274
0.00458000000000004  34163.85783580399
0.00460000000000002  34205.6139005653
0.00463  34247.74654818268
0.00464999999999998  34290.25704400881
0.00467999999999995  34333.06507566233
0.00470000000000005  34376.33501058587
0.00473000000000002  34419.90486675527
0.00475  34463.857546645915
0.00477999999999997  34508.19437524633
0.00479999999999995  34552.834577858186
0.00483000000000004  34597.86140300308
0.00485000000000002  34643.19388400595
0.00488  34688.833068159445
0.00489999999999998  34734.862555423584
0.00492999999999995  34781.201084327724
0.00495000000000005  34827.84972831671
0.00498000000000002  34874.80956890846
0.005  34922.08169573558
0.00502999999999997  34969.66720658745
0.00504999999999995  35017.56720745259
0.00508000000000004  35065.78281256137
0.00510000000000002  35114.23169796191
0.00513  35163.081771343735
0.00514999999999998  35212.16716158227
0.00517999999999995  35261.48866408261
0.00520000000000005  35311.130992915976
0.00523000000000002  35361.09530808131
0.00525  35411.29862568064
0.00527999999999997  35461.741762591366
0.00529999999999995  35512.509933021036
0.00533000000000004  35563.51981253119
0.00535000000000002  35614.77223354494
0.00538  35666.35279148613
0.00539999999999998  35718.092934389446
0.00542999999999995  35770.16314972914
0.00545000000000005  35822.39440274507
0.00548000000000002  35874.87243088494
0.0055  35927.68347424369
0.00552999999999997  35980.65776547861
0.00554999999999995  36033.88142900441
0.00558000000000004  36087.3553400038
0.00560000000000002  36140.994492031175
0.00563  36194.88540018376
0.00564999999999998  36249.02895251677
0.00567999999999995  36303.3397697189
0.00570000000000005  36357.90476248525
0.00573000000000002  36412.63829988092
0.00575  36467.5408959711
0.00577999999999997  36522.699860186825
0.00579999999999995  36578.02917994253
0.00583000000000004  36633.61643345627
0.00585000000000002  36689.288162345605
0.00588  36745.21913914949
0.00589999999999998  36801.322835429164
0.00592999999999995  36857.68737121143
0.00595000000000005  36914.13823434961
0.00598000000000002  36970.76341523547
0.006  37027.563450605056
0.00602999999999997  37084.53887926591
0.00604999999999995  37141.690242105375
0.00608000000000004  37199.018082099035
0.00610000000000002  37256.43440705978
0.00613  37314.11670160525
0.00614999999999998  37371.88830279416
0.00617999999999995  37429.83829802541
0.00620000000000005  37487.87815229509
0.00623000000000002  37546.09723035159
0.00625  37604.40672326262
0.00627999999999997  37662.985777604415
0.00629999999999995  37721.566442086085
0.00633000000000004  37780.328004440475
0.00635000000000002  37839.2710259679
0.00638  37898.21594510987
0.00639999999999998  37957.433092559695
0.00642999999999995  38016.652424790955
0.00645000000000005  38076.054632943655
0.00648000000000002  38135.549658904034
0.0065  38195.13764770283
0.00652999999999997  38254.81874459737
0.00654999999999995  38314.68414696983
0.00658000000000004  38374.55203900756
0.00660000000000002  38434.604813378704
0.00663  38494.660085207484
0.00664999999999998  38554.900818030656
0.00667999999999995  38615.23582226402
0.00670000000000005  38675.573335692316
0.00673000000000002  38736.09718172554
0.00675  38796.623544807204
0.00677999999999997  38857.24448222377
0.00679999999999995  38917.9601417506
0.00683000000000004  38978.77067139396
0.00685000000000002  39039.67621939135
0.00688  39100.58401446273
0.00689999999999998  39161.58683489956
0.00692999999999995  39222.5916192642
0.00695000000000005  39283.69143511291
0.00698000000000002  39344.88643048297
0.007  39406.17675364229
0.00702999999999997  39467.468761465076
0.00704999999999995  39528.7621650336
0.00708000000000004  39590.15075791724
0.00710000000000002  39651.54045888812
0.00713  39713.02535261056
0.00714999999999998  39774.51106540456
0.00717999999999995  39836.09197348635
0.00720000000000005  39897.67341026676
0.00723000000000002  39959.2550836498
0.00725  40020.93180775064
0.00727999999999997  40082.60847581884
0.00729999999999995  40144.28479440246
0.00733000000000004  40205.96046960014
0.00735000000000002  40267.73090022642
0.00738  40329.500391677444
0.00739999999999998  40391.1726619654
0.00742999999999995  40453.03537562312
0.00745000000000005  40514.80027629523
0.00748000000000002  40576.56305415129
0.0075  40638.32341218246
0.00752999999999997  40700.17777378458
0.00754999999999995  40761.9325461564
0.00758000000000004  40823.78101964008
0.00760000000000002  40885.52901309092
0.00763  40947.27309517013
0.00764999999999998  41009.11042128369
0.00767999999999995  41070.84592814169
0.00770000000000005  41132.57662358712
0.00773000000000002  41194.30220677134
0.00775  41256.02237643028
0.00777999999999997  41317.63864246539
0.00779999999999995  41379.34693298619
0.00783000000000004  41440.95042227192
0.00785000000000002  41502.546995889345
0.00787999999999999  41564.136350582616
0.00789999999999998  41625.718182697
0.00792999999999995  41687.19312153989
0.00795000000000005  41748.65963692961
0.00798000000000002  41810.11742408979
0.008  41871.56617785727
0.00802999999999997  41932.90594212421
0.00804999999999995  41994.13597372311
0.00808000000000004  42055.45541283349
0.00810000000000002  42116.664215272096
0.00812999999999999  42177.76163776013
0.00814999999999998  42238.84731489771
0.00817999999999995  42299.92093913305
0.00820000000000005  42360.8815349416
0.00823000000000002  42421.829171754645
0.00825  42482.76354104402
0.00827999999999997  42543.48213059034
0.00829999999999995  42604.28750232333
0.00833000000000004  42664.97699948582
0.00835000000000002  42725.54987970946
0.00838  42786.10707912442
0.00839999999999998  42846.54646572061
0.00842999999999995  42906.867298153076
0.00845000000000005  42967.17094389766
0.00848000000000002  43027.457091983895
0.0085  43087.52064204661
0.00852999999999997  43147.66803694445
0.00854999999999996  43207.59135370961
0.00858000000000004  43267.49506963232
0.00860000000000002  43327.275908446114
0.00863  43387.03623767899
0.00864999999999998  43446.6724968965
0.00867999999999995  43506.18394828934
0.00870000000000005  43565.56985481663
0.00873000000000002  43624.93315151688
0.00875  43684.169712930925
0.00877999999999997  43743.27880350384
0.00879999999999995  43802.36378144853
0.00883000000000004  43861.320099885124
0.00885000000000002  43920.14702484571
0.00888  43978.84382322242
0.00889999999999998  44037.40976278256
0.00892999999999995  44095.94890281226
0.00895000000000004  44154.35599959641
0.00898000000000002  44212.630322670804
0.009  44270.77114249982
0.00902999999999997  44328.883074670295
0.00904999999999995  44386.75484071953
0.00908000000000004  44444.596539479695
0.00910000000000002  44502.30210013041
0.00913  44559.87079702719
0.00914999999999998  44617.30190553789
0.00917999999999995  44674.70086804582
0.00920000000000004  44731.854765834425
0.00923000000000002  44788.97534478571
0.00925  44845.95571747904
0.00927999999999997  44902.68845552613
0.00929999999999995  44959.386121006566
0.00933000000000004  45015.941422815355
0.00935000000000002  45072.46075516944
0.00938  45128.72931344339
0.00939999999999998  45184.853360090194
0.00942999999999995  45240.83218155992
0.00945000000000005  45296.77270978284
0.00948000000000002  45352.45907734307
0.0095  45408.105994772835
0.00952999999999997  45463.60510800879
0.00954999999999995  45518.955708521076
0.00958000000000004  45574.04878555785
0.00960000000000002  45629.10010924091
0.00963  45684.000802555995
0.00964999999999998  45738.750162083015
0.00967999999999995  45793.34748571628
0.00970000000000005  45847.79207267946
0.00973000000000002  45902.083223540496
0.00975  45956.220240226496
0.00977999999999997  46010.20242603858
0.00979999999999995  46064.02908566686
0.00983000000000004  46117.699525205164
0.00985000000000002  46171.32277476088
0.00987999999999999  46224.678824886774
0.00989999999999998  46277.87658139919
0.00992999999999995  46330.91535615375
0.00995000000000005  46383.90469026334
0.00998000000000002  46436.62356827754
0.01  46532.0666768238
0.01003  46584.51113168873
0.01005  46636.682207590355
0.01008  46688.3569507026
0.0101  46739.311436845666
0.01013  46789.20960933313
0.01015  46837.49143520218
0.0101799999999999  46883.92896979179
0.0102  46928.07054425224
0.01023  46969.46310928185
0.01025  47007.87589780139
0.01028  47043.41333667165
0.0103  47075.50949851409
0.01033  47104.38118462992
0.01035  47129.91043601284
0.01038  47151.97974688118
0.0104  47170.80844009047
0.0104299999999999  47186.28049113111
0.01045  47198.50475626234
0.01048  47207.70307971536
0.0105  47213.76149116952
0.01053  47216.90319579198
0.01055  47217.015403394886
0.01058  47214.43469599024
0.0106  47209.04932618493
0.01063  47201.0845929478
0.01065  47190.429657330315
0.0106799999999999  47177.534795347754
0.0107  47162.065611959544
0.01073  47144.24871105774
0.01075  47124.198744517686
0.01078  47101.80663339504
0.0108  47077.29947587081
0.01083  47050.68058488071
0.01085  47021.84181347093
0.01088  46991.0106034699
0.0109  46958.190898006666
0.01093  46923.163873255806
0.01095  46886.2687679763
0.01098  46847.17604314131
0.011  46806.002476340356
0.01103  46762.8647411832
0.01105  46717.54629451656
0.01108  46669.83174002445
0.0111  46619.728511436806
0.01113  46567.13374566675
0.01115  46511.50334062908
0.01118  46451.9651957975
0.0112  46387.98330225659
0.01123  46317.81507235205
0.01125  46239.401004773266
0.01128  46149.8221282853
0.0113  46045.42332675865
0.01133  45921.72234515449
0.01135  45773.21937901818
0.01138  45594.089309887684
0.0114  45378.872071049576
0.01143  45122.83121954813
0.01145  44822.72880114364
0.01148  44476.82209971927
0.0115  44084.94724638685
0.01153  43648.68036753711
0.01155  43170.745083628644
0.01158  42654.43372635094
0.0116  42103.85501092581
0.01163  41523.36266434379
0.01165  40917.11867466051
0.01168  40288.980412461
0.0117  39642.495511858455
0.01173  38980.99385859478
0.01175  38306.945508069475
0.01178  37622.55200882162
0.0118  36929.668597487114
0.01183  36229.56583223679
0.01185  35523.31386051089
0.01188  34811.79686329831
0.0119  34095.40394128571
0.0119299999999999  33374.63393959339
0.01195  32649.775301214133
0.01198  31921.23408768965
0.012  31189.15343635902
0.01203  30454.02598858953
0.01205  29716.092500702016
0.01208  28976.063799130283
0.0121  28234.46223347225
0.01213  27492.168617795833
0.01215  26749.99446507514
0.0121799999999999  26009.18294010099
0.0122  25271.10486531244
0.01223  24537.055800195867
0.01225  23808.933857302567
0.01228  23088.587525661966
0.0123  22378.173186854965
0.01233  21679.87805096243
0.01235  20996.23638269869
0.01238  20329.61048722509
0.0124  19682.606206659086
0.0124299999999999  19057.64249174198
0.01245  18456.952163398113
0.01248  17882.588275016842
0.0125  17336.31228661179
0.01253  16819.509536304133
0.01255  16333.127186071162
0.01258  15877.629479549514
0.0126  15453.038555438507
0.01263  15059.006965291454
0.01265  14694.70482929148
0.0126799999999999  14358.993516049546
0.0127  14050.538076193818
0.01273  13767.904361295788
0.01275  13509.522001136558
0.01278  13273.814989915774
0.0128  13059.455141149618
0.01283  12864.98543970646
0.01285  12689.215028444392
0.01288  12531.015297388954
0.0129  12389.288519600625
0.01293  12263.092629908559
0.01295  12151.559407823348
0.01298  12053.878227248004
0.013  11969.263795908364
0.01303  11897.007292898537
0.01305  11836.489263877545
0.01308  11787.122835500086
0.0131  11748.329643826646
0.01313  11719.605418736435
0.01315  11700.504230881057
0.01318  11690.590254047444
0.0132  11689.429031607642
0.01323  11696.667717454331
0.01325  11711.921125610963
0.01328  11734.880373400381
0.0133  11765.188073198513
0.01333  11802.5923720457
0.01335  11846.709959485814
0.01338  11897.301329031683
0.0134  11954.08429713545
0.01343  12016.768389746627
0.01345  12085.047138389047
0.01348  12158.645069645418
0.0135  12237.337493803172
0.01353  12320.789867971682
0.01355  12408.729737630556
0.01358  12500.912158647281
0.0136  12597.0749118253
0.01363  12696.95515566325
0.01365  12800.264379545719
0.0136799999999999  12906.784911763294
0.0137  13016.2425196725
0.01373  13128.456519143347
0.01375  13243.142168764743
0.01378  13360.077359107912
0.0138  13479.1020890996
0.01383  13599.953154009716
0.01385  13722.464938879008
0.01388  13846.40938633917
0.0139  13971.639340285888
0.0139299999999999  14097.981799617673
0.01395  14225.277434965214
0.01398  14353.364310986855
0.014  14482.088260216715
0.01403  14611.306886575147
0.01405  14740.942821435028
0.01408  14870.845412742921
0.0141  15000.930210263337
0.01413  15131.11012590969
0.01415  15261.25916270409
0.0141799999999999  15391.357176139578
0.0142  15521.27320504387
0.01423  15651.021204947543
0.01425  15780.466213843447
0.01428  15909.620677021567
0.0143  16038.42191420267
0.01433  16166.805905381083
0.01435  16294.784754921471
0.01438  16422.332661789605
0.0144  16549.38440753887
0.0144299999999999  16675.95274839432
0.01445  16802.01164544381
0.01448  16927.575223755277
0.0145  17052.658742462194
0.01453  17177.19695023173
0.01455  17301.246708923445
0.01458  17424.7843734357
0.0146  17547.827954504006
0.01463  17670.438581937244
0.01465  17792.5528201587
0.01468  17914.27631821551
0.0147  18035.5895686644
0.01473  18156.51616395205
0.01475  18277.080799368727
0.01478  18397.352988508872
0.0148  18517.316469440353
0.01483  18636.9992183013
0.01485  18756.51944484363
0.01488  18875.819282510165
0.0149  18994.88481586764
0.01493  19113.883768252825
0.01495  19232.80551036024
0.01498  19351.639356462296
0.015  19470.420835848825
0.01503  19589.186552660976
0.01505  19707.927351763432
0.01508  19826.681141784575
0.0151  19945.486908274524
0.01513  20064.289352454907
0.01515  20183.127923357868
0.01518  20301.994904162802
0.0152  20420.931058399736
0.01523  20539.880609620795
0.01525  20658.933886664065
0.01528  20777.936548848123
0.0153  20896.979116306724
0.01533  21016.004498384416
0.01535  21135.004654833392
0.01538  21253.870485535037
0.0154  21372.744542236916
0.01543  21491.517359403373
0.01545  21610.128528475212
0.01548  21728.568112741457
0.0155  21846.878057891085
0.01553  21964.892606220823
0.01555  22082.600038673238
0.01558  22200.09412615927
0.0156  22317.258704157714
0.01563  22434.081983807915
0.01565  22550.444979021744
0.01568  22666.388077739542
0.0157  22781.952763795103
0.01573  22896.909543879392
0.01575  23011.40735444242
0.01578  23125.378579308614
0.0158  23238.699299705302
0.01583  23351.409942963706
0.01585  23463.55203282152
0.01588  23575.00010489267
0.0159  23685.739182019224
0.01593  23795.81087667219
0.01595  23905.087458308844
0.01598  24013.667435956126
0.016  24121.479460877184
0.01603  24228.45120994562
0.01605  24334.68289635814
0.01608  24440.044489112173
0.0161  24544.63733543456
0.01613  24648.38910880638
0.01615  24751.285382743667
0.01618  24853.37086674077
0.0162  24954.572704073355
0.01623  25054.936234489844
0.01625  25154.44804928012
0.01628  25253.094813908247
0.0163  25350.86327097404
0.01633  25447.800717906906
0.01635  25543.834041979408
0.01638  25639.07208676584
0.0164  25733.44211721196
0.01643  25826.87057586075
0.01645  25919.529489301625
0.01648  26011.346341388777
0.0165  26102.247813145674
0.01653  26192.346537932197
0.01655  26281.569567378014
0.01658  26369.905847713246
0.0166  26457.470156213807
0.01663  26544.189762417933
0.01665  26629.991182394184
0.0166799999999999  26715.05414598076
0.0167  26799.242442357645
0.01673  26882.546101533386
0.01675  26965.0193163024
0.01678  27046.71713958074
0.0168  27127.50206675347
0.01683  27207.55841923495
0.01685  27286.81348599269
0.01688  27365.128834524323
0.0169  27442.690704171237
0.0169299999999999  27519.49142198524
0.01695  27595.392217798766
0.01698  27670.581739112735
0.017  27744.85523659152
0.01703  27818.46867517752
0.01705  27891.28318581326
0.01708  27963.291479464526
0.0171  28034.48633447496
0.01713  28104.994176323227
0.01715  28174.67500488942
0.0171799999999999  28243.656033536692
0.0172  28311.9312816333
0.01723  28379.49481948819
0.01725  28446.27316866832
0.01728  28512.395547871925
0.0173  28577.856656751872
0.01733  28642.583172297243
0.01735  28706.637646099833
0.01738  28770.083287806418
0.0174  28832.778392920907
0.0174299999999999  28894.923447178502
0.01745  28956.445495283126
0.01748  29017.33999091314
0.0175  29077.67152824024
0.01753  29137.297580787945
0.01755  29196.421446391065
0.01758  29254.900529902356
0.0176  29312.939458801433
0.01763  29370.325760941174
0.01765  29427.125086831988
0.0176799999999999  29483.473729399015
0.0177  29539.298483048606
0.01773  29594.595965660166
0.01775  29649.36282260849
0.01778  29703.666315579376
0.0178  29757.432812851417
0.01783  29810.729883361186
0.01785  29863.554658041445
0.01788  29915.975382687335
0.0179  29967.847169429362
0.0179299999999999  30019.309522692805
0.01795  30070.28856587458
0.01798  30120.85311810845
0.018  30171.000798727968
0.01803  30220.729243904494
0.01805  30269.96417242166
0.01808  30318.774956930745
0.0181  30367.303619212224
0.01813  30415.331713418447
0.01815  30463.001406058964
0.0181799999999999  30510.238269551315
0.0182  30557.185293388604
0.01823  30603.69545990087
0.01825  30649.76655560462
0.01828  30695.469331014163
0.0183  30740.874985966035
0.01833  30785.83568026789
0.01835  30830.49579863792
0.01838  30874.853842961224
0.0184  30918.761371097036
0.0184299999999999  30962.289860030847
0.01845  31005.584898563717
0.01848  31048.497767330853
0.0185  31091.10059841364
0.01853  31133.317967174564
0.01855  31175.296316691853
0.01858  31216.886156500797
0.0186  31258.160064111413
0.01863  31299.191020440878
0.01865  31339.82897210152
0.01868  31380.221394391112
0.0187  31420.217866459356
0.01873  31459.966266534273
0.01875  31499.465524643005
0.01878  31538.639627245706
0.0188  31577.487238448044
0.01883  31616.082165533426
0.01885  31654.423365475177
0.01888  31692.43448640647
0.0189  31730.265037006313
0.01893  31767.763274176097
0.01895  31805.003495697754
0.01898  31841.909020682306
0.019  31878.705854554697
0.01903  31915.090144905815
0.01905  31951.288171515673
0.01908  31987.223191347348
0.0191  32022.894225045802
0.01913  32058.376483955733
0.01915  32093.592984570383
0.01918  32128.619116261852
0.0192  32163.30130380865
0.01923  32197.867898012697
0.01925  32232.088653562096
0.01928  32266.115744931038
0.0193  32300.025240762578
0.01933  32333.58617903729
0.01935  32366.95123458434
0.01938  32400.119729290942
0.0194  32433.09098855312
0.01943  32465.86434129857
0.01945  32498.361889970187
0.01948  32530.660046974117
0.0195  32562.758153394792
0.01953  32594.73301281911
0.01955  32626.42913118516
0.01958  32657.92324359962
0.0196  32689.2147057916
0.01963  32720.38063467303
0.01965  32751.342782935462
0.01968  32782.10051606566
0.0197  32812.57522658144
0.01973  32843.000217777284
0.01975  32873.219056972586
0.01978  32903.231123413265
0.0198  32933.035800200705
0.01983  32962.710807658055
0.01985  32992.17734317936
0.01988  33021.51327315236
0.0199  33050.639659975495
0.01993  33079.55590334087
0.01995  33108.34008633166
0.01998  33136.991820303185
0.02  33165.51071816288
0.02003  33193.738629086605
0.02005  33221.911615915655
0.02008  33249.79245023043
0.0201  33277.617601100865
0.02013  33305.30774193567
0.02015  33332.783284088364
0.02018  33360.12293636641
0.0202  33387.32632732391
0.02023  33414.39308715492
0.02025  33441.24337697184
0.02028  33467.95617385233
0.0203  33494.53111394257
0.02033  33520.96783506534
0.02035  33547.26597672836
0.02038  33573.42518013234
0.0204  33599.365241684005
0.02043  33625.24543748249
0.02045  33650.985629196395
0.02048  33676.50543506727
0.0205  33701.964504008494
0.02053  33727.20236828241
0.02055  33752.45913204192
0.02058  33777.413729836684
0.0206  33802.306448833726
0.02063  33827.05673748801
0.02065  33851.66425615656
0.0206799999999999  33876.128666984936
0.0207  33900.53019591572
0.02073  33924.70744214859
0.02075  33948.90193115708
0.02078  33972.790738430376
0.0208  33996.69635552904
0.02083  34020.376252711845
0.02085  34043.991740659265
0.02088  34067.461703488436
0.0209  34090.7858176993
0.0209299999999999  34114.04483105171
0.02095  34137.076339698026
0.02098  34160.123397669944
0.021  34183.02354823727
0.02103  34205.69518776717
0.02105  34228.38186409562
0.02108  34250.83940258426
0.0211  34273.31167565886
0.02113  34295.55418959022
0.02115  34317.72958471476
0.0211799999999999  34339.75610622208
0.0212  34361.715107085955
0.02123  34383.52472973403
0.02125  34405.266433441386
0.02128  34426.94007189324
0.0213  34448.38177072858
0.02133  34469.83682382798
0.02135  34491.05934229656
0.02138  34512.21291131242
0.0214  34533.29738801793
0.0214299999999999  34554.2305142964
0.02145  34575.17632965495
0.02148  34595.88819721653
0.0215  34616.61247198766
0.02153  34637.10222300464
0.02155  34657.604102010664
0.02158  34677.870887136094
0.0216  34698.149523703374
0.02163  34718.27500743795
0.02165  34738.329611113426
0.0216799999999999  34758.31319844278
0.0217  34778.225633566886
0.02173  34797.90139139782
0.02175  34817.588280775555
0.02178  34837.1207319354
0.0218  34856.66414067923
0.02183  34875.969871798276
0.02185  34895.28629560015
0.02188  34914.530446115634
0.0219  34933.619174743064
0.0219299999999999  34952.55221500809
0.02195  34971.578623713984
0.02198  34990.36593251823
0.022  35009.08013759253
0.02203  35027.721110868675
0.02205  35046.372009737934
0.02208  35064.866180979996
0.0221  35083.2867387734
0.02213  35101.55014054342
0.02215  35119.73959018567
0.0221799999999999  35137.93846551075
0.0222  35155.97967984774
0.02223  35173.94656888593
0.02225  35191.839009224765
0.02228  35209.65687793174
0.0223  35227.400052543686
0.02233  35244.98465387592
0.02235  35262.578032983496
0.02238  35280.09635361529
0.0224  35297.53949519996
0.0224299999999999  35314.9073376425
0.02245  35332.031833018635
0.02248  35349.24863697513
0.0225  35366.389784735926
0.02253  35383.37107206795
0.02255  35400.36051302044
0.02258  35417.189778457316
0.0226  35434.027044495626
0.02263  35450.70382260012
0.02265  35467.38844951408
0.02268  35483.996603744374
0.0227  35500.52817052696
0.02273  35516.89863221388
0.02275  35533.36108515702
0.02278  35549.577724908384
0.0228  35565.80176557533
0.02283  35581.94865257219
0.02285  35598.10287026165
0.02288  35614.0951530565
0.0229  35630.00994813282
0.02293  35645.93185501983
0.02295  35661.77612922801
0.02298  35677.457875994165
0.023  35693.14651858012
0.02303  35708.75720070347
0.02305  35724.28981405621
0.02308  35739.744250839794
0.0231  35755.20537325987
0.02313  35770.588177957085
0.02315  35785.89255810929
0.02318  35801.118407407776
0.0232  35816.26562005844
0.02323  35831.419241393014
0.02325  35846.4089010522
0.02328  35861.49005353297
0.0233  35876.40703524591
0.02333  35891.244928857865
0.02335  35906.00363112252
0.02338  35920.76840225697
0.0234  35935.45384671365
0.02343  35950.1452950029
0.02345  35964.67181442106
0.02348  35979.20420362819
0.0235  35993.65692863753
0.02353  36008.11545925777
0.02355  36022.408588247854
0.02358  36036.70739077941
0.0236  36050.92619664957
0.02363  36065.150612755926
0.02365  36079.29490144096
0.02368  36093.35896404091
0.0237  36107.428508950245
0.02373  36121.41769833305
0.02375  36135.32643455567
0.02378  36149.154620520385
0.0238  36162.9880982244
0.02383  36176.74089824815
0.02385  36190.49892846769
0.02388  36204.090117791515
0.0239  36217.77247997788
0.02393  36231.28781069757
0.02395  36244.80818491253
0.02398  36258.247439365776
0.024  36271.691676975766
0.02403  36285.054670745645
0.02405  36298.4225876276
0.0240799999999999  36311.622845266436
0.0240999999999999  36324.827903301244
0.0241300000000001  36338.12411823284
0.0241500000000001  36351.25242754226
0.0241800000000001  36364.29906271005
0.0242  36377.35038037645
0.02423  36390.31990322217
0.02425  36403.20754043199
0.02428  36416.186282064264
0.0243  36429.083079855984
0.0243299999999999  36441.89784347941
0.0243499999999999  36454.63048315983
0.0243800000000001  36467.454233667006
0.0244000000000001  36480.109110260855
0.0244300000000001  36492.681656074084
0.02445  36505.34528704697
0.02448  36517.926530284545
0.0245  36530.42529758559
0.02453  36542.92834276327
0.02455  36555.34879610246
0.0245799999999999  36567.77347098786
0.0245999999999999  36580.20236885435
0.0246300000000001  36592.37461301186
0.0246500000000001  36604.724883959985
0.0246800000000001  36616.992305570166
0.0247  36629.17679176199
0.02473  36641.36533240214
0.02475  36653.47082448054
0.02478  36665.58031594424
0.0248  36677.60664639824
0.0248299999999999  36689.636921495236
0.0248499999999999  36701.58392383245
0.0248800000000001  36713.62206348959
0.0249000000000001  36725.48960044225
0.0249300000000001  36737.36097353052
0.02495  36749.236183994435
0.02498  36760.940513360176
0.025  36772.73595803519
0.02503  36814.443516080064
0.02505  36827.481356730495
0.0250799999999999  36839.735884200316
0.0250999999999999  36851.644186959864
0.0251300000000001  36863.46873562811
0.0251500000000001  36875.121816024664
0.0251800000000001  36886.778580129954
0.0252  36898.263656716175
0.02523  36909.66459611323
0.02525  36921.06905820772
0.02528  36932.47704408811
0.0253  36943.71296643653
0.0253299999999999  36955.12794890159
0.0253499999999999  36966.28291457221
0.0253800000000001  36977.52912163929
0.0254000000000001  36988.602948363616
0.0254300000000001  36999.768018517454
0.02545  37010.8485052241
0.02548  37021.844330481246
0.0255  37032.843422569014
0.02553  37043.75775060966
0.02555  37054.763353116614
0.0255799999999999  37065.59605765869
0.0255999999999999  37076.520038563394
0.0256300000000001  37087.35910352244
0.0256500000000001  37098.20133720737
0.0256800000000001  37109.046740544574
0.0257  37119.71888952192
0.02573  37130.48234542403
0.02575  37141.16065904288
0.02578  37151.84204362591
0.0258  37162.438186172425
0.0258299999999999  37173.03735086347
0.0258499999999999  37183.63953856104
0.0258800000000001  37194.15636086741
0.0259000000000001  37204.676157695714
0.0259300000000001  37215.198929887265
0.02595  37225.63621421407
0.02598  37236.076425756306
0.026  37246.51956533491
0.02603  37256.965633771084
0.02605  37267.32606874379
0.0260799999999999  37277.60079719161
0.0260999999999999  37287.9669704005
0.0261300000000001  37298.336026239835
0.0261500000000001  37308.530643176135
0.0261800000000001  37318.81673186516
0.0262  37329.01694671735
0.02623  37339.30868354989
0.02625  37349.42574114535
0.02628  37359.54553994995
0.0263  37369.756887057396
0.0263299999999999  37379.88219457068
0.0263499999999999  37389.92139104692
0.0263800000000001  37399.96328377205
0.0264000000000001  37410.007873470204
0.0264300000000001  37420.05516086572
0.02645  37430.10514668312
0.02648  37440.06885799375
0.0265  37450.035221595695
0.02653  37460.00423819499
0.02655  37469.97590849785
0.0265799999999999  37479.861164993716
0.0265999999999999  37489.7490293988
0.0266300000000001  37499.639502401136
0.0266500000000001  37509.44344617177
0.0266800000000001  37519.339114917
0.0267  37529.14820897429
0.02673  37538.87065908226
0.02675  37548.68485948627
0.02678  37558.50162572477
0.0268  37568.2316802454
0.0268299999999999  37577.96425547257
0.0268499999999999  37587.61002778488
0.0268800000000001  37597.25827604086
0.0269000000000001  37606.99837101317
0.0269300000000001  37616.65159600348
0.02695  37626.307298850494
0.02698  37635.96548019022
0.027  37645.53667872586
0.02703  37655.1997959961
0.02705  37664.68637856774
0.0270799999999999  37674.26488111211
0.0270999999999999  37683.756266805365
0.0271300000000001  37693.250043690656
0.0271500000000001  37702.8358102578
0.0271800000000001  37712.334393907244
0.0272  37721.83537056213
0.02723  37731.33874082533
0.02725  37740.754817087756
0.02728  37750.1732431871
0.0273  37759.59401970976
0.0273299999999999  37769.01714724229
0.0273499999999999  37778.35284881025
0.0273800000000001  37787.69085796604
0.0274000000000001  37797.120997228885
0.0274300000000001  37806.46364547368
0.02745  37815.80860302335
0.02748  37825.15587044874
0.0275  37834.41553753062
0.02753  37843.67747139587
0.02755  37853.03162741561
0.0275799999999999  37862.208141696305
0.0275999999999999  37871.56687810549
0.0276300000000001  37880.837906686626
0.0276500000000001  37890.021161899494
0.0276800000000001  37899.20664336133
0.0277  37908.48443820736
0.02773  37917.67439562559
0.02775  37926.866580917565
0.02778  37935.970842494295
0.0278  37945.25763728327
0.0278299999999999  37954.36631359296
0.0278499999999999  37963.386959139
0.0278800000000001  37972.590226290835
0.0279000000000001  37981.70546372888
0.0279300000000001  37990.822889259805
0.02795  37999.94250340882
0.02798  38008.97398108548
0.028  38018.097952364486
0.02803  38027.13374506167
0.02805  38036.17168530316
0.0280799999999999  38045.211773599374
0.0280999999999999  38054.34444368142
0.0281300000000001  38063.29839639816
0.0281500000000001  38072.344931922155
0.0281800000000001  38081.30312004285
0.0282  38090.353934764375
0.02823  38099.31636029244
0.02825  38108.280894624
0.02828  38117.33812117544
0.0283  38126.30689591626
0.0283299999999999  38135.277780954515
0.0283499999999999  38144.16012991064
0.0283800000000001  38153.13521570481
0.0284000000000001  38162.021723958474
0.0284300000000001  38171.00101247565
0.02845  38179.80095040056
0.02848  38188.693669553286
0.0285  38197.58845997018
0.02853  38206.48532213368
0.02855  38215.38425652633
0.0285799999999999  38224.285263630794
0.0285999999999999  38233.18834392984
0.0286300000000001  38242.09349790635
0.0286500000000001  38250.81892514109
0.0286800000000001  38259.72818557712
0.0287  38268.54857865371
0.02873  38277.46196862486
0.02875  38286.19546563273
0.02878  38295.02196047284
0.0288  38303.850490172
0.0288299999999999  38312.59000806164
0.0288499999999999  38321.422587896355
0.0288800000000001  38330.25720399295
0.0289000000000001  38339.00274691519
0.0289300000000001  38347.841415939496
0.02895  38356.49981944047
0.02898  38365.34252223775
0.029  38374.0960703282
0.02903  38382.85161565365
0.02905  38391.60915866977
0.0290799999999999  38400.368699832376
0.0290999999999999  38409.130239597354
0.0291300000000001  38417.8024812531
0.0291500000000001  38426.47668097911
0.0291800000000001  38435.24417761697
0.0292  38443.922315432814
0.02923  38452.693792517355
0.02925  38461.37587021094
0.02928  38470.059908195624
0.0293  38478.837348909314
0.0293299999999999  38487.525329450415
0.0293499999999999  38496.12378832277
0.0293800000000001  38504.90717584714
0.0294000000000001  38513.509517980114
0.0294300000000001  38522.20532700957
0.02945  38530.81153370489
0.02948  38539.602835686084
0.0295  38548.21292914113
0.02953  38556.82494616839
0.02955  38565.53053521261
0.0295799999999999  38574.14642114861
0.0295999999999999  38582.855921138376
0.0296300000000001  38591.47567772123
0.0296500000000001  38600.09736003512
0.0296800000000001  38608.72096851029
0.0297  38617.34650357706
0.02973  38625.97396566583
0.02975  38634.60335520714
0.02978  38643.23467263157
0.0298  38651.86791836986
0.0298299999999999  38660.50309285279
0.0298499999999999  38669.048302275885
0.0298800000000001  38677.6873150109
0.0299000000000001  38686.32825777898
0.0299300000000001  38694.879175390655
0.02995  38703.52395897476
0.02998  38712.17067388115
0.03  38720.727303494474
0.03003  38729.37786178258
0.03005  38737.93829473556
0.0300799999999999  38746.59269811371
0.0300999999999999  38755.06483744934
0.0301300000000001  38763.63094804666
0.0301500000000001  38772.291091394334
0.0301800000000001  38780.861009545515
0.0302  38789.43282192309
0.03023  38798.00652894573
0.03025  38806.582131032235
0.03028  38815.15962860146
0.0303  38823.73902207238
0.0303299999999999  38832.22802984367
0.0303499999999999  38840.90349839558
0.0303800000000001  38849.48858208626
0.0304000000000001  38857.983220129674
0.0304300000000001  38866.57207898588
0.03045  38875.162836255004
0.03048  38883.66308810451
0.0305  38892.25762303404
0.03053  38900.854057631055
0.03055  38909.35992699664
0.0305799999999999  38917.9601417506
0.0305999999999999  38926.46975144837
0.0306300000000001  38935.07374802154
0.0306500000000001  38943.58709969627
0.0306800000000001  38952.19487975165
0.0307  38960.711975048805
0.03073  38969.323540250116
0.03075  38977.844380815906
0.03078  38986.459732827614
0.0308  38994.89165173011
0.0308299999999999  39003.5107717347
0.0308499999999999  39012.03908751234
0.0308800000000001  39020.66199764943
0.0309000000000001  39029.194063629744
0.0309300000000001  39037.72799518964
0.03095  39046.263792737016
0.03098  39054.801456679896
0.031  39063.34098742637
0.03103  39071.97523692647
0.03105  39080.518522807244
0.0310799999999999  39088.970784569654
0.0310999999999999  39097.61069907581
0.0311300000000001  39106.159590280615
0.0311500000000001  39114.71035074391
0.0311800000000001  39123.35595451859
0.0312  39131.81748108095
0.03123  39140.37385177242
0.03125  39148.93209335781
0.03128  39157.4922062462
0.0313  39166.14726618119
0.0313299999999999  39174.61804756874
0.0313499999999999  39183.183776821505
0.0313800000000001  39191.75137901449
0.0314000000000001  39200.32085455723
0.0314300000000001  39208.89220385932
0.03145  39217.46542733048
0.03148  39226.04052538051
0.0315  39234.617498419284
0.03153  39243.19634685679
0.03155  39251.77707110309
0.0315799999999999  39260.35967156834
0.0315999999999999  39268.944148662784
0.0316300000000001  39277.530502796755
0.0316500000000001  39286.11873438068
0.0316800000000001  39294.708843825065
0.0317  39303.300831540524
0.03173  39311.89469793775
0.03175  39320.490443427516
0.03178  39329.08806842071
0.0318  39337.68757332829
0.0318299999999999  39346.195455133995
0.0318499999999999  39354.79870065858
0.0318800000000001  39363.403827326496
0.0319000000000001  39372.010835549096
0.0319300000000001  39380.71331097187
0.03195  39389.324104001
0.03198  39397.93677982377
0.032  39406.45769221565
0.03203  39415.07411438452
0.03205  39423.786108171174
0.0320799999999999  39432.40631928624
0.0320999999999999  39441.028415254244
0.0321300000000001  39449.65239648732
0.0321500000000001  39458.278263397726
0.0321800000000001  39466.90601639775
0.0322  39475.62946669485
0.03223  39484.167182316356
0.03225  39492.894447883984
0.03228  39501.529769888606
0.0323  39510.16698005025
0.0323299999999999  39518.80607878177
0.0323499999999999  39527.54100065494
0.0323800000000001  39536.089943606334
0.0324000000000001  39544.828685767214
0.0324300000000001  39553.47536345679
0.03245  39562.12393178635
0.03248  39570.86842829246
0.0325  39579.42674201919
0.03253  39588.17506300054
0.03255  39596.83121859572
0.0325799999999999  39605.58338652381
0.0325999999999999  39614.33748896134
0.0326300000000001  39622.99936510387
0.0326500000000001  39631.663135209594
0.0326800000000001  39640.328799692674
0.0327  39649.09058197937
0.03273  39657.760057062216
0.03275  39666.43142776984
0.03278  39675.198979573375
0.0328  39683.96846928666
0.0328299999999999  39692.73989733805
0.0328499999999999  39701.41891656545
0.0328800000000001  39710.194201724604
0.0329000000000001  39718.97142650283
0.0329300000000001  39727.656181387356
0.03295  39736.437265822366
0.03298  39745.220291158286
0.033  39753.91078549042
0.03303  39762.79216624895
0.03305  39771.48650276083
0.0330799999999999  39780.27727510069
0.0330999999999999  39789.06999048281
0.0331300000000001  39797.864649336625
0.0331500000000001  39806.661252091726
0.0331800000000001  39815.365180802095
0.0332  39824.26029102456
0.03323  39833.062728061894
0.03325  39841.86711071975
0.03328  39850.67343942815
0.0333  39859.48171461726
0.0333299999999999  39868.38668086965
0.0333499999999999  39877.19887125245
0.0333800000000001  39886.01300941155
0.0334000000000001  39894.829095777495
0.0334300000000001  39903.74195895235
0.03345  39912.56196398398
0.03348  39921.38391851922
0.0335  39930.397605796534
0.03353  39939.22350257985
0.03355  39948.14628386394
0.0335799999999999  39956.976103673594
0.0335999999999999  39965.90285104824
0.0336300000000001  39974.83159273843
0.0336500000000001  39983.66731085603
0.0336800000000001  39992.60002128611
0.0337  40001.53472736395
0.03373  40010.47142953537
0.03375  40019.41012824634
0.03378  40028.35082394289
0.0338  40037.293517071164
0.0338299999999999  40046.23820807742
0.0338499999999999  40055.184897407984
0.0338800000000001  40064.22879506537
0.0339000000000001  40073.179503654676
0.0339300000000001  40082.13221191266
0.03395  40091.08692028611
0.03398  40100.043629221844
0.034  40109.09765535024
0.03403  40118.153725750475
0.03405  40127.11648165368
0.0340799999999999  40136.176620451566
0.0340999999999999  40145.23880490145
0.0341300000000001  40154.20761185462
0.0341500000000001  40163.27386744888
0.0341800000000001  40172.34217007619
0.0342  40181.41252019876
0.03423  40190.48491827889
0.03425  40199.463833620204
0.03428  40208.540307433126
0.0343  40217.71440488903
0.0343299999999999  40226.79499942438
0.0343499999999999  40235.78202676398
0.0343800000000001  40244.96233976978
0.0344000000000001  40254.144747382496
0.0344300000000001  40263.13788490145
0.03445  40272.324439499374
0.03448  40281.51309012829
0.0345  40290.608089509886
0.03453  40299.80091178956
0.03455  40308.995831530294
0.0345799999999999  40318.09703612856
0.0345999999999999  40327.2961303662
0.0346300000000001  40336.40146691466
0.0346500000000001  40345.70061599665
0.0346800000000001  40354.90600834733
0.0347  40364.1135010271
0.03473  40373.32309451516
0.03475  40382.53478929086
0.03478  40391.84457394334
0.0348  40400.964484622964
0.0348299999999999  40410.27851805518
0.0348499999999999  40419.49864468774
0.0348800000000001  40428.81695098296
0.0349000000000001  40438.041307398285
0.0349300000000001  40447.460008792244
0.03495  40456.68861886183
0.03498  40466.01549892916
0.035  40475.34452921429
0.03503  40484.57950149714
0.03505  40494.00904242088
0.0350799999999999  40503.34452633413
0.0350999999999999  40512.77843794846
0.0351300000000001  40522.118248955856
0.0351500000000001  40531.46021316212
0.0351800000000001  40540.9006733938
0.0352  40550.24696769793
0.03523  40559.59541669561
0.03525  40569.0424300904
0.03528  40578.49164385383
0.0353  40587.846604375714
0.0353299999999999  40597.39667453675
0.0353499999999999  40606.85249248163
0.0353800000000001  40616.21399131009
0.0354000000000001  40625.6741921252
0.0354300000000001  40635.23316288451
0.03545  40644.697793585234
0.03548  40654.164628757986
0.0355  40663.73030314145
0.03553  40673.29822826913
0.03555  40682.771724965176
0.0355799999999999  40692.34413042207
0.0355999999999999  40701.82206322974
0.0356300000000001  40711.398951113806
0.0356500000000001  40720.978092380596
0.0356800000000001  40730.656280829964
0.0357  40740.23995322773
0.03573  40749.82588060457
0.03575  40759.41406349102
0.03578  40769.004502417825
0.0358  40778.69410534368
0.0358299999999999  40788.2890807455
0.0358499999999999  40797.983267053
0.0358800000000001  40807.58278107568
0.0359000000000001  40817.28155293286
0.0359300000000001  40826.98262990511
0.03595  40836.68601254036
0.03598  40846.391701386536
0.036  40856.099696991805
0.03603  40865.809999904384
0.03605  40875.619748436875
0.0360799999999999  40885.33469069619
0.0360999999999999  40895.14912608811
0.0361300000000001  40904.86870991073
0.0361500000000001  40914.68783440133
0.0361800000000001  40924.509315951356
0.0362  40934.33315512662
0.03623  40944.159352493014
0.03625  40953.98790861666
0.03628  40963.91617165763
0.0363  40973.749470362614
0.0363299999999999  40983.68252409657
0.0363499999999999  40993.423149724906
0.0363800000000001  41003.36097284699
0.0364000000000001  41013.30120514404
0.0364300000000001  41023.24384720009
0.03645  41033.18889959931
0.03648  41043.13636292607
0.0365  41053.086237764786
0.03653  41063.038524700096
0.03655  41072.99322431676
0.0365799999999999  41083.04796790106
0.0365999999999999  41093.00751830332
0.0366300000000001  41103.06716142328
0.0366500000000001  41113.12926716217
0.0366800000000001  41123.19383612291
0.0367  41133.16311887995
0.03673  41143.23259216409
0.03675  41153.402328366756
0.03678  41163.378934412016
0.0368  41173.55365036405
0.0368299999999999  41183.7308812905
0.0368499999999999  41193.812733655
0.0368800000000001  41203.994972198016
0.0369000000000001  41214.17972757483
0.0369300000000001  41224.26903387242
0.03695  41234.55679131861
0.03698  41244.74910093022
0.037  41254.94392986503
0.03703  41265.23934241093
0.03705  41275.43923609971
0.0370799999999999  41285.73976336914
0.0370999999999999  41295.944724328045
0.0371300000000001  41306.250368862
0.0371500000000001  41316.558585229825
0.0371800000000001  41326.86937407335
0.0372  41337.2809709011
0.03723  41347.59693113715
0.03725  41357.91546578142
0.03728  41368.33488414017
0.0373  41378.658594061904
0.0373299999999999  41389.18159650093
0.0373499999999999  41399.510508841646
0.0373800000000001  41410.03881412899
0.0374000000000001  41420.471364072495
0.0374300000000001  41431.00499991278
0.03745  41441.44283192765
0.03748  41451.88329357552
0.0375  41462.42491778037
0.03753  41472.870665505354
0.03755  41483.51620939001
0.0375799999999999  41494.06587815845
0.0375999999999999  41504.61822981209
0.0376300000000001  41515.271922881555
0.0376500000000001  41525.82966744227
0.0376800000000001  41536.39009694193
0.0377  41547.15067904023
0.03773  41557.716530684156
0.03775  41568.38385339352
0.03778  41579.15272392139
0.0378  41589.8255490214
0.0378299999999999  41600.50111369613
0.0378499999999999  41611.179418648804
0.0378800000000001  41622.05828758361
0.0379000000000001  41632.74212598109
0.0379300000000001  41643.52766941853
0.03795  41654.31600700165
0.03798  41665.10713945435
0.038  41676.00010730717
0.03803  41686.89592302856
0.03805  41697.69549576362
0.0380799999999999  41708.59698354936
0.0380999999999999  41719.50132143112
0.0381300000000001  41730.40851015404
0.0381500000000001  41741.41774572994
0.0381800000000001  41752.33066430504
0.0382  41763.246435964626
0.03823  41774.26433477854
0.03825  41785.285140313186
0.03828  41796.308853335395
0.0383  41807.335474612235
0.0383299999999999  41818.365004910964
0.0383499999999999  41829.39744499901
0.0383800000000001  41840.53222644849
0.0384000000000001  41851.57051465001
0.0384300000000001  41862.711198462406
0.03845  41873.85484787047
0.03848  41885.00146366362
0.0385  41896.25060984637
0.03853  41907.40318728206
0.03855  41918.6583499446
0.0385799999999999  41929.9165354307
0.0385999999999999  41941.17774455224
0.0386300000000001  41952.44197812127
0.0386500000000001  41963.70923695006
0.0386800000000001  41975.07927239629
0.0387  41986.352610972586
0.03873  41997.72878162395
0.03875  42009.108034640216
0.03878  42020.490370856525
0.0388  42031.87579110824
0.0388299999999999  42043.36420905008
0.0388499999999999  42054.65588706072
0.0388800000000001  42066.150531402345
0.0389000000000001  42077.64831753281
0.0389300000000001  42089.14924631085
0.03895  42100.75336779539
0.03898  42112.2606117918
0.039  42123.77100102087
0.03903  42135.28453634227
0.03905  42146.90137748305
0.0390799999999999  42158.62160814581
0.0390999999999999  42170.24488339662
0.0391300000000001  42181.77112125327
0.0391500000000001  42193.50104851118
0.0391800000000001  42205.23423763293
0.0392  42216.97068952557
0.03923  42228.61005181641
0.03925  42240.35300406672
0.03928  42252.19963090322
0.0393  42263.949142955076
0.0393299999999999  42275.80238750738
0.0393499999999999  42287.658956391875
0.0393800000000001  42299.41832899006
0.0394000000000001  42311.28152114418
0.0394300000000001  42323.248618363126
0.03945  42335.11849390232
0.03948  42347.09233304354
0.0395  42359.069558801566
0.03953  42370.94948059473
0.03955  42382.93345398113
0.0395799999999999  42394.920816850674
0.0395999999999999  42407.01234716284
0.0396300000000001  42419.10732612174
0.0396500000000001  42431.104920216334
0.0396800000000001  42443.30763391441
0.0397  42455.312072695015
0.03973  42467.521748100786
0.03975  42479.633985052904
0.03978  42491.8506551701
0.0398  42503.96983101281
0.0398299999999999  42516.2945365501
0.0398499999999999  42528.42068407544
0.0398800000000001  42540.75247952843
0.0399000000000001  42552.98672664465
0.0399300000000001  42565.32564541445
0.03995  42577.668142050985
0.03998  42590.01421759172
0.04  42602.36387307445
0.04003  42614.717109537196
0.04005  42627.17522821935
0.0400799999999999  42639.53565913118
0.0400999999999999  42652.10239278362
0.0401300000000001  42664.571440795524
0.0401500000000001  42677.04413404763
0.0401800000000001  42689.621922206345
0.0402  42702.101938793945
0.04023  42714.58560382833
0.04025  42727.27599430031
0.04028  42739.86858680432
0.0403  42752.46489060005
0.0403299999999999  42765.16653490802
0.0403499999999999  42777.77029452078
0.0403800000000001  42790.47945699734
0.0404000000000001  42803.29411406648
0.0404300000000001  42816.010859602364
0.04045  42828.73138324974
0.04048  42841.45568613108
0.0405  42854.38744943384
0.04053  42867.22124531648
0.04055  42880.05888459363
0.0405799999999999  42892.900368416274
0.0405999999999999  42905.84766038033
0.0406300000000001  42918.69686728347
0.0406500000000001  42931.65194596281
0.0406800000000001  42944.610935153774
0.0407  42957.573836036754
0.04073  42970.6427662177
0.04075  42983.71567234331
0.04078  42996.690377055034
0.0408  43009.771207613434
0.0408299999999999  43022.856017736936
0.0408499999999999  43036.04708048971
0.0408800000000001  43049.139884489894
0.0409000000000001  43062.33900603203
0.0409300000000001  43075.542174503134
0.04095  43088.74939114395
0.04098  43102.06308593115
0.041  43115.27843404067
0.04103  43128.60032585343
0.04105  43141.823810438065
0.0410799999999999  43155.153904323146
0.0410999999999999  43168.590703814996
0.0411300000000001  43181.92906821742
0.0411500000000001  43195.37420443098
0.0411800000000001  43208.7208444821
0.0412  43222.17432258981
0.04123  43235.63198957581
0.04125  43249.196625131335
0.04128  43262.66270578821
0.0413  43276.235821890856
0.0413299999999999  43289.813196387884
0.0413499999999999  43303.394830615354
0.0413800000000001  43317.08366562498
0.0414000000000001  43330.67385561904
0.0414300000000001  43344.37131392654
0.04145  43358.073102200484
0.04148  43371.67615211456
0.0415  43385.38657184631
0.04153  43399.20446051084
0.04155  43413.026750059216
0.0415799999999999  43426.75024131837
0.0415999999999999  43440.68453741455
0.0416300000000001  43454.52003802613
0.0416500000000001  43468.25664591911
0.0416800000000001  43482.20426013207
0.0417  43496.15634970148
0.04173  43510.11291606334
0.04175  43524.177392511694
0.04178  43538.14294995635
0.0418  43552.11298851487
0.0418299999999999  43566.19104132491
0.0418499999999999  43580.27364481131
0.0418800000000001  43594.36080044504
0.0419000000000001  43608.34887756668
0.0419300000000001  43622.54877404091
0.04195  43636.75329433293
0.04198  43650.96243994839
0.042  43665.07244546293
0.04203  43679.39461317452
0.04205  43693.61764379889
0.0420799999999999  43707.845305774084
0.0420999999999999  43722.18150300731
0.0421300000000001  43736.522402521085
0.0421500000000001  43750.86800585777
0.0421800000000001  43765.21831456021
0.0422  43779.67736920539
0.04223  43794.03712739483
0.04225  43808.50570313475
0.04228  43823.08320115451
0.0423  43837.45719648063
0.0423299999999999  43852.0443282537
0.0423499999999999  43866.532068282526
0.0423800000000001  43881.1288748637
0.0424000000000001  43895.73053860483
0.0424300000000001  43910.33706112214
0.04245  43924.94844403242
0.04248  43939.56468895301
0.0425  43954.29025148941
0.04253  43968.916260042264
0.04255  43983.756183246194
0.0425799999999999  43998.391996734295
0.0425999999999999  44013.24186827686
0.0426300000000001  44027.99212240775
0.0426500000000001  44042.85198427143
0.0426800000000001  44057.6121617053
0.0427  44072.48202061112
0.04273  44087.35689823432
0.04275  44102.34160208909
0.04278  44117.22655760216
0.0428  44132.221413755266
0.0428299999999999  44147.116453986084
0.0428499999999999  44162.121469315825
0.0428800000000001  44177.13158464989
0.0429000000000001  44192.1468017217
0.0429300000000001  44207.27217744505
0.04295  44222.40273003823
0.04298  44237.43333416779
0.043  44252.574209835555
0.04303  44267.72026767819
0.04305  44282.87150946939
0.0430799999999999  44298.13320808745
0.0430999999999999  44313.29485912969
0.0431300000000001  44328.56704288517
0.0431500000000001  44343.84449006323
0.0431800000000001  44359.12720247787
0.0432  44374.415181943696
0.04323  44389.813919252105
0.04325  44405.1124746225
0.04328  44420.4163025042
0.0433  44435.83100304659
0.0433299999999999  44451.35668800108
0.0433499999999999  44466.67645354047
0.0433800000000001  44482.10720720515
0.0434000000000001  44497.54331562483
0.0434300000000001  44513.19634477638
0.04345  44528.64324169798
0.04348  44544.20135484262
0.0435  44559.76490392393
0.04353  44575.333890841226
0.04355  44591.01428460776
0.0435799999999999  44606.594189921954
0.0435999999999999  44622.179538786884
0.0436300000000001  44637.87641158213
0.0436500000000001  44653.47269031846
0.0436800000000001  44669.18057119586
0.0437  44685.000168143415
0.04373  44700.71913953263
0.04375  44716.549905868844
0.04378  44732.2799756003
0.0438  44748.01557874376
0.0438299999999999  44763.86309512096
0.0438499999999999  44779.71622389845
0.0438800000000001  44795.57496706385
0.0439000000000001  44811.4393266055
0.0439300000000001  44827.30930451245
0.04395  44843.291469405114
0.04398  44859.172727753175
0.044  44875.1662528299
0.04403  44891.058799637256
0.04405  44907.06369297288
0.0440799999999999  44923.07429249181
0.0440999999999999  44939.09060022847
0.0441300000000001  44955.2194508369
0.0441500000000001  44971.24721920391
0.0441800000000001  44987.280701909796
0.0442  45003.426848172
0.04423  45019.578789361876
0.04425  45035.736527559275
0.04428  45051.90006484478
0.0443  45068.069403299705
0.0443299999999999  45084.24454500612
0.0443499999999999  45100.42549204684
0.0443800000000001  45116.719462916684
0.0444000000000001  45132.91206535791
0.0444300000000001  45149.217773041164
0.04445  45165.42203927846
0.04448  45181.73949222936
0.0445  45198.062840381914
0.04453  45214.392085865955
0.04455  45230.727230812074
0.0445799999999999  45247.068277351646
0.0445999999999999  45263.52279289488
0.0446300000000001  45279.768083740484
0.0446500000000001  45296.23449087123
0.0446800000000001  45312.59920400323
0.0447  45329.077550475005
0.04473  45345.56188945013
0.04475  45361.94442368217
0.04478  45378.44071500022
0.0448  45394.94300534742
0.0448299999999999  45411.55921398063
0.0448499999999999  45427.965591856526
0.0448800000000001  45444.485892383986
0.0449000000000001  45461.12023552497
0.0449300000000001  45477.76066744363
0.04495  45494.19096271151
0.04498  45510.843499725284
0.045  45527.50213217637
0.04503  45544.05863008881
0.04505  45560.72942049185
0.0450799999999999  45577.40631301363
0.0450999999999999  45593.98095904374
0.0451300000000001  45610.67002284418
0.0451500000000001  45627.47362563127
0.0451800000000001  45644.06647910344
0.0452  45660.882385607736
0.04523  45677.595937775994
0.04525  45694.31560771534
0.04528  45711.150026694835
0.0453  45727.773309865435
0.0453299999999999  45744.62005512596
0.0453499999999999  45761.47300696087
0.0453800000000001  45778.2233789738
0.0454000000000001  45795.088710738804
0.0454300000000001  45811.85138732823
0.04545  45828.729108117426
0.04548  45845.50409832206
0.0455  45862.39421723625
0.04553  45879.29055870429
0.04555  45896.19312501862
0.0455799999999999  45912.992809519696
0.0455999999999999  45930.016941360285
0.0456300000000001  45946.829006614666
0.0456500000000001  45963.75645502897
0.0456800000000001  45980.6901397498
0.0457  45997.73937316197
0.04573  46014.57622730209
0.04575  46031.63802537594
0.04578  46048.59671860781
0.0458  46065.561659657236
0.0458299999999999  46082.53285082602
0.0458499999999999  46099.61984661511
0.0458800000000001  46116.60358529183
0.0459000000000001  46133.483948078894
0.0459300000000001  46150.589836084415
0.04595  46167.592352811465
0.04598  46184.71088791192
0.046  46201.725975307236
0.04603  46218.74733129649
0.04605  46235.88483421074
0.0460799999999999  46252.918774796904
0.0460999999999999  46269.95899092278
0.0461300000000001  46287.11548266767
0.0461500000000001  46304.16829733453
0.0461800000000001  46321.337473587846
0.0462  46338.51301601992
0.04623  46355.58476625018
0.04625  46372.66280594979
0.04628  46389.74713743583
0.0463  46406.94804556648
0.0463299999999999  46424.155331641785
0.0463499999999999  46441.25863368776
0.0463800000000001  46458.478641825815
0.0464000000000001  46475.59458905481
0.0464300000000001  46492.71684203592
0.04645  46509.95593042272
0.04648  46527.2014109111
0.0465  46544.34267656041
0.04653  46561.490257289464
0.04655  46578.644155424845
0.0465799999999999  46595.91510489983
0.0465999999999999  46613.192458290185
0.0466300000000001  46630.36540423276
0.0466500000000001  46647.544676926576
0.0466800000000001  46664.73027870247
0.0467  46682.033148150906
0.04673  46699.231455957466
0.04675  46716.436099858875
0.04678  46733.75814136869
0.0468  46750.97550537939
0.0468299999999999  46768.19921250558
0.0468499999999999  46785.42926508407
0.0468800000000001  46802.665665452696
0.0469000000000001  46819.90841595001
0.0469300000000001  46837.15751891551
0.04695  46854.412976689535
0.04698  46871.67479161328
0.047  46888.94296602882
0.04703  46906.32897155959
0.04705  46923.60991305516
0.0470799999999999  46940.89722108901
0.0470999999999999  46958.190898006666
0.0471300000000001  46975.3793125159
0.0471500000000001  46992.685693113795
0.0471800000000001  47009.99844962211
0.0472  47027.31758438976
0.04723  47044.53130179325
0.04725  47061.863158942135
0.04728  47079.08952128878
0.0473  47096.43411016455
0.0473299999999999  47113.67312674314
0.0473499999999999  47131.0304566983
0.0473800000000001  47148.28213680447
0.0474000000000001  47165.54013165621
0.0474300000000001  47182.804443564986
0.04745  47200.075074843044
0.04748  47217.46423647301
0.0475  47234.74755450233
0.04753  47252.03719885785
0.04755  47269.33317185526
0.0475799999999999  47286.63547581108
0.0475999999999999  47303.944113042664
0.0476300000000001  47321.25908586821
0.0476500000000001  47338.58039660681
0.0476800000000001  47355.79550990776
0.0477  47373.01688364415
0.04773  47390.35713962882
0.04775  47407.703742781116
0.04778  47424.94399342724
0.0478  47442.30325663238
0.0478299999999999  47459.44330573009
0.0478499999999999  47476.81519694472
0.0478800000000001  47494.08058061144
0.0479000000000001  47511.35224299483
0.0479300000000001  47528.630186378265
0.04795  47545.91441304587
0.04798  47563.204925282625
0.048  47580.50172537434
0.04803  47597.80481560764
0.04805  47614.88789123081
0.0480799999999999  47632.20348631186
0.0480999999999999  47649.525378369486
0.0481300000000001  47666.853569693616
0.0481500000000001  47683.96142723881
0.0481800000000001  47701.30214155115
0.0482  47718.53576227795
0.04823  47735.77560920131
0.04825  47753.02168457066
0.04828  47770.27399063618
0.0483  47787.53252964897
0.0483299999999999  47804.6836994395
0.0483499999999999  47821.954670059895
0.0483800000000001  47839.23188037067
0.0484000000000001  47856.4016053009
0.0484300000000001  47873.57749252603
0.04845  47890.75954425771
0.04848  47908.061612529455
0.0485  47925.256040773704
0.04853  47942.34270862085
0.04855  47959.663412960166
0.0485799999999999  47976.876361332885
0.0485999999999999  47993.98143323967
0.0486300000000001  48011.206698510985
0.0486500000000001  48028.32401012428
0.0486800000000001  48045.561601107685
0.0487  48062.57694389948
0.04873  48079.82682842164
0.04875  48097.08290400833
0.04878  48114.116493077236
0.0488  48131.38487538556
0.0488299999999999  48148.430612502736
0.0488499999999999  48165.596848203924
0.0488800000000001  48182.65470149634
0.0489000000000001  48199.833139023685
0.0489300000000001  48216.9031171036
0.04895  48234.09376513015
0.04898  48251.061211410226
0.049  48268.26403773398
0.04903  48285.24350418942
0.04905  48302.4585174378
0.0490799999999999  48319.450012583984
0.0490999999999999  48336.56235299749
0.0491300000000001  48353.565844948265
0.0491500000000001  48370.575318266456
0.0491800000000001  48387.70576471458
0.0492  48404.72724753081
0.04923  48421.86978888975
0.04925  48438.7881783579
0.04928  48455.827630582105
0.0493  48472.873076823584
0.0493299999999999  48489.80928661738
0.0493499999999999  48506.866686684014
0.0493800000000001  48523.81477369638
0.0494000000000001  48540.768782296225
0.0494300000000001  48557.84410853161
0.04945  48574.810006832195
0.04948  48591.66635831388
0.0495  48608.75958893639
0.04953  48625.6277215468
0.04955  48642.50170770912
0.0495799999999999  48659.49718500446
0.0495999999999999  48676.38292449286
0.0496300000000001  48693.27452364307
0.0496500000000001  48710.28774073819
0.0496800000000001  48727.19110548254
0.0497  48743.98449940227
0.04973  48761.0154343411
0.04975  48777.82048551556
0.04978  48794.63132840177
0.0498  48811.44796499575
0.0498299999999999  48828.38643419643
0.0498499999999999  48845.21470418801
0.0498800000000001  48862.048773893504
0.0499000000000001  48878.77248839496
0.0499300000000001  48895.73432044211
0.04995  48912.46956428949
0.04998  48929.32681278557
