1e-08  42631.144110250854
2.99999999999727e-05  42017.25471509348
4.99999999999545e-05  40823.094737497224
8.00000000000409e-05  39667.2061555706
0.000100000000000023  38566.26429211297
0.000129999999999995  37522.72128725454
0.000149999999999977  36535.47660417186
0.00017999999999995  35602.6240181957
0.000200000000000045  34721.17264879264
0.000230000000000018  33888.33802947855
0.00025  33101.153125760764
0.000279999999999973  32356.49662273172
0.000299999999999955  31651.830776366296
0.000330000000000041  30984.56023156602
0.000350000000000023  30352.2703685162
0.000379999999999995  29752.487804642617
0.000399999999999977  29183.34737564081
0.00042999999999995  28642.781384161233
0.000450000000000045  28128.96301591305
0.000480000000000018  27640.28566646706
0.0005  27175.13994296978
0.000529999999999973  26732.115523997236
0.000549999999999954  26309.98523148799
0.000580000000000041  25907.300586473015
0.000600000000000023  25523.08113517723
0.000629999999999995  25156.11670943774
0.000649999999999977  24805.544030215045
0.00067999999999995  24470.453850342263
0.000700000000000045  24149.893830087694
0.000730000000000018  23843.140271587836
0.00075  23549.417277426783
0.000779999999999973  23268.07486858093
0.000799999999999955  22998.407933149196
0.000830000000000041  22739.83029037894
0.000850000000000023  22491.782950693923
0.000879999999999995  22253.732314089124
0.000899999999999977  22025.2514502176
0.00092999999999995  21805.85014139259
0.000950000000000045  21594.977721897823
0.000980000000000018  21392.347818098486
0.001  21197.526568904814
0.00102999999999997  21010.25560419009
0.00104999999999995  20830.051853745837
0.00108000000000004  20656.605820914232
0.00110000000000002  20489.696875761638
0.00113  20329.036401168916
0.00114999999999998  20174.34626806743
0.00117999999999995  20025.358214975608
0.00120000000000005  19881.81326432383
0.00123000000000002  19743.53553686601
0.00125  19610.281501814145
0.00127999999999997  19481.88884654875
0.00129999999999995  19358.054944426865
0.00133000000000004  19238.70339041073
0.00135000000000002  19123.688803997684
0.00138  19012.72722866699
0.00139999999999998  18905.75597226705
0.00142999999999995  18802.64399432938
0.00145000000000005  18703.12327482974
0.00148000000000002  18607.212735331042
0.0015  18514.722680847004
0.00152999999999997  18425.468118574696
0.00154999999999995  18339.47569494643
0.00158000000000004  18256.497397218616
0.00160000000000002  18176.564348571796
0.00163  18099.43526787114
0.00164999999999998  18025.145274760624
0.00167999999999995  17953.526807413487
0.00170000000000005  17884.483043348126
0.00173000000000002  17817.919319458153
0.00175  17753.876757674258
0.00177999999999997  17692.13000984972
0.00179999999999995  17632.723109479237
0.00183000000000004  17575.50150667104
0.00185000000000002  17520.511189030225
0.00188  17467.53497881933
0.00189999999999998  17416.621227663967
0.00192999999999995  17367.687402041644
0.00195000000000005  17320.652393855693
0.00198000000000002  17275.43643909253
0.002  17232.090848517408
0.00202999999999997  17190.537375873366
0.00204999999999995  17150.63437505518
0.00208000000000004  17112.435262397037
0.00210000000000002  17075.86474074863
0.00213  17040.8485407309
0.00214999999999998  17007.377414133585
0.00217999999999995  16975.44253247326
0.00220000000000005  16944.971660123545
0.00223000000000002  16915.893410262
0.00225  16888.264406070964
0.00227999999999997  16861.95068438307
0.00229999999999995  16836.946234384322
0.00233000000000004  16813.30867691264
0.00235000000000002  16790.905870533268
0.00238  16769.732965602016
0.00239999999999998  16749.722295064672
0.00242999999999995  16730.99579367971
0.00245000000000005  16713.360353278174
0.00248000000000002  16696.87545483867
0.0025  16681.474898800363
0.00252999999999997  16667.15571365467
0.00254999999999995  16653.915138175027
0.00258000000000004  16641.75062052947
0.00260000000000002  16630.53453989271
0.00263  16620.32759006795
0.00264999999999998  16611.12792182792
0.00267999999999995  16602.871334612213
0.00270000000000005  16595.55642691873
0.00273000000000002  16589.18195747696
0.00275  16583.684382691263
0.00277999999999997  16579.062832261843
0.00279999999999995  16575.379005406154
0.00283000000000004  16572.44501722349
0.00285000000000002  16570.447705423416
0.00288  16569.19950778885
0.00289999999999998  16568.825066833226
0.00292999999999995  16569.19950778885
0.00295000000000005  16570.32288142874
0.00298000000000002  16572.257759015713
0.003  16574.94199552481
0.00302999999999997  16578.37595499893
0.00304999999999995  16582.56010321759
0.00308000000000004  16587.43253147917
0.00310000000000002  16592.993845829315
0.00313  16599.30725895767
0.00314999999999998  16606.2485332312
0.00317999999999995  16613.88102990802
0.00320000000000005  16622.205699291342
0.00323000000000002  16631.160937170924
0.00325  16640.747758055088
0.00327999999999997  16650.967248404628
0.00329999999999995  16661.82056683801
0.00333000000000004  16673.246144811535
0.00335000000000002  16685.370839339656
0.00338  16698.007484768394
0.00339999999999998  16711.28311555115
0.00342999999999995  16725.136245190442
0.00345000000000005  16739.568292015152
0.00348000000000002  16754.517628806345
0.0035  16770.111946900444
0.00352999999999997  16786.16334666407
0.00354999999999995  16802.799686693095
0.00358000000000004  16820.022675172455
0.00360000000000002  16837.70724350233
0.00363  16855.918297341475
0.00364999999999998  16874.657504192204
0.00367999999999995  16893.92658115516
0.00370000000000005  16913.72729519154
0.00373000000000002  16933.997681737485
0.00375  16954.73937320182
0.00377999999999997  16975.95404127283
0.00379999999999995  16997.707418519047
0.00383000000000004  17019.873296601225
0.00385000000000002  17042.517406105497
0.00388  17065.705855635584
0.00389999999999998  17089.247684290898
0.00392999999999995  17113.337636823548
0.00395000000000005  17137.7842903189
0.00398000000000002  17162.718361300813
0.004  17188.07713604432
0.00402999999999997  17213.927224851468
0.00404999999999995  17240.140861049018
0.00408000000000004  17266.784621192448
0.00410000000000002  17293.925512271548
0.00413  17321.370025205135
0.00414999999999998  17349.315505795967
0.00417999999999995  17377.633331622186
0.00420000000000005  17406.325177896808
0.00423000000000002  17435.45841388452
0.00425  17464.969314666796
0.00427999999999997  17494.85963194419
0.00429999999999995  17525.131141853108
0.00433000000000004  17555.851768752516
0.00435000000000002  17586.891207867615
0.00438  17618.317317865494
0.00439999999999998  17650.131974416745
0.00442999999999995  17682.27047851882
0.00445000000000005  17714.801111424196
0.00448000000000002  17747.725820942527
0.0045  17780.979608969585
0.00452999999999997  17814.564095041093
0.00454999999999995  17848.480916700515
0.00458000000000004  17882.79908468044
0.00460000000000002  17917.45317868431
0.00463  17952.444894895474
0.00464999999999998  17987.77594807179
0.00467999999999995  18023.38018688632
0.00470000000000005  18059.39499761542
0.00473000000000002  18095.68624399913
0.00475  18132.323597393934
0.00477999999999997  18169.30886362016
0.00479999999999995  18206.57529310825
0.00483000000000004  18244.19302181839
0.00485000000000002  18282.095051017248
0.00488  18320.282828772313
0.00489999999999998  18358.826963858086
0.00492999999999995  18397.66007413351
0.00495000000000005  18436.783649364614
0.00498000000000002  18476.19919233383
0.005  18515.90821893567
0.00502999999999997  18555.91225827336
0.00504999999999995  18596.212852756416
0.00508000000000004  18636.811558199155
0.00510000000000002  18677.639594862732
0.00513  18718.83908860835
0.00514999999999998  18760.270780758183
0.00517999999999995  18801.935810152354
0.00520000000000005  18843.906298466274
0.00523000000000002  18886.183877108055
0.00525  18928.698896889604
0.00527999999999997  18971.452533569805
0.00529999999999995  19014.517588591152
0.00533000000000004  19057.823962186252
0.00535000000000002  19101.372857163937
0.00538  19145.237594551025
0.00539999999999998  19189.275339566615
0.00542999999999995  19233.631707847115
0.00545000000000005  19278.163217348698
0.00548000000000002  19322.943388728385
0.0055  19368.046424219297
0.00552999999999997  19413.32785760548
0.00554999999999995  19458.861738717205
0.00558000000000004  19504.649346486192
0.00560000000000002  19550.618331470207
0.00563  19596.84327878092
0.00564999999999998  19643.32549085564
0.00567999999999995  19689.9921169683
0.00570000000000005  19736.918285722306
0.00573000000000002  19784.03080723941
0.00575  19831.33048166919
0.00577999999999997  19878.89298646885
0.00579999999999995  19926.644616015914
0.00583000000000004  19974.661418743686
0.00585000000000002  20022.793926518076
0.00588  20071.193613013656
0.00589999999999998  20119.78607325102
0.00592999999999995  20168.64810505827
0.00595000000000005  20217.628801057257
0.00598000000000002  20266.804783768188
0.006  20316.17689908491
0.00602999999999997  20365.745997179263
0.00604999999999995  20415.512932524314
0.00608000000000004  20465.478563917743
0.00610000000000002  20515.566482922986
0.00613  20565.931910521744
0.00614999999999998  20616.42098453793
0.00617999999999995  20667.11185060436
0.00620000000000005  20717.927353430223
0.00623000000000002  20768.946025105695
0.00625  20820.090332170028
0.00627999999999997  20871.517807652508
0.00629999999999995  20922.993507424606
0.00633000000000004  20974.675162905245
0.00635000000000002  21026.56367262059
0.00638  21078.50115562389
0.00639999999999998  21130.72610507604
0.00642999999999995  21183.00066371782
0.00645000000000005  21235.484525389944
0.00648000000000002  21288.0984232066
0.0065  21340.842679350622
0.00652999999999997  21393.71761680309
0.00654999999999995  21446.80433811724
0.00658000000000004  21499.9418104735
0.00660000000000002  21553.292118241727
0.00663  21606.693429041392
0.00664999999999998  21660.308632024487
0.00667999999999995  21714.056876650448
0.00670000000000005  21767.85650473651
0.00673000000000002  21821.871620415415
0.00675  21875.93837468382
0.00677999999999997  21930.139086935666
0.00679999999999995  21984.474089070685
0.00683000000000004  22038.94371381093
0.00685000000000002  22093.548294702843
0.00688  22148.204745228646
0.00689999999999998  22202.996408421248
0.00692999999999995  22257.839784949127
0.00695000000000005  22312.818629496436
0.00698000000000002  22367.93327668124
0.007  22423.18406194814
0.00702999999999997  22478.486656677695
0.00704999999999995  22533.840771543273
0.00708000000000004  22589.331197988864
0.00710000000000002  22644.87298010257
0.00713  22700.55132622223
0.00714999999999998  22756.28086092576
0.00717999999999995  22812.147210854335
0.00720000000000005  22868.064579655213
0.00723000000000002  22924.03267064782
0.00725  22980.137739879152
0.00727999999999997  23036.293356731057
0.00729999999999995  23092.499221190807
0.00733000000000004  23148.755031944613
0.00735000000000002  23205.147887901418
0.00738  23261.5905084762
0.00739999999999998  23317.994762129263
0.00742999999999995  23374.623823571586
0.00745000000000005  23431.21390488961
0.00748000000000002  23487.8525244234
0.0075  23544.539372329848
0.00752999999999997  23601.36303132714
0.00754999999999995  23658.14561514511
0.00758000000000004  23715.06481233667
0.00760000000000002  23771.94187789734
0.00763  23828.865603588558
0.00764999999999998  23885.925637477198
0.00767999999999995  23942.941944139715
0.00770000000000005  24000.003954498246
0.00773000000000002  24057.11134711909
0.00775  24114.263799289634
0.00777999999999997  24171.36994590741
0.00779999999999995  24228.611328334522
0.00783000000000004  24285.80532222077
0.00785000000000002  24343.042640377582
0.00787999999999999  24400.32295323903
0.00789999999999998  24457.64592997668
0.00792999999999995  24514.918903416656
0.00795000000000005  24572.23344319929
0.00798000000000002  24629.589214252577
0.008  24686.985880255357
0.00802999999999997  24744.329904481216
0.00804999999999995  24801.620299711256
0.00808000000000004  24859.043339041917
0.00810000000000002  24916.41163462672
0.00812999999999999  24973.72419483133
0.00814999999999998  25031.07430581945
0.00817999999999995  25088.46162131224
0.00820000000000005  25145.791082559557
0.00823000000000002  25203.15661961961
0.00825  25260.55788216859
0.00827999999999997  25317.80380004226
0.00829999999999995  25375.179449615778
0.00833000000000004  25432.49354229555
0.00835000000000002  25489.745074583938
0.00838  25547.02926428719
0.00839999999999998  25604.24931476213
0.00842999999999995  25661.404219315722
0.00845000000000005  25718.58983880695
0.00848000000000002  25775.805810427097
0.0085  25832.85717168921
0.00852999999999997  25890.034808647455
0.00854999999999996  25947.045812181725
0.00858000000000004  26004.084412466054
0.00860000000000002  26061.05208145168
0.00863  26118.046177411143
0.00864999999999998  26174.967740701308
0.00867999999999995  26231.815754738167
0.00870000000000005  26288.58920238994
0.00873000000000002  26345.3862951466
0.00875  26402.107212630235
0.00877999999999997  26458.75093536838
0.00879999999999995  26515.41631299712
0.00883000000000004  26572.00288151766
0.00885000000000002  26628.509619308606
0.00888  26684.935504378205
0.00889999999999998  26741.279514394333
0.00892999999999995  26797.641559261112
0.00895000000000004  26853.920107071783
0.00898000000000002  26910.11413369676
0.009  26966.222614771585
0.00902999999999997  27022.3463046178
0.00904999999999995  27078.280831387416
0.00908000000000004  27134.22893836817
0.00910000000000002  27190.08782065994
0.00913  27245.85645215546
0.00914999999999998  27301.533806680643
0.00917999999999995  27357.22189821511
0.00920000000000004  27412.713829172917
0.00923000000000002  27468.214862431767
0.00925  27523.620930593905
0.00927999999999997  27578.82713127295
0.00929999999999995  27634.039979979923
0.00933000000000004  27689.15478289441
0.00935000000000002  27744.27501130304
0.00938  27799.19084948616
0.00939999999999998  27854.00556193647
0.00942999999999995  27908.718122608472
0.00945000000000005  27963.432829213998
0.00948000000000002  28017.9382146834
0.0095  28072.444105770355
0.00952999999999997  28126.844153120506
0.00954999999999995  28181.137331247653
0.00958000000000004  28235.216267568838
0.00960000000000002  28289.29242888245
0.00963  28343.258647660175
0.00964999999999998  28397.113900346747
0.00967999999999995  28450.857163948218
0.00970000000000005  28504.48741606395
0.00973000000000002  28558.003634918554
0.00975  28611.40479939384
0.00977999999999997  28664.689889060894
0.00979999999999995  28717.857884212153
0.00983000000000004  28770.907765893462
0.00985000000000002  28823.947080504196
0.00987999999999999  28876.757880467874
0.00989999999999998  28929.447514484764
0.00992999999999995  28982.014966932173
0.00995000000000005  29034.568580969582
0.00998000000000002  29086.888824162357
0.01  29181.69864552764
0.01003  29233.843578973814
0.01005  29285.750776172852
0.01008  29337.197644253338
0.0101  29387.960056062944
0.01013  29437.701516988185
0.01015  29485.861254367424
0.0101799999999999  29532.208768756183
0.0102  29576.289674677544
0.01023  29617.647390454775
0.01025  29656.046915857514
0.01028  29691.588433343142
0.0103  29723.70177916331
0.01033  29752.59986695462
0.01035  29778.161096079726
0.01038  29800.26457879058
0.0104  29819.12721059174
0.0104299999999999  29834.630446696017
0.01045  29846.88145367485
0.01048  29856.101123227385
0.0105  29862.174168151327
0.01053  29865.32364072591
0.01055  29865.436128032445
0.01058  29862.849027170472
0.0106  29857.45058202276
0.01063  29849.467171221964
0.01065  29838.788481529864
0.0106799999999999  29825.866757904132
0.0107  29810.368075753922
0.01073  29792.520883548103
0.01075  29772.441546690956
0.01078  29750.02254056194
0.0108  29725.493092002576
0.01083  29698.85845034533
0.01085  29670.01256048569
0.01088  29639.185183643436
0.0109  29606.382556269302
0.01093  29571.388548809602
0.01095  29534.54474205765
0.01098  29495.524871216774
0.011  29454.448625145928
0.01103  29411.435519715946
0.01105  29366.272995507174
0.01108  29318.750294003374
0.0111  29268.87910362355
0.01113  29216.561632927
0.01115  29161.262129030034
0.01118  29102.1209751555
0.0112  29038.615111653482
0.01123  28969.027821967145
0.01125  28891.335892522966
0.01128  28802.676237458312
0.0113  28699.47568765146
0.01133  28577.37155797089
0.01135  28431.039554782143
0.01138  28254.89737981352
0.0114  28043.804742084052
0.01143  27793.432668163114
0.01145  27501.03077353632
0.01148  27165.41799767924
0.0115  26787.045717282384
0.01153  26368.119613611263
0.01155  25911.984815649153
0.01158  25422.53323585996
0.0116  24904.40209783908
0.01163  24362.396401388723
0.01165  23801.0590593926
0.01168  23224.55917672967
0.0117  22636.68648356556
0.01173  22040.936024758215
0.01175  21439.939228565392
0.01178  20836.015358616867
0.0118  20231.111714062932
0.01183  19626.611733272282
0.01185  19023.686873104885
0.01188  18423.316871242518
0.0119  17826.041577827116
0.0119299999999999  17232.480278699622
0.01195  16643.066969247022
0.01198  16058.322533949437
0.012  15478.548924836716
0.01203  14904.318183478215
0.01205  14335.993351675565
0.01208  13774.286050195598
0.0121  13219.741038150409
0.01213  12673.145877068708
0.01215  12135.202087236477
0.0121799999999999  11606.882617293244
0.0122  11089.194132653647
0.01223  10583.029580797353
0.01225  10089.626892758712
0.01228  9610.101873860163
0.0123  9145.682107233903
0.01233  8697.512332386992
0.01235  8266.850634849396
0.01238  7854.731915810903
0.0124  7462.2305567336725
0.0124299999999999  7090.197021675516
0.01245  6739.274648415541
0.01248  6409.92031058861
0.0125  6102.35928261196
0.01253  5816.561981394241
0.01255  5552.236878743306
0.01258  5308.834196876291
0.0126  5085.593866369311
0.01263  4881.604503149404
0.01265  4695.761992117845
0.0126799999999999  4526.872918910857
0.0127  4373.717426411863
0.01273  4235.098292896956
0.01275  4109.82076820293
0.01278  3996.7528490578698
0.0128  3894.939321270124
0.01283  3803.4144123375177
0.01285  3721.3831972063663
0.01288  3648.118057396727
0.0129  3582.939532551291
0.01293  3525.2692628726113
0.01295  3474.587756279666
0.01298  3430.423593834825
0.013  3392.336030254682
0.01303  3359.935548270764
0.01305  3332.887112800866
0.01308  3310.8826773857345
0.0131  3293.6288965701933
0.01313  3280.8748705156727
0.01315  3272.403744459358
0.01318  3268.010212806552
0.0132  3267.4957417174096
0.01323  3270.703276006447
0.01325  3277.4660156727737
0.01328  3287.6549268307726
0.0133  3301.1228164776585
0.01333  3317.772231673824
0.01335  3337.449572134495
0.01338  3360.0671641430804
0.0134  3385.5198836672885
0.01343  3413.6999918035267
0.01345  3444.493201464628
0.01348  3477.799470903983
0.0135  3513.5418985177384
0.01353  3551.593471540168
0.01355  3591.854648868754
0.01358  3634.237712107007
0.0136  3678.646064571759
0.01363  3724.9815720671263
0.01365  3773.13264173076
0.0136799999999999  3823.0190427253774
0.0137  3874.5324336278886
0.01373  3927.6067318812793
0.01375  3982.124922864704
0.01378  4037.997538768213
0.0138  4095.163066910542
0.01383  4153.508630358742
0.01385  4212.966323401536
0.01388  4273.436111441035
0.0139  4334.855472811821
0.0139299999999999  4397.147638274799
0.01395  4460.24086872041
0.01398  4524.0604820688695
0.014  4588.534015497288
0.01403  4653.593340175334
0.01405  4719.201834798237
0.01408  4785.28469509443
0.0141  4851.799483534572
0.01413  4918.701529593804
0.01415  4985.925119661218
0.0141799999999999  5053.458333952214
0.0142  5121.231110456659
0.01423  5189.248219975831
0.01425  5257.435966062069
0.01428  5325.797521595873
0.0143  5394.296171064365
0.01433  5462.89388847385
0.01435  5531.593008530624
0.01438  5600.375539600814
0.0144  5669.2018770189425
0.0144299999999999  5738.0743500937315
0.01445  5806.974207954908
0.01448  5875.904593175636
0.0145  5944.8694566475015
0.01453  6013.828263715476
0.01455  6082.807957603586
0.01458  6151.7910105870205
0.0146  6220.783124139412
0.01463  6289.814534915022
0.01465  6358.845519666184
0.01468  6427.931974763855
0.0147  6497.059329381911
0.01473  6566.237573267909
0.01475  6635.477572431438
0.01478  6704.816328731549
0.0148  6774.2417483957115
0.01483  6843.767364099474
0.01485  6913.459688391081
0.01488  6983.28303601413
0.0149  7053.227100825553
0.01493  7123.388762419136
0.01495  7193.760624890312
0.01498  7264.335176055948
0.015  7335.132415918172
0.01503  7406.173299708983
0.01505  7477.451583553533
0.01508  7548.989353222042
0.0151  7620.809673008616
0.01513  7692.8786458502755
0.01515  7765.21968904115
0.01518  7837.827696176019
0.0152  7910.72726606625
0.01523  7983.883867387324
0.01525  8057.352821901518
0.01528  8131.038455604581
0.0153  8204.996193811012
0.01533  8279.19005273562
0.01535  8353.614307747655
0.01538  8428.199656492423
0.0154  8503.034586810447
0.01543  8578.049335624353
0.01545  8653.204383753808
0.01548  8728.491862763729
0.0155  8803.936971251023
0.01553  8879.432177087561
0.01555  8954.967629686324
0.01558  9030.601412980797
0.0156  9106.256606021432
0.01563  9181.923087219116
0.01565  9257.520911464977
0.01568  9333.073230276748
0.0157  9408.604252262096
0.01573  9483.960636876294
0.01575  9559.236460823578
0.01578  9634.383980601982
0.0158  9709.317681702383
0.01583  9784.060286313057
0.01585  9858.635586906252
0.01588  9932.956205615274
0.0159  10007.007859785612
0.01593  10080.81419589467
0.01595  10154.285194357459
0.01598  10227.482678787186
0.016  10300.35426087679
0.01603  10372.846430204847
0.01605  10445.022594634605
0.01608  10516.789875556695
0.0161  10588.212747365478
0.01613  10659.2373867555
0.01615  10729.849312874485
0.01618  10800.074729443017
0.0162  10869.859020624055
0.01623  10939.228936505502
0.01625  11008.170824249133
0.01628  11076.67104631434
0.0163  11144.715984882567
0.01633  11212.334277236316
0.01635  11279.470632991575
0.01638  11346.19698471851
0.0164  11412.458343890687
0.01643  11478.19875084913
0.01645  11543.53521023321
0.01648  11608.41281567173
0.0165  11672.77571150462
0.01653  11736.699732265894
0.01655  11800.129338410961
0.01658  11863.052755291492
0.0166  11925.548088308293
0.01663  11987.559907325407
0.01665  12049.031885650822
0.0166799999999999  12110.089270893319
0.0167  12170.630903453348
0.01673  12230.645975667301
0.01675  12290.170024140696
0.01678  12349.239531247535
0.0168  12407.751708562115
0.01683  12465.836819125723
0.01685  12523.439115869525
0.01688  12580.454640944094
0.0169  12637.015765028616
0.0169299999999999  12693.114039884395
0.01695  12748.645022799143
0.01698  12803.743779546612
0.017  12858.25732701623
0.01703  12912.370713142556
0.01705  12965.979271076703
0.01708  13019.074835045816
0.0171  13071.649292731521
0.01713  13123.793447921023
0.01715  13175.401217537534
0.0171799999999999  13226.564284381659
0.0172  13277.27590164746
0.01723  13327.529362936337
0.01725  13377.267618444264
0.01728  13426.584631810832
0.0173  13475.474383921099
0.01733  13523.879954148055
0.01735  13571.845972538744
0.01738  13619.417833749665
0.0174  13666.487257990522
0.0174299999999999  13713.202842094524
0.01745  13759.508026545205
0.01748  13805.397582188747
0.0175  13850.918483154685
0.01753  13895.961401140192
0.01755  13940.678224447245
0.01758  13984.959518745545
0.0176  14028.958744017946
0.01763  14072.513344790214
0.01765  14115.671492371002
0.0176799999999999  14158.535370125215
0.0177  14201.048009410904
0.01773  14243.205469102986
0.01775  14285.00383248288
0.01778  14326.493168167543
0.0178  14367.615959309132
0.01783  14408.422630747318
0.01785  14448.909822029762
0.01788  14489.12876501743
0.0179  14528.967142844826
0.0179299999999999  14568.530948259426
0.01795  14607.762324609523
0.01798  14646.713175752315
0.018  14685.38069706495
0.01803  14723.762098922956
0.01805  14761.799006933466
0.01808  14799.543978029376
0.0181  14837.10603976603
0.01813  14874.315239052186
0.01815  14911.28077143152
0.0181799999999999  14947.94405731565
0.0182  14984.415294446851
0.01823  15020.579489103644
0.01825  15056.433991013993
0.01828  15092.033011777525
0.0183  15127.431313497515
0.01833  15162.512871584959
0.01835  15197.389580340172
0.01838  15232.059653448023
0.0184  15266.40631057833
0.0184299999999999  15300.484638157113
0.01845  15334.408008238786
0.01848  15368.059286600806
0.0185  15401.494362811633
0.01853  15434.653371417196
0.01855  15467.650734446788
0.01858  15500.368346953024
0.0186  15532.86264097087
0.01863  15565.190549026041
0.01865  15597.233255995969
0.01868  15629.106457968197
0.0187  15660.690875434268
0.01873  15692.102703311937
0.01875  15723.340647987397
0.01878  15754.344082621306
0.0188  15785.11137592659
0.01883  15815.700476150361
0.01885  15846.110115390467
0.01888  15876.279233641797
0.0189  15906.326056810462
0.01893  15936.129627156262
0.01895  15965.74849984471
0.01898  15995.121192912555
0.019  16024.427212083157
0.01903  16053.42413195365
0.01905  16082.29180121342
0.01908  16110.968652752415
0.0191  16139.45348146761
0.01913  16167.805984379294
0.01915  16195.96428587075
0.01918  16223.988305707355
0.0192  16251.754753459149
0.01923  16279.44608910773
0.01925  16306.877507576673
0.01928  16334.170580973587
0.0193  16361.386085133163
0.01933  16388.33830043535
0.01935  16415.14943133072
0.01938  16441.81864061338
0.0194  16468.345094527285
0.01943  16494.727962809586
0.01945  16520.904192988794
0.01948  16546.93499133894
0.0195  16572.819539986835
0.01953  16598.61954295999
0.01955  16624.209249718984
0.01958  16649.65027483095
0.0196  16674.941815384325
0.01963  16700.14597293414
0.01965  16725.199240172522
0.01968  16750.10082413945
0.0197  16774.78675384542
0.01973  16799.44579026304
0.01975  16823.950973396055
0.01978  16848.301524630013
0.0198  16872.496669464643
0.01983  16896.59927811021
0.01985  16920.545124004824
0.01988  16944.397264040144
0.0199  16968.09129644822
0.01993  16991.6264643111
0.01995  17015.06610180291
0.01998  17038.409723759454
0.02  17061.65684652043
0.02003  17084.678289319774
0.02005  17107.66635937704
0.02008  17130.427273260088
0.0201  17153.153862322317
0.02013  17175.781217384232
0.02015  17198.244089481403
0.02018  17220.606616454428
0.0202  17242.868330696914
0.02023  17265.028766275955
0.02025  17287.02234763038
0.02028  17308.913558389315
0.0203  17330.701938898314
0.02033  17352.387031247912
0.02035  17373.96837928961
0.02038  17395.445528651828
0.0204  17416.752426811436
0.02043  17438.019742784072
0.02045  17459.181508180405
0.02048  17480.17143708568
0.0205  17501.12068296951
0.02053  17521.897046982343
0.02055  17542.698075547196
0.02058  17563.25918940974
0.0206  17583.778173109444
0.02063  17604.188516847786
0.02065  17624.489786843318
0.0206799999999999  17644.681551279085
0.0207  17664.829914391874
0.02073  17684.801455413723
0.02075  17704.795575902957
0.02078  17724.545262912463
0.0208  17744.316980683925
0.02083  17763.91003051139
0.02085  17783.457733601495
0.02088  17802.8928383846
0.0209  17822.214928838275
0.0209299999999999  17841.490790504486
0.02095  17860.585684576276
0.02098  17879.701014999708
0.021  17898.7019729923
0.02103  17917.520664510757
0.02105  17936.359141997542
0.02108  17955.01454358914
0.0211  17973.689348450134
0.02113  17992.18027414102
0.02115  18010.622386131767
0.0211799999999999  18028.947589624873
0.0212  18047.22346379286
0.02123  18065.381777892522
0.02125  18083.490250878083
0.02128  18101.54869631109
0.0213  18119.42043480872
0.02133  18137.309818152225
0.02135  18155.011721228075
0.02138  18172.662454184225
0.0214  18190.26183424528
0.0214299999999999  18207.74109984736
0.02145  18225.237161509256
0.02148  18242.54390376638
0.0215  18259.86708056011
0.02153  18277.000186553847
0.02155  18294.149368421506
0.02158  18311.107734905858
0.0216  18328.081821508604
0.02163  18344.933450692424
0.02165  18361.73141479723
0.0216799999999999  18378.475538087307
0.0217  18395.165645275003
0.02173  18411.662866742514
0.02175  18428.17488331008
0.02178  18444.562765630573
0.0218  18460.96522143371
0.02183  18477.173480878657
0.02185  18493.395970764486
0.02188  18509.562987585752
0.0219  18525.604584589313
0.0219299999999999  18541.520411293048
0.02195  18557.51980806054
0.02198  18573.323141393645
0.022  18589.069917170953
0.02203  18604.759968772174
0.02205  18620.463263516835
0.02208  18636.03942757621
0.0221  18651.55837039645
0.02213  18666.94961858137
0.02215  18682.28320106204
0.0221799999999999  18697.6293789992
0.0222  18712.84719914078
0.02223  18728.006866154225
0.02225  18743.10821868533
0.02228  18758.15109590865
0.0223  18773.13533753037
0.02233  18787.990019100354
0.02235  18802.856454783894
0.02238  18817.663777425143
0.0224  18832.41182888574
0.0224299999999999  18847.10045157303
0.02245  18861.587404386883
0.02248  18876.15658919731
0.0225  18890.6658762103
0.02253  18905.043904472845
0.02255  18919.432876113355
0.02258  18933.69017225587
0.0226  18947.958212404013
0.02263  18962.094163482237
0.02265  18976.240660557585
0.02268  18990.326184710815
0.0227  19004.350584538624
0.02273  19018.24207728476
0.02275  19032.21540850168
0.02278  19045.98379631468
0.0228  19059.762144528988
0.02283  19073.47862037075
0.02285  19087.20496735929
0.02288  19100.79730657771
0.0229  19114.3273313079
0.02293  19127.866940013366
0.02295  19141.34404388935
0.02298  19154.68635149103
0.023  19168.037959232326
0.02303  19181.32662740844
0.02305  19194.552212247647
0.02308  19207.714570591877
0.0231  19220.88595481362
0.02313  19233.99392654423
0.02315  19247.038343763335
0.02318  19260.019065072363
0.0232  19272.93594969706
0.02323  19285.86149713295
0.02325  19298.650336745155
0.02328  19311.52039317846
0.0233  19324.25346319744
0.02333  19336.922096543232
0.02335  19349.526155508967
0.02338  19362.138429965325
0.0234  19374.685950794843
0.02343  19387.241602972
0.02345  19399.659254422997
0.02348  19412.084859458657
0.0235  19424.44526128313
0.02353  19436.8135334386
0.02355  19449.043171584803
0.02358  19461.280504616218
0.0236  19473.452190900414
0.02363  19485.631489733383
0.02365  19497.74496790379
0.02368  19509.792493214925
0.0237  19521.847462610822
0.02373  19533.83630678117
0.02375  19545.75889477784
0.02378  19557.61509632143
0.0238  19569.47848968171
0.02383  19581.275326632807
0.02385  19593.079274931402
0.02388  19604.74265663086
0.0239  19616.486866249987
0.02393  19628.090253120416
0.02395  19639.700503533117
0.02398  19651.243605425123
0.024  19662.793491697645
0.02403  19674.276063463876
0.02405  19685.765340760263
0.0240799999999999  19697.1129494451
0.0240999999999999  19708.467099314425
0.0241300000000001  19719.90206858301
0.0241500000000001  19731.195037691035
0.0241800000000001  19742.420114390283
0.0242  19753.65157703557
0.02423  19764.814985372075
0.02425  19775.91021682311
0.02428  19787.086204215393
0.0243  19798.193937899705
0.0243299999999999  19809.23329586355
0.0243499999999999  19820.204156798998
0.0243800000000001  19831.255787533082
0.0244000000000001  19842.164109866528
0.0244300000000001  19853.003656350586
0.02445  19863.923941252895
0.02448  19874.775374883066
0.0245  19885.557837862878
0.02453  19896.34615054442
0.02455  19907.065336429612
0.0245799999999999  19917.790297292042
0.0245999999999999  19928.52103624297
0.0246300000000001  19939.032255322996
0.0246500000000001  19949.699298158346
0.0246800000000001  19960.296867512585
0.0247  19970.824846628297
0.02473  19981.358378684683
0.02475  19991.822167703584
0.02478  20002.29143637399
0.0248  20012.690810057014
0.0248299999999999  20023.09559046924
0.0248499999999999  20033.430324798097
0.0248800000000001  20043.845887873107
0.0249000000000001  20054.11579873966
0.0249300000000001  20064.390971623776
0.02495  20074.671409221577
0.02498  20084.805815688444
0.025  20095.021025682254
0.02503  20131.156395679915
0.02505  20142.457277562804
0.0250799999999999  20153.08133646158
0.0250999999999999  20163.40721654315
0.0251300000000001  20173.66240351374
0.0251500000000001  20183.770762268556
0.0251800000000001  20193.884185989486
0.0252  20203.85048191064
0.02523  20213.74556172363
0.02525  20223.645487771475
0.02528  20233.550262427678
0.0253  20243.30739553477
0.0253299999999999  20253.221799847808
0.0253499999999999  20262.91209910779
0.0253800000000001  20272.683391240123
0.0254000000000001  20282.306609025673
0.0254300000000001  20292.01082412126
0.02545  20301.643216424673
0.02548  20311.203679264945
0.0255  20320.76864432452
0.02553  20330.261540089563
0.02555  20339.835479889163
0.0255799999999999  20349.260637578307
0.0255999999999999  20358.766843446276
0.0256300000000001  20368.200773629524
0.0256500000000001  20377.639075346637
0.0256800000000001  20387.081750623318
0.0257  20396.375155896898
0.02573  20405.749655217744
0.02575  20415.051570213574
0.02578  20424.35772546639
0.0258  20433.5911600856
0.0258299999999999  20442.828768951847
0.0258499999999999  20452.070553952246
0.0258800000000001  20461.239450014316
0.0259000000000001  20470.412456596892
0.0259300000000001  20479.589575542737
0.02595  20488.693638329285
0.02598  20497.80174826528
0.026  20506.913907149814
0.02603  20516.03011678285
0.02605  20525.073071576317
0.0260799999999999  20534.04267110624
0.0260999999999999  20543.09356538475
0.0261300000000001  20552.14844907191
0.0261500000000001  20561.052437825343
0.0261800000000001  20570.037760588275
0.0262  20578.949499686103
0.02623  20587.942643589406
0.02625  20596.784562288725
0.02628  20605.63027833329
0.0263  20614.557437491872
0.0263299999999999  20623.410786466084
0.0263499999999999  20632.19022685051
0.0263800000000001  20640.973404665874
0.0264000000000001  20649.760321503207
0.0264300000000001  20658.550978954216
0.02645  20667.3453786113
0.02648  20676.065645967396
0.0265  20684.789592705692
0.02653  20693.517220378646
0.02655  20702.24853053938
0.0265799999999999  20710.905517417657
0.0265999999999999  20719.566124357865
0.0266300000000001  20728.230352873805
0.0266500000000001  20736.820099548982
0.0266800000000001  20745.491543099386
0.0267  20754.088442785167
0.02673  20762.610702942082
0.02675  20771.214696781288
0.02678  20779.82225610226
0.0268  20788.35508334587
0.0268299999999999  20796.891414427962
0.0268499999999999  20805.352887728674
0.0268800000000001  20813.81780368478
0.0269000000000001  20822.364590534544
0.0269300000000001  20830.836427913007
0.02695  20839.311712163613
0.02698  20847.790444688773
0.027  20856.194072340226
0.02703  20864.679673663082
0.02705  20873.011491374436
0.0270799999999999  20881.425285488658
0.0270999999999999  20889.76379016513
0.0271300000000001  20898.105624626765
0.0271500000000001  20906.529534045665
0.0271800000000001  20914.878063511682
0.0272  20923.229926766035
0.02723  20931.58512513999
0.02725  20939.864790269577
0.02728  20948.147730490593
0.0273  20956.433947098496
0.0273299999999999  20964.72344138931
0.0273499999999999  20972.93722039695
0.0273800000000001  20981.154217484993
0.0274000000000001  20989.453490087355
0.0274300000000001  20997.676958092587
0.02745  21005.903647974264
0.02748  21014.133560994705
0.0275  21022.28751827694
0.02753  21030.444639478294
0.02755  21038.68416742552
0.0275799999999999  21046.768378549605
0.0275999999999999  21055.014301982348
0.0276300000000001  21063.184121913146
0.0276500000000001  21071.277747257394
0.0276800000000001  21079.374482614392
0.0277  21087.553754844124
0.02773  21095.65674433187
0.02775  21103.762847430582
0.02778  21111.792548077523
0.0278  21119.984399247052
0.0278299999999999  21128.020271978385
0.0278499999999999  21135.97959389293
0.0278800000000001  21144.101191231985
0.0279000000000001  21152.14624008141
0.0279300000000001  21160.19434996476
0.02795  21168.245522046713
0.02798  21176.219997568183
0.028  21184.277267195575
0.02803  21192.25778217644
0.02805  21200.24130356713
0.0280799999999999  21208.227832500226
0.0280999999999999  21216.297280682447
0.0281300000000001  21224.209917526023
0.0281500000000001  21232.205475886003
0.0281800000000001  21240.124045705063
0.0282  21248.12559921591
0.02823  21256.05010645905
0.02825  21263.977569154176
0.02828  21271.988108735153
0.0283  21279.921515522332
0.0283299999999999  21287.85788108059
0.0283499999999999  21295.71699650549
0.0283800000000001  21303.659253002355
0.0284000000000001  21311.524202025288
0.0284300000000001  21319.47235383344
0.02845  21327.262811959743
0.02848  21335.13647501559
0.0285  21343.013044894058
0.02853  21350.892522668288
0.02855  21358.77490941183
0.0285799999999999  21366.66020619863
0.0285999999999999  21374.54841410302
0.0286300000000001  21382.439534199744
0.0286500000000001  21390.172435714572
0.0286800000000001  21398.069323934604
0.0287  21405.888502584294
0.02873  21413.791192909182
0.02875  21421.535432666726
0.02878  21429.363186187995
0.0288  21437.19380008897
0.0288299999999999  21444.94650333619
0.0288499999999999  21452.782811617293
0.0288800000000001  21460.621983404148
0.0289000000000001  21468.383159390592
0.0289300000000001  21476.228031780814
0.02895  21483.913932803593
0.02898  21491.764480373666
0.029  21499.53691896005
0.02903  21507.31216842786
0.02905  21515.09022979364
0.0290799999999999  21522.871104074315
0.0290999999999999  21530.65479228716
0.0291300000000001  21538.360171529923
0.0291500000000001  21546.068308369697
0.0291800000000001  21553.860385788834
0.0292  21561.574069837006
0.02923  21569.3717548729
0.02925  21577.09099012158
0.02928  21584.81298792603
0.0293  21592.619077253894
0.0293299999999999  21600.346632241883
0.0293499999999999  21607.995566562524
0.0293800000000001  21615.81003980735
0.0294000000000001  21623.46444990071
0.0294300000000001  21631.203043814203
0.02945  21638.862904749556
0.02948  21646.688541083877
0.0295  21654.35388561419
0.02953  21662.02194453227
0.02955  21669.77433738135
0.0295799999999999  21677.447856861
0.0295999999999999  21685.205770327346
0.0296300000000001  21692.884754257142
0.0296500000000001  21700.566457404573
0.0296800000000001  21708.250880732565
0.0297  21715.93802520435
0.02973  21723.62789178352
0.02975  21731.32048143402
0.02978  21739.015795120104
0.0298  21746.713833806396
0.0298299999999999  21754.414598457846
0.0298499999999999  21762.03612364763
0.0298800000000001  21769.742314100364
0.0299000000000001  21777.4512334049
0.0299300000000001  21785.080829337876
0.02995  21792.795180189303
0.02998  21800.512262782206
0.03  21808.149938004808
0.03003  21815.872457896297
0.03005  21823.515514468676
0.0300799999999999  21831.243475489755
0.0300999999999999  21838.809661644966
0.0301300000000001  21846.460754125426
0.0301500000000001  21854.196840323108
0.0301800000000001  21861.853323606865
0.0302  21869.512489292396
0.03023  21877.174338319448
0.03025  21884.838871628137
0.03028  21892.50609015887
0.0303  21900.175994852398
0.0303299999999999  21907.76607136796
0.0303499999999999  21915.523866492495
0.0303800000000001  21923.201835322223
0.0304000000000001  21930.79989204265
0.0304300000000001  21938.48321273385
0.03045  21946.16922522914
0.03048  21953.77524189687
0.0305  21961.466611860407
0.03053  21969.160676448046
0.03055  21976.774661402145
0.0305799999999999  21984.474089070685
0.0305999999999999  21992.093381286857
0.0306300000000001  21999.798175774566
0.0306500000000001  22007.4227789522
0.0306800000000001  22015.13294399999
0.0307  22022.762861841038
0.03073  22030.4784011924
0.03075  22038.113637401402
0.03078  22045.834554802448
0.0308  22053.392049306567
0.0308299999999999  22061.118319405145
0.0308499999999999  22068.76417467601
0.0308800000000001  22076.495830304044
0.0309000000000001  22084.147015051913
0.0309300000000001  22091.80085151718
0.03095  22099.457340618872
0.03098  22107.116483276313
0.031  22114.778280409177
0.03103  22122.5260567958
0.03105  22130.1931945178
0.0310799999999999  22137.779607861637
0.0310999999999999  22145.535442621687
0.0311300000000001  22153.21055484577
0.0311500000000001  22160.888327079938
0.0311800000000001  22168.652257837453
0.0312  22176.25185526643
0.03123  22183.93761306351
0.03125  22191.626034560188
0.03128  22199.317120679614
0.0313  22207.09451472833
0.0313299999999999  22214.70729048106
0.0313499999999999  22222.40637601102
0.0313800000000001  22230.108129859636
0.0314000000000001  22237.812552951706
0.0314300000000001  22245.51964621229
0.03145  22253.22941056683
0.03148  22260.94184694106
0.0315  22268.65695626102
0.03153  22276.37473945311
0.03155  22284.09519744402
0.0315799999999999  22291.818331160775
0.0315999999999999  22299.544141530718
0.0316300000000001  22307.27262948151
0.0316500000000001  22315.003795941135
0.0316800000000001  22322.7376418379
0.0317  22330.474168100438
0.03173  22338.213375657702
0.03175  22345.955265438955
0.03178  22353.6998383738
0.0318  22361.447095392155
0.0318299999999999  22369.112784486726
0.0318499999999999  22376.865383263073
0.0318800000000001  22384.620668904492
0.0319000000000001  22392.378642342188
0.0319300000000001  22400.223674306126
0.03195  22407.987055371825
0.03198  22415.75312703947
0.032  22423.437432691047
0.03203  22431.20885908945
0.03205  22439.06749498071
0.0320799999999999  22446.844338384384
0.0320999999999999  22454.623877055736
0.0321300000000001  22462.40611192887
0.0321500000000001  22470.19104393824
0.0321800000000001  22477.978674018606
0.0322  22485.853695426526
0.03223  22493.562032132995
0.03225  22501.442513074464
0.03228  22509.240974165594
0.0323  22517.042138016583
0.0323299999999999  22524.84600556412
0.0323499999999999  22532.73744665302
0.0323800000000001  22540.461855497357
0.0324000000000001  22548.35876750313
0.0324300000000001  22556.17348864446
0.03245  22563.99091818098
0.03248  22571.896073448963
0.0325  22579.633906194576
0.03253  22587.54454188709
0.03255  22595.37284387937
0.0325799999999999  22603.28899361177
0.0325999999999999  22611.207916718486
0.0326300000000001  22619.044419869766
0.0326500000000001  22626.883638965366
0.0326800000000001  22634.72557494655
0.0327  22642.655511665947
0.03273  22650.502913800505
0.03275  22658.3530356567
0.03278  22666.291250111462
0.0328  22674.232245670766
0.0328299999999999  22682.17602330897
0.0328499999999999  22690.037122306392
0.0328800000000001  22697.98643708579
0.0329000000000001  22705.93853685868
0.0329300000000001  22713.807871374203
0.03295  22721.765514089162
0.03298  22729.725944715246
0.033  22737.603523376656
0.03303  22745.655173608022
0.03305  22753.538272958678
0.0330799999999999  22761.50983497517
0.0330999999999999  22769.484189779327
0.0331300000000001  22777.461338349578
0.0331500000000001  22785.441281664713
0.0331800000000001  22793.338169927585
0.0332  22801.409556446444
0.03323  22809.397889872307
0.03325  22817.389021961604
0.03328  22825.382953694807
0.0333  22833.37968605277
0.0333299999999999  22841.46525173884
0.0333499999999999  22849.4676184309
0.0333800000000001  22857.47278870284
0.0334000000000001  22865.48076353688
0.0334300000000001  22873.577696588378
0.03345  22881.591313677724
0.03348  22889.607738288476
0.0335  22897.799458886067
0.03353  22905.821561920682
0.03355  22913.932780118717
0.0335799999999999  22921.960535363087
0.0335999999999999  22930.07746855959
0.0336300000000001  22938.19727605668
0.0336500000000001  22946.233532217764
0.0336800000000001  22954.35906076517
0.0337  22962.48746665687
0.03373  22970.618750911763
0.03375  22978.752914549113
0.03378  22986.889958588556
0.0338  22995.029884050055
0.0338299999999999  23003.17269195397
0.0338499999999999  23011.318383321002
0.0338800000000001  23019.553661659254
0.0339000000000001  23027.70515371846
0.0339300000000001  23035.859532315917
0.03395  23044.016798473825
0.03398  23052.176953214686
0.034  23060.42685399613
0.03403  23068.679707247666
0.03405  23076.848595411768
0.0340799999999999  23085.10732566734
0.0340999999999999  23093.3690115529
0.0341300000000001  23101.54664248721
0.0341500000000001  23109.814211666697
0.0341800000000001  23118.08473963942
0.0342  23126.358227464287
0.03423  23134.634676200556
0.03425  23142.82691978734
0.03428  23151.10926233042
0.0343  23159.48179847619
0.0343299999999999  23167.770101458365
0.0343499999999999  23175.974078685158
0.0343800000000001  23184.35560712461
0.0344000000000001  23192.740166721193
0.0344300000000001  23200.952986138913
0.03445  23209.343548132794
0.03448  23217.737144550752
0.0345  23226.046295925084
0.03453  23234.44593284668
0.03455  23242.84860747429
0.0345799999999999  23251.16674572557
0.0345999999999999  23259.575467389994
0.0346300000000001  23267.899591840967
0.0346500000000001  23276.402034793067
0.0346800000000001  23284.81988273164
0.0347  23293.240774962193
0.03473  23301.66471258567
0.03475  23310.091696703454
0.03478  23318.609557289754
0.0348  23326.9548088293
0.0348299999999999  23335.478831452205
0.0348499999999999  23343.91804435475
0.0348800000000001  23352.448265600866
0.0349000000000001  23360.893615453446
0.0349300000000001  23369.518060448256
0.03495  23377.969583546048
0.03498  23386.512247740357
0.035  23395.058033553556
0.03503  23403.518793113653
0.03505  23412.1589745998
0.0350799999999999  23420.71413211547
0.0350999999999999  23429.360661828618
0.0351300000000001  23437.922105101356
0.0351500000000001  23446.48667685514
0.0351800000000001  23455.1427213539
0.0352  23463.713585781712
0.03523  23472.287582133205
0.03525  23480.95315188781
0.03528  23489.621920823516
0.0353  23498.205384473084
0.0353299999999999  23506.969060963052
0.0353499999999999  23515.64743453036
0.0353800000000001  23524.24040829683
0.0354000000000001  23532.92515815212
0.0354300000000001  23541.70178341241
0.03545  23550.392979710683
0.03548  23559.087384650975
0.0355  23567.873767136793
0.03553  23576.663426511725
0.03555  23585.367530054602
0.0355799999999999  23594.163713743896
0.0355999999999999  23602.87427809548
0.0356300000000001  23611.67699094195
0.0356500000000001  23620.482986767965
0.0356800000000001  23629.3812661831
0.0357  23638.193864834226
0.03573  23647.00975015183
0.03575  23655.82892336165
0.03578  23664.651385689936
0.0358  23673.5663041702
0.0358299999999999  23682.395381670336
0.0358499999999999  23691.316984647045
0.0358800000000001  23700.15268227917
0.0359000000000001  23709.08097476441
0.0359300000000001  23718.01263070504
0.03595  23726.94765136817
0.03598  23735.886038021323
0.036  23744.82779193256
0.03603  23753.772914370373
0.03605  23762.810908547843
0.0360799999999999  23771.762805563318
0.0360999999999999  23780.807644654746
0.0361300000000001  23789.766321378607
0.0361500000000001  23798.81801056799
0.0361800000000001  23807.87314380453
0.0362  23816.93172239866
0.03623  23825.993747661265
0.03625  23835.059220903775
0.03628  23844.21795199948
0.0363  23853.29035930899
0.0363299999999999  23862.45609580344
0.0363499999999999  23871.445531031794
0.0363800000000001  23880.618243734465
0.0364000000000001  23889.794481094174
0.0364300000000001  23898.97424446527
0.03645  23908.157535202638
0.03648  23917.34435466172
0.0365  23926.534704198395
0.03653  23935.72858516916
0.03655  23944.925998930943
0.0365799999999999  23954.217169711537
0.0365999999999999  23963.421687796937
0.0366300000000001  23972.720035321534
0.0366500000000001  23982.021990814454
0.0366800000000001  23991.327555675696
0.0367  24000.546333597522
0.03673  24009.85908632113
0.03675  24019.265920477126
0.03678  24028.495433844102
0.0368  24037.90956954359
0.0368299999999999  24047.327393611824
0.0368499999999999  24056.6582984407
0.0368800000000001  24066.083468082375
0.0369000000000001  24075.512330415742
0.0369300000000001  24084.854171635146
0.03695  24094.38113894526
0.03698  24103.821088036628
0.037  24113.26473561015
0.03703  24122.8029409586
0.03705  24132.254025441347
0.0370799999999999  24141.799742163625
0.0370999999999999  24151.258269412185
0.0371300000000001  24160.811503423538
0.0371500000000001  24170.36851629722
0.0371800000000001  24179.929309528
0.0372  24189.584993987643
0.03723  24199.153388458322
0.03725  24208.725567788188
0.03728  24218.392751354364
0.0373  24227.972540976585
0.0373299999999999  24237.738701113525
0.0373499999999999  24247.3261431894
0.0373800000000001  24257.100104655092
0.0374000000000001  24266.786605451594
0.0374300000000001  24276.568411320703
0.03745  24286.262686326292
0.03748  24295.96083251197
0.0375  24305.754398348716
0.03753  24315.46032808985
0.03755  24325.353374808274
0.0375799999999999  24335.15878861432
0.0375999999999999  24344.968154927807
0.0376300000000001  24354.873207271663
0.0376500000000001  24364.690520356977
0.0376800000000001  24374.51179074625
0.0377  24384.520706881067
0.03773  24394.349970707543
0.03775  24404.275114655844
0.03778  24414.296252517015
0.0378  24424.229511857535
0.0378299999999999  24434.166812667878
0.0378499999999999  24444.10815659234
0.0378800000000001  24454.237757295887
0.0379000000000001  24464.187267333193
0.0379300000000001  24474.233006947085
0.03795  24484.28287164729
0.03798  24494.336863127723
0.038  24504.48727852975
0.03803  24514.64190024828
0.03805  24524.708358069518
0.0380799999999999  24534.871359372195
0.0380999999999999  24545.038572206933
0.0381300000000001  24555.209998318987
0.0381500000000001  24565.478164621563
0.0381800000000001  24575.658060869173
0.0382  24585.842175650072
0.03823  24596.123151303134
0.03825  24606.40842611584
0.03828  24616.698001885932
0.0383  24626.991880411948
0.0383299999999999  24637.29006349317
0.0383499999999999  24647.59255292958
0.0383800000000001  24657.99222414077
0.0384000000000001  24668.30337052732
0.0384300000000001  24678.71178034829
0.03845  24689.124581837124
0.03848  24699.541776846814
0.0385  24710.056436948267
0.03853  24720.482463831107
0.03855  24731.006038438278
0.0385799999999999  24741.534092958907
0.0385999999999999  24752.066629300134
0.0386300000000001  24762.60364936987
0.0386500000000001  24773.14515507684
0.0386800000000001  24783.78449574237
0.0387  24794.335018191538
0.03873  24804.983459282987
0.03875  24815.636473568175
0.03878  24826.29406301116
0.0388  24836.956229576826
0.0388299999999999  24847.71656344098
0.0388499999999999  24858.294301940037
0.0388800000000001  24869.063880285707
0.0389000000000001  24879.838124430888
0.0389300000000001  24890.617036397012
0.03895  24901.494408969105
0.03898  24912.282703278597
0.039  24923.075671496114
0.03903  24933.87331564655
0.03905  24944.769591513188
0.0390799999999999  24955.764624298063
0.0390999999999999  24966.670466818687
0.0391300000000001  24977.48699792725
0.0391500000000001  24988.496451729505
0.0391800000000001  24999.510758224646
0.0392  25010.5299195516
0.03923  25021.459694886726
0.03925  25032.488530757957
0.03928  25043.61655392694
0.0393  25054.65515598946
0.0393299999999999  25065.79303318149
0.0393499999999999  25076.935861641363
0.0393800000000001  25087.989150024383
0.0394000000000001  25099.141845617614
0.0394300000000001  25110.39407664345
0.03945  25121.556732195
0.03948  25132.819012069678
0.0395  25144.08634095264
0.03953  25155.26397417199
0.03955  25166.54136538698
0.0395799999999999  25177.823812384835
0.0395999999999999  25189.20619185304
0.0396300000000001  25200.593717062326
0.0396500000000001  25211.89143011709
0.0396800000000001  25223.38421401034
0.0397  25234.69214430435
0.03973  25246.195321851752
0.03975  25257.60861068176
0.03978  25269.122234648752
0.0398  25280.545888267367
0.0398299999999999  25292.165230353825
0.0398499999999999  25303.59930123977
0.0398800000000001  25315.22923904249
0.0399000000000001  25326.769129243057
0.0399300000000001  25338.409716268285
0.03995  25350.055653492946
0.03998  25361.706943376095
0.04  25373.36358837791
0.04003  25385.025590959674
0.04005  25396.788609857955
0.0400799999999999  25408.46137895319
0.0400999999999999  25420.331002570398
0.0401300000000001  25432.11038143737
0.0401500000000001  25443.89521868199
0.0401800000000001  25455.781395302347
0.0402  25467.577201319968
0.04023  25479.37847332732
0.04025  25491.37723857458
0.04028  25503.285596534297
0.0403  25515.199517511977
0.0403299999999999  25527.21515162834
0.0403499999999999  25539.140251355017
0.0403800000000001  25551.1671596571
0.0404000000000001  25563.29601509805
0.0404300000000001  25575.334298847894
0.04045  25587.378251674032
0.04048  25599.427876246165
0.0405  25611.676106155304
0.04053  25623.833684521516
0.04055  25635.99703395524
0.0405799999999999  25648.166157195927
0.0405999999999999  25660.43770628523
0.0406300000000001  25672.618431241786
0.0406500000000001  25684.90167969701
0.0406800000000001  25697.19080516057
0.0407  25709.48581044436
0.04073  25721.88357909662
0.04075  25734.28732626859
0.04078  25746.600080649034
0.0408  25759.015746747355
0.0408299999999999  25771.437399995997
0.0408499999999999  25783.962157834267
0.0408800000000001  25796.3958408775
0.0409000000000001  25808.93272836236
0.0409300000000001  25821.475708696362
0.04095  25834.02478484057
0.04098  25846.67731052451
0.041  25859.238634490022
0.04103  25871.903508961368
0.04105  25884.477092701993
0.0410799999999999  25897.154328013094
0.0410999999999999  25909.935361179945
0.0411300000000001  25922.62506498555
0.0411500000000001  25935.418668735634
0.0411800000000001  25948.120853298937
0.0412  25960.927039995855
0.04123  25973.739546935332
0.04125  25986.656255230257
0.04128  25999.48146031985
0.0413  26012.41097003621
0.0413299999999999  26025.346909581618
0.0413499999999999  26038.289282153648
0.0413800000000001  26051.336212560283
0.0414000000000001  26064.29150958028
0.0414300000000001  26077.351468847908
0.04145  26090.417972031606
0.04148  26103.39270436186
0.0415  26116.472255952234
0.04153  26129.656777876753
0.04155  26142.84795581579
0.0415799999999999  26155.94727713505
0.0415999999999999  26169.25029317986
0.0416300000000001  26182.461459330363
0.0416500000000001  26195.580629673426
0.0416800000000001  26208.90380339476
0.0417  26222.233753333847
0.04173  26235.570482937088
0.04175  26249.01286180489
0.04178  26262.36321136637
0.0418  26275.72035096731
0.0418299999999999  26289.183301514247
0.0418499999999999  26302.653150103746
0.0418800000000001  26316.129900270178
0.0419000000000001  26329.51438581725
0.0419300000000001  26343.10411948036
0.04195  26356.700867357944
0.04198  26370.304633070326
0.042  26383.816045980817
0.04203  26397.53323249013
0.04205  26411.158073447536
0.0420799999999999  26424.78994673973
0.0420999999999999  26438.528435953613
0.0421300000000001  26452.274067933296
0.0421500000000001  26466.02684639236
0.0421800000000001  26479.78677504634
0.0422  26493.65364519741
0.04223  26507.427937275977
0.04225  26521.30928248348
0.04228  26535.29784147639
0.0423  26549.093784752276
0.0423299999999999  26563.09699857029
0.0423499999999999  26577.007496416045
0.0423800000000001  26591.025433210143
0.0424000000000001  26605.050763709216
0.0424300000000001  26619.083491813006
0.04245  26633.123621423376
0.04248  26647.171156444227
0.0425  26661.326519901275
0.04253  26675.38893042865
0.04255  26689.65980941247
0.0425799999999999  26703.737164220587
0.0425999999999999  26718.02320902692
0.0426300000000001  26732.216210121034
0.0426500000000001  26746.51749073214
0.0426800000000001  26760.72562840159
0.0427  26775.042161066158
0.04273  26789.366352832
0.04275  26803.79916353552
0.04278  26818.138739808142
0.0428  26832.587051677663
0.0428299999999999  26846.94202898039
0.0428499999999999  26861.405858664504
0.0428800000000001  26875.877480758234
0.0429000000000001  26890.356899459734
0.0429300000000001  26904.945455672998
0.04295  26919.54192646966
0.04298  26934.044869455807
0.043  26948.657127266208
0.04303  26963.27731251859
0.04305  26977.90542951377
0.0430799999999999  26992.643149569238
0.0430999999999999  27007.287198118105
0.0431300000000001  27022.04096909648
0.0431500000000001  27036.802799890585
0.0431800000000001  27051.572694903403
0.0432  27066.350658540334
0.04323  27081.238695916094
0.04325  27096.03286574884
0.04328  27110.83511746673
0.0433  27125.747623833373
0.0433299999999999  27140.77055786147
0.0433499999999999  27155.597249267015
0.0433800000000001  27170.534377360455
0.0434000000000001  27185.4797217267
0.0434300000000001  27200.63818734273
0.04345  27215.60009052232
0.04348  27230.67278714861
0.0435  27245.753831420458
0.04353  27260.843227961046
0.04355  27276.04371583047
0.0435799999999999  27291.149887685093
0.0435999999999999  27306.264425724727
0.0436300000000001  27321.490240190262
0.0436500000000001  27336.621581494455
0.0436800000000001  27351.86432293375
0.0437  27367.21864147935
0.04373  27382.47844366159
0.04375  27397.849947835057
0.04378  27413.12682985583
0.0438  27428.41223017734
0.0438299999999999  27443.809519868802
0.0438499999999999  27459.215453025587
0.0438800000000001  27474.63003449982
0.0439000000000001  27490.053269146323
0.0439300000000001  27505.485161822675
0.04395  27521.029374555077
0.04398  27536.478656064024
0.044  27552.040384192547
0.04403  27567.507074128025
0.04405  27583.0863373892
0.0440799999999999  27598.674404980873
0.0440999999999999  27614.27128187868
0.0441300000000001  27629.981040590224
0.0441500000000001  27645.595609850156
0.0441800000000001  27661.219003393126
0.0442  27676.95547066308
0.04423  27692.70089040914
0.04425  27708.455267724356
0.04428  27724.2186077047
0.0443  27739.990915449034
0.0443299999999999  27755.77219605913
0.0443499999999999  27771.56245463962
0.0443800000000001  27787.466356991237
0.0444000000000001  27803.274646379647
0.0444300000000001  27819.196709308337
0.04445  27835.023050093914
0.04448  27850.96329433716
0.0445  27866.91266705809
0.04453  27882.871173484287
0.04455  27898.838818846336
0.0445799999999999  27914.815608377827
0.0445999999999999  27930.90674827257
0.0446300000000001  27946.796640898418
0.0446500000000001  27962.906215852
0.0446800000000001  27978.919694771343
0.0447  27995.047786650164
0.04473  28011.18517536212
0.04475  28027.22630212658
0.04478  28043.38223973391
0.0448  28059.54749022569
0.0448299999999999  28075.82780576847
0.0448499999999999  28091.90595133888
0.0448800000000001  28108.09917270614
0.0449000000000001  28124.40765822247
0.0449300000000001  28140.725606018626
0.04495  28156.84091652277
0.04498  28173.17768228737
0.045  28189.523926740167
0.04503  28205.773418745943
0.04505  28222.13857543797
0.0450799999999999  28238.513227290794
0.0450999999999999  28254.790958554884
0.0451300000000001  28271.184555513642
0.0451500000000001  28287.69420892135
0.0451800000000001  28304.000289935877
0.0452  28320.529106898637
0.04523  28336.960845520192
0.04525  28353.402117933743
0.04528  28369.95978430875
0.0453  28386.31328626636
0.0453299999999999  28402.8901719274
0.0453499999999999  28419.476738068446
0.0453800000000001  28435.96588669128
0.0454000000000001  28452.5717682093
0.0454300000000001  28469.08011876453
0.04545  28485.70533815264
0.04548  28502.232913001273
0.0455  28518.8774927788
0.04553  28535.53179256799
0.04555  28552.19581804506
0.0455799999999999  28568.761971063675
0.0455999999999999  28585.55306878439
0.0456300000000001  28602.138575877358
0.0456500000000001  28618.841498023397
0.0456800000000001  28635.554174251545
0.0457  28652.384528640498
0.04573  28669.00881174206
0.04575  28685.858828869208
0.04578  28702.610641515657
0.0458  28719.372236795025
0.0458299999999999  28736.143620420138
0.0458499999999999  28753.033095579613
0.0458800000000001  28769.824136290903
0.0459000000000001  28786.516558547974
0.0459300000000001  28803.435640063053
0.04595  28820.256114579603
0.04598  28837.195026291844
0.046  28854.035215432137
0.04603  28870.885238814964
0.04605  28887.853907454497
0.0460799999999999  28904.723680094143
0.0460999999999999  28921.603304252338
0.0461300000000001  28938.601782093738
0.0461500000000001  28955.50119020264
0.0461800000000001  28972.519591298562
0.0462  28989.54799484527
0.04623  29006.477154247874
0.04625  29023.416199849424
0.04628  29040.365137423167
0.0463  29057.43341673334
0.0463299999999999  29074.511727809877
0.0463499999999999  29091.490503873625
0.0463800000000001  29108.58883177409
0.0464000000000001  29125.587508000637
0.0464300000000001  29142.596111022176
0.04645  29159.724475899555
0.04648  29176.862907858213
0.0465  29193.901454410356
0.04653  29210.949951040722
0.04655  29228.008403559907
0.0465799999999999  29245.186968937844
0.0465999999999999  29262.37563090203
0.0466300000000001  29279.464114711536
0.0466500000000001  29296.56257776138
0.0466800000000001  29313.67102587914
0.0467  29330.899938887243
0.04673  29348.028439151418
0.04675  29365.166942024498
0.04678  29382.426121410983
0.0468  29399.584711656455
0.0468299999999999  29416.75332208264
0.0468499999999999  29433.93195854105
0.0468800000000001  29451.12062688665
0.0469000000000001  29468.319332977775
0.0469300000000001  29485.52808267625
0.04695  29502.74688184728
0.04698  29519.97573635949
0.047  29537.21465208493
0.04703  29554.574951355997
0.04705  29571.83407214384
0.0470799999999999  29589.10327181967
0.0470999999999999  29606.382556269302
0.0471300000000001  29623.560354673347
0.0471500000000001  29640.85976118381
0.0471800000000001  29658.1692701081
0.0472  29675.488887345746
0.04723  29692.70678165214
0.04725  29710.04656791895
0.04728  29727.284512796152
0.0473  29744.64449157933
0.0473299999999999  29761.90251037663
0.0473499999999999  29779.282705190733
0.0473800000000001  29796.560821284624
0.0474000000000001  29813.84896224372
0.0474300000000001  29831.147133884537
0.04745  29848.455342026933
0.04748  29865.886081495413
0.0475  29883.21444538084
0.04753  29900.552863285553
0.04755  29917.901341042976
0.0475799999999999  29935.259884489875
0.0475999999999999  29952.62849946642
0.0476300000000001  29970.007191816192
0.0476500000000001  29987.395967386143
0.0476800000000001  30004.681819829515
0.0477  30021.97763648236
0.04773  30039.396565611907
0.04775  30056.825601307268
0.04778  30074.151475578743
0.0478  30091.600676278573
0.0478299999999999  30108.833191717375
0.0478499999999999  30126.302514954186
0.0478800000000001  30143.668438307617
0.0479000000000001  30161.044372026325
0.0479300000000001  30178.43032188071
0.04795  30195.826293644455
0.04798  30213.232293094534
0.048  30230.648326011295
0.04803  30248.07439817838
0.04805  30265.282527461743
0.0480799999999999  30282.728564073106
0.0480999999999999  30300.18465723006
0.0481300000000001  30317.65081272958
0.0481500000000001  30334.898524034626
0.0481800000000001  30352.384689900497
0.0482  30369.766548160555
0.04823  30387.158360465382
0.04825  30404.560132515377
0.04828  30421.97187001415
0.0483  30439.39357866864
0.0483299999999999  30456.71054943225
0.0483499999999999  30474.15215183835
0.0483800000000001  30491.603742502804
0.0484000000000001  30508.95041562821
0.0484300000000001  30526.306957275825
0.04845  30543.67337305983
0.04848  30561.164776346133
0.0485  30578.551022743126
0.04853  30595.831921420235
0.04855  30613.353194270454
0.0485799999999999  30630.76913065801
0.0485999999999999  30648.079539426384
0.0486300000000001  30665.51523163142
0.0486500000000001  30682.84527651172
0.0486800000000001  30700.30074694432
0.0487  30717.534753063537
0.04873  30735.009958339073
0.04875  30752.495105258717
0.04878  30769.758411347957
0.0488  30787.263326662225
0.0488299999999999  30804.54615033684
0.0488499999999999  30821.954765951818
0.0488800000000001  30839.25706410914
0.0489000000000001  30856.68529595066
0.0489300000000001  30874.007090534797
0.04895  30891.454960706655
0.04898  30908.679856593862
0.049  30926.147321433782
0.04903  30943.391561579858
0.04905  30960.87864309345
0.0490799999999999  30978.142249222787
0.0490999999999999  30995.53222521967
0.0491300000000001  31012.81515398515
0.0491500000000001  31030.107719611362
0.0491800000000001  31047.526867089047
0.0492  31064.838787764915
0.04923  31082.277431971506
0.04925  31099.49159357838
0.04928  31116.832489483924
0.0493  31134.183054572357
0.0493299999999999  31151.42596284289
0.0493499999999999  31168.795817051163
0.0493800000000001  31186.057894756374
0.0494000000000001  31203.329532642514
0.0494300000000001  31220.728327979872
0.04945  31238.01916724023
0.04948  31255.20186034775
0.0495  31272.62957939381
0.04953  31289.831310203048
0.04955  31307.042502945824
0.0495799999999999  31324.38114520774
0.0495999999999999  31341.61134233133
0.0496300000000001  31358.851017046567
0.0496500000000001  31376.218352190986
0.0496800000000001  31393.47706273645
0.0497  31410.626958888577
0.04973  31428.022968876172
0.04975  31445.191737060275
0.04978  31462.369884345364
0.0498  31479.55741585511
0.0498299999999999  31496.87296878254
0.0498499999999999  31514.079348931235
0.0498800000000001  31531.295128727943
0.0499000000000001  31548.401486712795
0.0499300000000001  31565.754907807685
0.04995  31582.879960911596
0.04998  31600.133325692845
