1e-08  21638.59180703203
2.99999999999727e-05  21469.67738392451
4.99999999999545e-05  21137.8155981095
8.00000000000409e-05  20812.311680493818
0.000100000000000023  20498.20146964381
0.000129999999999995  20196.63950212316
0.000149999999999977  19907.77681036308
0.00017999999999995  19631.51319011183
0.000200000000000045  19367.3976205188
0.000230000000000018  19115.002429429554
0.00025  18873.80688120581
0.000279999999999973  18643.203093075586
0.000299999999999955  18422.72602144445
0.000330000000000041  18211.85955635045
0.000350000000000023  18010.112482091983
0.000379999999999995  17816.94425458582
0.000399999999999977  17631.982465236146
0.00042999999999995  17454.765193882406
0.000450000000000045  17284.885836913832
0.000480000000000018  17121.990031807964
0.0005  16965.703836940647
0.000529999999999973  16815.702728519725
0.000549999999999954  16671.709108024395
0.000580000000000041  16533.355472927116
0.000600000000000023  16400.421423868618
0.000629999999999995  16272.595711682698
0.000649999999999977  16149.676696413413
0.00067999999999995  16031.437501809696
0.000700000000000045  15917.626756147454
0.000730000000000018  15808.065734307731
0.00075  15702.549812288058
0.000779999999999973  15600.91265546605
0.000799999999999955  15502.961726507261
0.000830000000000041  15408.541656752726
0.000850000000000023  15317.501794425858
0.000879999999999995  15229.69593776755
0.000899999999999977  15145.012902976361
0.00092999999999995  15063.314146839075
0.000950000000000045  14984.43440205392
0.000980000000000018  14908.30359067145
0.001  14834.793379601422
0.00102999999999997  14763.838715747572
0.00104999999999995  14695.286723206009
0.00108000000000004  14629.047497272675
0.00110000000000002  14565.062949842308
0.00113  14503.247039893842
0.00114999999999998  14443.515709475363
0.00117999999999995  14385.786780428441
0.00120000000000005  14329.979856105036
0.00123000000000002  14276.045279623453
0.00125  14223.905622975293
0.00127999999999997  14173.513836697224
0.00129999999999995  14124.766440360316
0.00133000000000004  14077.647676733402
0.00135000000000002  14032.113792811651
0.00138  13988.065013209078
0.00139999999999998  13945.488262697796
0.00142999999999995  13904.342632825581
0.00145000000000005  13864.53156552905
0.00148000000000002  13826.072418059011
0.0015  13788.898441279976
0.00152999999999997  13752.943858864757
0.00154999999999995  13718.22756181411
0.00158000000000004  13684.657093133566
0.00160000000000002  13652.252245288153
0.00163  13620.9219643174
0.00164999999999998  13590.686855848535
0.00167999999999995  13561.484745229216
0.00170000000000005  13533.281717064467
0.00173000000000002  13506.044309949537
0.00175  13479.79435713223
0.00177999999999997  13454.44417064304
0.00179999999999995  13430.016192928679
0.00183000000000004  13406.451006481284
0.00185000000000002  13383.771458489666
0.00188  13361.891616898693
0.00189999999999998  13340.834831481547
0.00192999999999995  13320.570214332607
0.00195000000000005  13301.067186758652
0.00198000000000002  13282.295462489092
0.002  13264.279017170207
0.00202999999999997  13246.987890106797
0.00204999999999995  13230.365459428709
0.00208000000000004  13214.436154725689
0.00210000000000002  13199.170661236614
0.00213  13184.539891215074
0.00214999999999998  13170.541772233952
0.00217999999999995  13157.174322902903
0.00220000000000005  13144.408903474872
0.00223000000000002  13132.217063241871
0.00225  13120.62392908431
0.00227999999999997  13109.574578718099
0.00229999999999995  13099.06765514571
0.00233000000000004  13089.128505065582
0.00235000000000002  13079.702613922427
0.00238  13070.788883445895
0.00239999999999998  13062.359693568378
0.00242999999999995  13054.467246107084
0.00245000000000005  13047.030922043848
0.00248000000000002  13040.07648372639
0.0025  13033.57664155772
0.00252999999999997  13027.530719323613
0.00254999999999995  13021.93808823494
0.00258000000000004  13016.79816681871
0.00260000000000002  13012.057461582688
0.00263  13007.742008515186
0.00264999999999998  13003.851385600636
0.00267999999999995  13000.358756664802
0.00270000000000005  12997.26380161296
0.00273000000000002  12994.56623684454
0.00275  12992.23937594933
0.00277999999999997  12990.283019972867
0.00279999999999995  12988.723433710225
0.00283000000000004  12987.481185423525
0.00285000000000002  12986.635467339893
0.00288  12986.106921503804
0.00289999999999998  12985.948361947743
0.00292999999999995  12986.106921503804
0.00295000000000005  12986.582611788246
0.00298000000000002  12987.401897013626
0.003  12988.538410477719
0.00302999999999997  12989.992235451296
0.00304999999999995  12991.763478461206
0.00308000000000004  12993.825826814436
0.00310000000000002  12996.179419061647
0.00313  12998.85086599851
0.00314999999999998  13001.78744601516
0.00317999999999995  13005.015803748343
0.00320000000000005  13008.536156200067
0.00323000000000002  13012.32225991114
0.00325  13016.374346346414
0.00327999999999997  13020.69266328135
0.00329999999999995  13025.277474827291
0.00333000000000004  13030.102545146203
0.00335000000000002  13035.221193311501
0.00338  13040.554150954078
0.00339999999999998  13046.154777225216
0.00342999999999995  13051.996854212412
0.00345000000000005  13058.080704082824
0.00348000000000002  13064.380076371142
0.0035  13070.948478912087
0.00352999999999997  13077.706474649092
0.00354999999999995  13084.707608897896
0.00358000000000004  13091.952268345212
0.00360000000000002  13099.387538603494
0.00363  13107.040412645223
0.00364999999999998  13114.911266850693
0.00367999999999995  13123.000488472562
0.00370000000000005  13131.308475667627
0.00373000000000002  13139.8088979644
0.00375  13148.502122191223
0.00377999999999997  13157.388523658674
0.00379999999999995  13166.495280004003
0.00383000000000004  13175.769214821516
0.00385000000000002  13185.237504373526
0.00388  13194.927409853519
0.00389999999999998  13204.758794371297
0.00392999999999995  13214.812639751226
0.00395000000000005  13225.008703846146
0.00398000000000002  13235.401171985026
0.004  13245.963539115943
0.00402999999999997  13256.723176293879
0.00404999999999995  13267.626551025518
0.00408000000000004  13278.70102566435
0.00410000000000002  13289.974058677491
0.00413  13301.364934777905
0.00414999999999998  13312.955215917907
0.00417999999999995  13324.691174547113
0.00420000000000005  13336.573178020144
0.00423000000000002  13348.628762936429
0.00425  13360.831191390984
0.00427999999999997  13373.180846052828
0.00429999999999995  13385.678114438928
0.00433000000000004  13398.350654577549
0.00435000000000002  13411.144358491543
0.00438  13424.086868275055
0.00439999999999998  13437.178591042892
0.00442999999999995  13450.392567257704
0.00445000000000005  13463.756531116669
0.00448000000000002  13477.270903737077
0.0045  13490.908657195816
0.00452999999999997  13504.670138478987
0.00454999999999995  13518.555697948208
0.00458000000000004  13532.593228182204
0.00460000000000002  13546.755605096394
0.00463  13561.043190032911
0.00464999999999998  13575.456347772742
0.00467999999999995  13589.967790910956
0.00470000000000005  13604.633172589278
0.00473000000000002  13619.397526415052
0.00475  13634.28888594597
0.00477999999999997  13649.307632614331
0.00479999999999995  13664.426344219853
0.00483000000000004  13679.673154325945
0.00485000000000002  13695.02058480001
0.00488  13710.468936027552
0.00489999999999998  13726.04644308544
0.00492999999999995  13741.725541996711
0.00495000000000005  13757.50654036044
0.00498000000000002  13773.38974799538
0.005  13789.375476950065
0.00502999999999997  13805.464041513032
0.00504999999999995  13821.65575822308
0.00508000000000004  13837.950945879642
0.00510000000000002  13854.321731951617
0.00513  13870.824793410513
0.00514999999999998  13887.404034746054
0.00517999999999995  13904.059682049085
0.00520000000000005  13920.820291483424
0.00523000000000002  13937.68619434659
0.00525  13954.629326538132
0.00527999999999997  13971.649919942025
0.00529999999999995  13988.776674831024
0.00533000000000004  14005.981428357198
0.00535000000000002  14023.26441658406
0.00538  14040.654449553103
0.00539999999999998  14058.094655854766
0.00542999999999995  14075.64245664182
0.00545000000000005  14093.240840946371
0.00548000000000002  14110.918659400886
0.0055  14128.70490754549
0.00552999999999997  14146.542362757147
0.00554999999999995  14164.459987004635
0.00558000000000004  14182.458027770137
0.00560000000000002  14200.507835740555
0.00563  14218.638485237683
0.00564999999999998  14236.850227154951
0.00567999999999995  14255.114304481272
0.00570000000000005  14273.45990522937
0.00573000000000002  14291.858199755336
0.00575  14310.309330910191
0.00577999999999997  14328.842601246213
0.00579999999999995  14347.42907102369
0.00583000000000004  14366.09811995488
0.00585000000000002  14384.791461279248
0.00588  14403.567749066404
0.00589999999999998  14422.397894885602
0.00592999999999995  14441.31143390399
0.00595000000000005  14460.249776145862
0.00598000000000002  14479.242419395992
0.006  14498.289512326364
0.00602999999999997  14517.391204137033
0.00604999999999995  14536.547644558013
0.00608000000000004  14555.758983851212
0.00610000000000002  14574.995712636224
0.00613  14594.317263277306
0.00614999999999998  14613.664427807165
0.00617999999999995  14633.067018472086
0.00620000000000005  14652.495369994343
0.00623000000000002  14671.979374054186
0.00625  14691.48928676676
0.00627999999999997  14711.085016637877
0.00629999999999995  14730.6769066009
0.00633000000000004  14750.324905510068
0.00635000000000002  14770.029168225186
0.00638  14789.729655774107
0.00639999999999998  14809.51669480085
0.00642999999999995  14829.30002903299
0.00645000000000005  14849.14000888679
0.00648000000000002  14869.00653246146
0.0065  14888.899635269589
0.00652999999999997  14908.819352871278
0.00654999999999995  14928.796100973741
0.00658000000000004  14948.76919567848
0.00660000000000002  14968.799473703575
0.00663  14988.826088541262
0.00664999999999998  15008.910039928383
0.00667999999999995  15029.020902369177
0.00670000000000005  15049.128086885075
0.00673000000000002  15069.292838622814
0.00675  15089.45390258025
0.00677999999999997  15109.641939833928
0.00679999999999995  15129.856986471164
0.00683000000000004  15150.099078627562
0.00685000000000002  15170.368252487058
0.00688  15190.633631280203
0.00689999999999998  15210.926081636198
0.00692999999999995  15231.214644134334
0.00695000000000005  15251.530267822962
0.00698000000000002  15271.872988796702
0.007  15292.242843198328
0.00702999999999997  15312.608705997225
0.00704999999999995  15332.970488933215
0.00708000000000004  15353.35934773931
0.00710000000000002  15373.74403278715
0.00713  15394.155782620945
0.00714999999999998  15414.563264475137
0.00717999999999995  15434.997799798291
0.00720000000000005  15455.427972594844
0.00723000000000002  15475.853693884606
0.00725  15496.306409579889
0.00727999999999997  15516.754578696928
0.00729999999999995  15537.198111957323
0.00733000000000004  15557.636919993274
0.00735000000000002  15578.102614786472
0.00738  15598.563488565058
0.00739999999999998  15618.987666962452
0.00742999999999995  15639.470414340514
0.00745000000000005  15659.916286749878
0.00748000000000002  15680.356978970842
0.0075  15700.792400993872
0.00752999999999997  15721.254455476464
0.00754999999999995  15741.67910829896
0.00758000000000004  15762.130296309473
0.00760000000000002  15782.543818833552
0.00763  15802.951619823138
0.00764999999999998  15823.385809356037
0.00767999999999995  15843.781937166075
0.00770000000000005  15864.1720716505
0.00773000000000002  15884.55612205496
0.00775  15904.933997545573
0.00777999999999997  15925.273199213208
0.00779999999999995  15945.63841061622
0.00783000000000004  15965.964683342332
0.00785000000000002  15986.284334282425
0.00787999999999999  16006.597272255445
0.00789999999999998  16026.90340600539
0.00792999999999995  16047.169988145159
0.00795000000000005  16067.429500804703
0.00798000000000002  16087.681852550551
0.008  16107.926951877644
0.00802999999999997  16128.13188639537
0.00804999999999995  16148.296441151968
0.00808000000000004  16168.486207090573
0.00810000000000002  16188.63532778628
0.00812999999999999  16208.74358847124
0.00814999999999998  16228.843800306147
0.00817999999999995  16248.935871451167
0.00820000000000005  16268.986602547873
0.00823000000000002  16289.028927443595
0.00825  16309.062754159948
0.00827999999999997  16329.021531337896
0.00829999999999995  16349.004733756727
0.00833000000000004  16368.945769496202
0.00835000000000002  16388.844424706363
0.00838  16408.733877567498
0.00839999999999998  16428.58060368349
0.00842999999999995  16448.38438972552
0.00845000000000005  16468.17853537451
0.00848000000000002  16487.962948418477
0.0085  16507.670350171775
0.00852999999999997  16527.401307393084
0.00854999999999996  16547.054828058208
0.00858000000000004  16566.69800636307
0.00860000000000002  16586.296996852478
0.00863  16605.885380596847
0.00864999999999998  16625.4292324811
0.00867999999999995  16644.928340914237
0.00870000000000005  16664.382494603327
0.00873000000000002  16683.825434141418
0.00875  16703.223076138092
0.00877999999999997  16722.57520993921
0.00879999999999995  16741.915694999963
0.00883000000000004  16761.21032995487
0.00885000000000002  16780.458904814168
0.00888  16799.661209909256
0.00889999999999998  16818.817035896423
0.00892999999999995  16837.96043900956
0.00895000000000004  16857.057022970548
0.00898000000000002  16876.106579145795
0.009  16895.108899240036
0.00902999999999997  16914.098195489354
0.00904999999999995  16933.005458384327
0.00908000000000004  16951.899359397492
0.00910000000000002  16970.74527114225
0.00913  16989.54298677671
0.00914999999999998  17008.29229981827
0.00917999999999995  17027.02765414802
0.00920000000000004  17045.67958196851
0.00923000000000002  17064.317215726653
0.00925  17082.905700113544
0.00927999999999997  17101.410028757706
0.00929999999999995  17119.89956236037
0.00933000000000004  17138.339333041582
0.00935000000000002  17156.764051035738
0.00938  17175.103722247102
0.00939999999999998  17193.393020272746
0.00942999999999995  17211.631742517642
0.00945000000000005  17229.85474954311
0.00948000000000002  17247.99175096409
0.0095  17266.11270768392
0.00952999999999997  17284.18235567273
0.00954999999999995  17302.200494070235
0.00958000000000004  17320.131675896515
0.00960000000000002  17338.046157755998
0.00963  17355.90853008088
0.00964999999999998  17373.71859371131
0.00967999999999995  17391.476149921666
0.00970000000000005  17409.181000424258
0.00973000000000002  17426.832947372994
0.00975  17444.431793367035
0.00977999999999997  17461.977341454516
0.00979999999999995  17479.469395136144
0.00983000000000004  17496.90775836889
0.00985000000000002  17514.327877226235
0.00987999999999999  17531.658308542825
0.00989999999999998  17548.934463945006
0.00992999999999995  17566.156149250815
0.00995000000000005  17583.35895288759
0.00998000000000002  17600.471152179536
0.01  17631.444256647632
0.01003  17648.459593571104
0.01005  17665.38350364988
0.01008  17682.143725927614
0.0101  17698.667730076537
0.01013  17714.846674787088
0.01015  17730.49917692353
0.0101799999999999  17745.551590723244
0.0102  17759.857798860576
0.01023  17773.271301373803
0.01025  17785.717670631868
0.01028  17797.231078555513
0.0103  17807.628508766233
0.01033  17816.98051214053
0.01035  17825.24916112273
0.01038  17832.396654134056
0.0104  17838.49424226208
0.0104299999999999  17843.504535097767
0.01045  17847.462935014628
0.01048  17850.441392633755
0.0105  17852.40308738343
0.01053  17853.420347310068
0.01055  17853.456679093775
0.01058  17852.621066773867
0.0106  17850.87730617096
0.01063  17848.298305902288
0.01065  17844.84811369706
0.0106799999999999  17840.67245756461
0.0107  17835.66295995039
0.01073  17829.89289144114
0.01075  17823.399261786213
0.01078  17816.14660704937
0.0108  17808.208335169824
0.01083  17799.585365353927
0.01085  17790.24249256555
0.01088  17780.25322052777
0.0109  17769.618643791568
0.01093  17758.26765079511
0.01095  17746.309963833268
0.01098  17733.63855418701
0.011  17720.29102333238
0.01103  17706.304944250878
0.01105  17691.60984005641
0.01108  17676.135552766533
0.0111  17659.88414883998
0.01113  17642.821893991928
0.01115  17624.771834878477
0.01118  17605.450418628167
0.0112  17584.682943068234
0.01123  17561.902751826314
0.01125  17536.439673113873
0.01128  17507.34349841201
0.0113  17473.423412517055
0.01133  17433.217571938836
0.01135  17384.92991971522
0.01138  17326.653506567094
0.0114  17256.59332113864
0.01143  17173.181504414893
0.01145  17075.328883856746
0.01148  16962.4242559895
0.0115  16834.362968573718
0.01153  16691.60216672412
0.01155  16534.970531582952
0.01158  16365.481808918823
0.0116  16184.419056990777
0.01163  15993.150085766918
0.01165  15792.985461733548
0.01168  15585.141931200336
0.0117  15370.740908504511
0.01173  15150.839028275936
0.01175  14926.214013210842
0.01178  14697.559674286347
0.0118  14465.45922917658
0.01183  14230.304056260922
0.01185  13992.420949633302
0.01188  13752.076280899706
0.0119  13509.370383577332
0.0119299999999999  13264.440975167718
0.01195  13017.354452130998
0.01198  12768.217121965923
0.012  12517.045067736897
0.01203  12263.973802490631
0.01205  12009.05218825509
0.01208  11752.4916430288
0.0121  11494.439545264908
0.01213  11235.169505768734
0.01215  10974.933606093246
0.0121799999999999  10714.138831580929
0.0122  10453.242743764255
0.01223  10192.68264847565
0.01225  9933.117631369907
0.01228  9675.19973682873
0.0123  9419.703114403086
0.01233  9167.426875394429
0.01235  8919.311093946337
0.01238  8676.25070874691
0.0124  8439.247211362741
0.0124299999999999  8209.25235400635
0.01245  7987.167023264275
0.01248  7773.841933679641
0.0125  7570.033917601148
0.01253  7376.371101779927
0.01255  7193.325570019117
0.01258  7021.191954434484
0.0126  6860.098254798107
0.01263  6710.029365641574
0.01265  6570.780555178926
0.0126799999999999  6442.0205223349885
0.0127  6323.332655079357
0.01273  6214.251536282357
0.01275  6114.2483705421255
0.01278  6022.781503122868
0.0128  5939.395718917914
0.01283  5863.5769537307715
0.01285  5794.906811110934
0.01288  5732.984286328852
0.0129  5677.414181083745
0.01293  5627.856736844806
0.01295  5583.99634647356
0.01298  5545.535744749539
0.013  5512.183792545514
0.01303  5483.676071584449
0.01305  5459.780446468989
0.01308  5440.27504645553
0.0131  5424.939052368645
0.01313  5413.578904567453
0.01315  5406.022358881942
0.01318  5402.099631018168
0.0132  5401.640131301245
0.01323  5404.504397259492
0.01325  5410.539164530278
0.01328  5419.620495914444
0.0133  5431.604536270027
0.01333  5446.388547682668
0.01335  5463.817331422505
0.01338  5483.792129449006
0.0134  5506.197005033414
0.01343  5530.912542365703
0.01345  5557.812916170449
0.01348  5586.78449511371
0.0135  5617.733648600313
0.01353  5650.523634398469
0.01355  5685.042332977995
0.01358  5721.188636840206
0.0136  5758.854912371559
0.01363  5797.933594566879
0.01365  5838.307447563062
0.0136799999999999  5879.887310276491
0.0137  5922.562322728496
0.01373  5966.258502224763
0.01375  6010.8617352543315
0.01378  6056.282753557903
0.0138  6102.456792480572
0.01383  6149.27943925419
0.01385  6196.684542337494
0.01388  6244.582169815205
0.0139  6292.914054881932
0.0139299999999999  6341.612276477858
0.01395  6390.614525247806
0.01398  6439.857813843435
0.014  6489.2824611775395
0.01403  6538.833603857126
0.01405  6588.481546230701
0.01408  6638.16872887737
0.0141  6687.863153432345
0.01413  6737.531971055509
0.01415  6787.127671977246
0.0141799999999999  6836.643235064169
0.0142  6886.029564062277
0.01423  6935.292778486879
0.01425  6984.382516539638
0.01428  7033.304444771173
0.0143  7082.03578290118
0.01433  7130.553336086192
0.01435  7178.862719571003
0.01438  7226.955223723011
0.0144  7274.807325122952
0.0144299999999999  7322.424908089822
0.01445  7369.799243636173
0.01448  7416.936694558492
0.0145  7463.844006238315
0.01453  7510.497736456508
0.01455  7556.920199978493
0.01458  7603.103523765198
0.0146  7649.055402005235
0.01463  7694.799563436729
0.01465  7740.313225645641
0.01468  7785.636611432802
0.0147  7830.7632416067445
0.01473  7875.702661219406
0.01475  7920.464778196536
0.01478  7965.07606989509
0.0148  8009.531134934512
0.01483  8053.840955126265
0.01485  8098.049825395087
0.01488  8142.136833502733
0.0149  8186.097357801578
0.01493  8229.99376056451
0.01495  8273.822473535058
0.01498  8317.579916846664
0.015  8361.279514690272
0.01503  8404.93503572649
0.01505  8448.543399598111
0.01508  8492.11879599509
0.0151  8535.675757879188
0.01513  8579.194243794727
0.01515  8622.6889412083
0.01518  8666.157244939994
0.0152  8709.614262965819
0.01523  8753.039821173228
0.01525  8796.467083765607
0.01528  8839.839965532192
0.0153  8883.191698484734
0.01533  8926.501714102566
0.01535  8969.767335204935
0.01538  9012.949192585917
0.0154  9056.09935163878
0.01543  9099.178338325077
0.01545  9142.16457355252
0.01548  9185.054813312827
0.0155  9227.864586428426
0.01553  9270.534301428617
0.01555  9313.06017752727
0.01558  9355.476509118085
0.0156  9397.74177995616
0.01563  9439.852204299563
0.01565  9481.765405524962
0.01568  9523.4964690288
0.0157  9565.060823981243
0.01573  9606.376494901628
0.01575  9647.4975981515
0.01578  9688.400398286502
0.0158  9729.041035961394
0.01583  9769.434645746369
0.01585  9809.596705006932
0.01588  9849.48289847582
0.0159  9889.08852587825
0.01593  9928.429110044695
0.01595  9967.459659841945
0.01598  10006.216020973423
0.016  10044.673367484307
0.01603  10082.80658159102
0.01605  10120.652047434998
0.01608  10158.164100453181
0.0161  10195.379482075074
0.01613  10232.27309613924
0.01615  10268.840468917757
0.01618  10305.098125363895
0.0162  10341.020823548688
0.01623  10376.625290212392
0.01625  10411.907381383216
0.01628  10446.862980310367
0.0163  10481.4879982615
0.01633  10515.799774969024
0.01635  10549.773018691636
0.01638  10583.446801995213
0.0164  10616.795955708047
0.01643  10649.79506567827
0.01645  10682.505435702624
0.01648  10714.90197405944
0.0165  10746.95934991663
0.01653  10778.717804563646
0.01655  10810.152125929506
0.01658  10841.258934417918
0.0166  10872.079128002475
0.01663  10902.587569620828
0.01665  10932.758898102331
0.0166799999999999  10962.656771083206
0.0167  10992.233752634245
0.01673  11021.48680730307
0.01675  11050.435414782487
0.01678  11079.099315838188
0.0168  11107.430695599924
0.01683  11135.494607627377
0.01685  11163.265943405733
0.01688  11190.696616294968
0.0169  11217.852262051454
0.0169299999999999  11244.730553446958
0.01695  11271.283308808182
0.01698  11297.576891671368
0.017  11323.540067012202
0.01703  11349.26265980238
0.01705  11374.696465867097
0.01708  11399.839283581008
0.0171  11424.688933095069
0.01713  11449.289855212606
0.01715  11473.593513658287
0.0171799999999999  11497.644587497087
0.0172  11521.44127339786
0.01723  11544.981784483445
0.01725  11568.240809136469
0.01728  11591.263630039562
0.0173  11614.04865156511
0.01733  11636.570611898678
0.01735  11658.851533896766
0.01738  11680.913637464417
0.0174  11702.707889719899
0.0174299999999999  11724.30421344094
0.01745  11745.677461092546
0.01748  11766.82626826734
0.0175  11787.773271289921
0.01753  11808.46919700417
0.01755  11828.984808729883
0.01758  11849.270814383875
0.0176  11869.398373759768
0.01763  11889.293977376386
0.01765  11908.980579738633
0.0176799999999999  11928.505581843538
0.0177  11947.843768582577
0.01773  11966.994128169308
0.01775  11985.955657514653
0.01778  12004.751791983883
0.0178  12023.3571921492
0.01783  12041.795385418482
0.01785  12060.065514571115
0.01788  12078.191308412252
0.0179  12096.12280185373
0.0179299999999999  12113.908352676932
0.01795  12131.522551516975
0.01798  12148.989298481538
0.018  12166.307883289262
0.01803  12183.477600977414
0.01805  12200.472923937155
0.01808  12217.317917388642
0.0181  12234.061686111681
0.01813  12250.628960017646
0.01815  12267.068887225454
0.0181799999999999  12283.355898430142
0.0182  12299.539385356175
0.01823  12315.568757542385
0.01825  12331.443357167176
0.01828  12347.187658701225
0.0183  12362.82626941675
0.01833  12378.308357134762
0.01835  12393.683726722391
0.01838  12408.951932540871
0.0184  12424.0619655877
0.0184299999999999  12439.038515958962
0.01845  12453.931744252155
0.01848  12468.690560375213
0.0185  12483.339848014064
0.01853  12497.853747014657
0.01855  12512.28267026994
0.01858  12526.575301320434
0.0186  12540.756655696914
0.01863  12554.851867793259
0.01865  12568.809455981613
0.01868  12582.680137684667
0.0187  12596.412323501832
0.01873  12610.056849641784
0.01875  12623.613398898398
0.01878  12637.055939412077
0.0188  12650.384076077802
0.01883  12663.623187338571
0.01885  12676.772964381042
0.01888  12689.8072764427
0.0189  12702.777439669104
0.01893  12715.631477270694
0.01895  12728.39491231131
0.01898  12741.041517883617
0.019  12753.648781289634
0.01903  12766.112644242705
0.01905  12778.51067473354
0.01908  12790.816628010303
0.0191  12803.030214964087
0.01913  12815.177227350601
0.01915  12827.23135015297
0.01918  12839.218427474278
0.0192  12851.085946151523
0.01923  12862.912081976965
0.01925  12874.618100697307
0.01928  12886.256101681962
0.0193  12897.852128411036
0.01933  12909.327236916735
0.01935  12920.733673329389
0.01938  12932.07123763781
0.0194  12943.339730916638
0.01943  12954.53895533215
0.01945  12965.642329012695
0.01948  12976.67599649967
0.0195  12987.639763695495
0.01953  12998.559889687662
0.01955  13009.383300504422
0.01958  13020.136235313515
0.0196  13030.81850451552
0.01963  13041.456459013078
0.01965  13052.023415079597
0.01968  13062.519186113428
0.0197  13072.916983226844
0.01973  13083.29643245015
0.01975  13093.604185823851
0.01978  13103.84006095495
0.0198  13114.003876624274
0.01983  13124.122160379951
0.01985  13134.16806661077
0.01988  13144.168165589632
0.0199  13154.095572369586
0.01993  13163.950110789172
0.01995  13173.758414487405
0.01998  13183.520369146096
0.02  13193.235860928222
0.02003  13202.85104071335
0.02005  13212.446340622148
0.02008  13221.940986862815
0.0201  13231.415530102347
0.02013  13240.84297219037
0.02015  13250.196238596729
0.02018  13259.50214576699
0.0202  13268.760584663101
0.02023  13277.971446750456
0.02025  13287.107584681487
0.02028  13296.195893208731
0.0203  13305.23626561308
0.02033  13314.228595688148
0.02035  13323.172777742357
0.02038  13332.068706600987
0.0204  13340.8891288441
0.02043  13349.688219959002
0.02045  13358.438745574775
0.02048  13367.113400474236
0.0205  13375.766468750217
0.02053  13384.34342675636
0.02055  13392.925884575076
0.02058  13401.404757745218
0.0206  13409.861709647179
0.02063  13418.269385783602
0.02065  13426.627686799848
0.0206799999999999  13434.936513882238
0.0207  13443.223125718589
0.02073  13451.432727372363
0.02075  13459.64734252317
0.02078  13467.757346132088
0.0208  13475.872236359266
0.02083  13483.909696546807
0.02085  13491.92449442225
0.02088  13499.889111555492
0.0209  13507.803453472547
0.0209299999999999  13515.694930696594
0.02095  13523.508456895546
0.02098  13531.326500153518
0.021  13539.093958802196
0.02103  13546.783172799667
0.02105  13554.476753707659
0.02108  13562.091907099639
0.0211  13569.71133882432
0.02113  13577.252161824988
0.02115  13584.769530273932
0.0211799999999999  13592.235740325272
0.0212  13599.678378415709
0.02123  13607.069710895492
0.02125  13614.437355078173
0.02128  13621.781268143128
0.0213  13629.045937006189
0.02133  13636.314480209367
0.02135  13643.503605891843
0.02138  13650.668742546437
0.0214  13657.809848405106
0.0214299999999999  13664.89907369895
0.02145  13671.991978727378
0.02148  13679.00505473611
0.0215  13686.021728116402
0.02153  13692.958404863697
0.02155  13699.898597423351
0.02158  13706.758627476791
0.0216  13713.622092593057
0.02163  13720.43315215979
0.02165  13727.219659584838
0.0216799999999999  13733.981575096113
0.0217  13740.71885905207
0.02173  13747.375519953897
0.02175  13754.035405660397
0.02178  13760.642511748816
0.0218  13767.252791731264
0.02183  13773.78215785156
0.02185  13780.31462064064
0.02188  13786.822125327524
0.0219  13793.276564259959
0.0219299999999999  13799.677860043312
0.02195  13806.110222025796
0.02198  13812.461256869316
0.022  13818.787092003504
0.02203  13825.087690135346
0.02205  13831.391160989415
0.02208  13837.641186504952
0.0221  13843.865863911373
0.02213  13850.03697158393
0.02215  13856.182632730328
0.0221799999999999  13862.331020883958
0.0222  13868.425692590985
0.02223  13874.49480920956
0.02225  13880.538334849525
0.02228  13886.556233761321
0.0223  13892.548470336335
0.02233  13898.486725629715
0.02235  13904.427519181356
0.02238  13910.342544472025
0.0224  13916.231766460485
0.0224299999999999  13922.095150248178
0.02245  13927.875974452334
0.02248  13933.687554062135
0.0225  13939.473191740686
0.02253  13945.204474615419
0.02255  13950.938113935254
0.02258  13956.617307064225
0.0226  13962.298812097553
0.02263  13967.92578034591
0.02265  13973.555016327684
0.02268  13979.158073312734
0.0227  13984.734917994903
0.02273  13990.257046984236
0.02275  13995.80983795997
0.02278  14001.27935470458
0.0228  14006.751008918465
0.02283  14012.19628655996
0.02285  14017.643681112691
0.02288  14023.036119469403
0.0229  14028.402084383933
0.02293  14033.770102604127
0.02295  14039.111605265927
0.02298  14044.397980125446
0.023  14049.686345549604
0.02303  14054.948100410857
0.02305  14060.183213323908
0.02308  14065.391653054441
0.0231  14070.602022194
0.02313  14075.785677175672
0.02315  14080.942587056516
0.02318  14086.07272104553
0.0232  14091.17604850395
0.02323  14096.281224877375
0.02325  14101.330858244874
0.02328  14106.411007060684
0.0233  14111.43555233511
0.02333  14116.433160296727
0.02335  14121.403801061748
0.02338  14126.376192075519
0.0234  14131.321576656921
0.02343  14136.268692526539
0.02345  14141.159985594648
0.02348  14146.052971100016
0.0235  14150.918852450286
0.02353  14155.786407539606
0.02355  14160.598003134917
0.02358  14165.411234206455
0.0236  14170.197264900513
0.02363  14174.984912638329
0.02365  14179.745322126304
0.02368  14184.478464838843
0.0237  14189.213187455638
0.02373  14193.92060581734
0.02375  14198.600691703117
0.02378  14203.253417049684
0.0238  14207.907667043193
0.02383  14212.53451961716
0.02385  14217.162878941112
0.02388  14221.73486286917
0.0239  14226.33726766088
0.02393  14230.88324200155
0.02395  14235.43066899179
0.02398  14239.950570737914
0.024  14244.471907601268
0.02403  14248.965683333843
0.02405  14253.460876740624
0.0240799999999999  14257.899458441929
0.0240999999999999  14262.339422334384
0.0241300000000001  14266.809801805855
0.0241500000000001  14271.22349841457
0.0241800000000001  14275.609509556498
0.0242  14279.996868662298
0.02423  14284.356507422111
0.02425  14288.68839962656
0.02428  14293.050691883822
0.0243  14297.385220697757
0.0243299999999999  14301.691960004582
0.0243499999999999  14305.970883902319
0.0243800000000001  14310.280209431212
0.0244000000000001  14314.532572715147
0.0244300000000001  14318.7570608783
0.02445  14323.011943096268
0.02448  14327.238933681323
0.0245  14331.438007195724
0.02453  14335.638311388171
0.02455  14339.810665045774
0.0245799999999999  14343.984233057048
0.0245999999999999  14348.159015775433
0.0246300000000001  14352.247392729048
0.0246500000000001  14356.39536509702
0.0246800000000001  14360.515312571351
0.0247  14364.607210338956
0.02473  14368.700274055487
0.02475  14372.765255416862
0.02478  14376.831386782978
0.0248  14380.869403350904
0.0248299999999999  14384.908554075402
0.0248499999999999  14388.919557764646
0.0248800000000001  14392.960969533737
0.0249000000000001  14396.944920669346
0.0249300000000001  14400.929974556964
0.02495  14404.916131501832
0.02498  14408.844747633171
0.025  14412.803765261142
0.02503  14426.801008237115
0.02505  14431.176098342867
0.0250799999999999  14435.288130256453
0.0250999999999999  14439.283797489974
0.0251300000000001  14443.251178643064
0.0251500000000001  14447.160849762644
0.0251800000000001  14451.07157919853
0.0252  14454.924535515787
0.02523  14458.749095497586
0.02525  14462.574667401585
0.02528  14466.401251495521
0.0253  14470.169954276753
0.0253299999999999  14473.998547971656
0.0253499999999999  14477.739767696545
0.0253800000000001  14481.511424322125
0.0254000000000001  14485.225108472649
0.0254300000000001  14488.969230023837
0.02545  14492.684826677416
0.02548  14496.371875993955
0.0255  14500.0598633239
0.02553  14503.719273777622
0.02555  14507.409130341479
0.0255799999999999  14511.040865517358
0.0255999999999999  14514.703047269582
0.0256300000000001  14518.33660837968
0.0256500000000001  14521.971079103032
0.0256800000000001  14525.606459667355
0.0257  14529.183616343618
0.02573  14532.791228180025
0.02575  14536.370154217366
0.02578  14539.94996162095
0.0258  14543.501054523467
0.0258299999999999  14547.053014709623
0.0258499999999999  14550.605842391253
0.0258800000000001  14554.129920066063
0.0259000000000001  14557.65485125334
0.0259300000000001  14561.180636159801
0.02595  14564.677635813421
0.02598  14568.175475303242
0.026  14571.674154830947
0.02603  14575.173674598293
0.02605  14578.644367205923
0.0260799999999999  14582.086211662008
0.0260999999999999  14585.558550307742
0.0261300000000001  14589.031715799205
0.0261500000000001  14592.446316896523
0.0261800000000001  14595.891419828693
0.0262  14599.307626457712
0.02623  14602.754349263423
0.02625  14606.142438619228
0.02628  14609.531314069845
0.0263  14612.950713151851
0.0263299999999999  14616.341168238881
0.0263499999999999  14619.702658814684
0.0263800000000001  14623.064922471709
0.0264000000000001  14626.427959387749
0.0264300000000001  14629.791769740645
0.02645  14633.156353708266
0.02648  14636.49192614737
0.0265  14639.828258917552
0.02653  14643.165352192118
0.02655  14646.50320614443
0.0265799999999999  14649.812008520295
0.0265999999999999  14653.121558390156
0.0266300000000001  14656.431855922874
0.0266500000000001  14659.713068711075
0.0266800000000001  14663.024855336766
0.0267  14666.307544134557
0.02673  14669.561115228127
0.02675  14672.845267332934
0.02678  14676.130154678216
0.0268  14679.38590481798
0.0268299999999999  14682.642377212793
0.0268499999999999  14685.86968621776
0.0268800000000001  14689.097704599362
0.0269000000000001  14692.35633145813
0.0269300000000001  14695.585775632726
0.02695  14698.815929653272
0.02698  14702.0467936758
0.027  14705.248442615408
0.02703  14708.480720532414
0.02705  14711.65383230542
0.0270799999999999  14714.857573359513
0.0270999999999999  14718.03206083319
0.0271300000000001  14721.207233150102
0.0271500000000001  14724.413054638037
0.0271800000000001  14727.58960354897
0.0272  14730.766837747857
0.02723  14733.944757382551
0.02725  14737.093372555391
0.02728  14740.242660581138
0.0273  14743.392621603574
0.0273299999999999  14746.54325576652
0.0273499999999999  14749.664547585911
0.0273800000000001  14752.786500066075
0.0274000000000001  14755.93914168247
0.0274300000000001  14759.06242225959
0.02745  14762.186363918423
0.02748  14765.310966798901
0.0275  14768.406177273771
0.02753  14771.502036588878
0.02755  14774.628611248938
0.0275799999999999  14777.695702283896
0.0275999999999999  14780.823587911393
0.0276300000000001  14783.922050253259
0.0276500000000001  14786.9910705295
0.0276800000000001  14790.060727909036
0.0277  14793.161126606492
0.02773  14796.232064838778
0.02775  14799.30364057251
0.02778  14802.345731105694
0.0278  14805.448705073706
0.0278299999999999  14808.492058763795
0.0278499999999999  14811.505896559189
0.0278800000000001  14814.5806430144
0.0279000000000001  14817.625873832132
0.0279300000000001  14820.671730616334
0.02795  14823.718213495671
0.02798  14826.735150131946
0.028  14829.782879385542
0.02803  14832.801050308144
0.02805  14835.819835491642
0.0280799999999999  14838.83923506105
0.0280999999999999  14841.889452385918
0.0281300000000001  14844.879877857788
0.0281500000000001  14847.901121335271
0.0281800000000001  14850.892758071248
0.0282  14853.915225295594
0.02823  14856.908073786293
0.02825  14859.901525292558
0.02828  14862.925825989414
0.0283  14865.920489985474
0.0283299999999999  14868.915757362896
0.0283499999999999  14871.88136390362
0.0283800000000001  14874.877832310687
0.0284000000000001  14877.844627987779
0.0284300000000001  14880.84229790607
0.02845  14883.77999464295
0.02848  14886.748565857091
0.0285  14889.717729153022
0.02853  14892.68748464883
0.02855  14895.657832462624
0.0285799999999999  14898.628772712555
0.0285999999999999  14901.600305516773
0.0286300000000001  14904.57243099347
0.0286500000000001  14907.484475614889
0.0286800000000001  14910.457774689823
0.0287  14913.401317956605
0.02873  14916.375797146258
0.02875  14919.290147900852
0.02878  14922.235434807775
0.0288  14925.181303157577
0.0288299999999999  14928.097374325587
0.0288499999999999  14931.044399908305
0.0288800000000001  14933.992007277138
0.0289000000000001  14936.909799874173
0.0289300000000001  14939.858565159073
0.02895  14942.747095408273
0.02898  14945.697013061006
0.029  14948.617092573637
0.02903  14951.537742609298
0.02905  14954.458963279461
0.0290799999999999  14957.380754695614
0.0290999999999999  14960.303116969264
0.0291300000000001  14963.195600047471
0.0291500000000001  14966.088642369587
0.0291800000000001  14969.012705984056
0.0292  14971.906873008013
0.02923  14974.832073384194
0.02925  14977.727365547238
0.02928  14980.623217497301
0.0293  14983.550120866588
0.0293299999999999  14986.447098610768
0.0293499999999999  14989.314133152075
0.0293800000000001  14992.242734546197
0.0294000000000001  14995.110877841851
0.0294300000000001  14998.010090787666
0.02945  15000.879337427523
0.02948  15003.810198422923
0.0295  15006.680554672608
0.02953  15009.551460045808
0.02955  15012.45346498984
0.0295799999999999  15015.325474769783
0.0295999999999999  15018.228596084236
0.0296300000000001  15021.101710695786
0.0296500000000001  15023.975374958542
0.0296800000000001  15026.84958897767
0.0297  15029.724352858333
0.02973  15032.599666705728
0.02975  15035.475530625072
0.02978  15038.351944721593
0.0298  15041.228909100551
0.0298299999999999  15044.106423867213
0.0298499999999999  15046.953868513978
0.0298800000000001  15049.832478513968
0.0299000000000001  15052.711639216493
0.0299300000000001  15055.560712599032
0.02995  15058.44096916136
0.02998  15061.321776741213
0.03  15064.172479791165
0.03003  15067.054383857656
0.03005  15069.906171935925
0.0300799999999999  15072.789172906396
0.0300999999999999  15075.611367494934
0.0301300000000001  15078.464775180015
0.0301500000000001  15081.349413483933
0.0301800000000001  15084.20390722676
0.0302  15087.058941248466
0.03023  15089.914515651311
0.03025  15092.770630537572
0.03028  15095.627286009549
0.0303  15098.48448216956
0.0303299999999999  15101.311487889066
0.0303499999999999  15104.200496963054
0.0303800000000001  15107.059315801276
0.0304000000000001  15109.887927053029
0.0304300000000001  15112.747822368765
0.03045  15115.608258985752
0.03048  15118.438470922085
0.0305  15121.299984625759
0.03053  15124.162039936999
0.03055  15126.99385346372
0.0305799999999999  15129.856986471164
0.0305999999999999  15132.689866306659
0.0306300000000001  15135.554077416105
0.0306500000000001  15138.388023961887
0.0306800000000001  15141.253313579291
0.0307  15144.088327237023
0.03073  15146.954695768492
0.03075  15149.790776939992
0.03078  15152.658224791789
0.0308  15155.464532446478
0.0308299999999999  15158.33305418757
0.0308499999999999  15161.171265816885
0.0308800000000001  15164.040867689086
0.0309000000000001  15166.880148036353
0.0309300000000001  15169.719960003984
0.03095  15172.560303691516
0.03098  15175.401179198505
0.031  15178.242586624534
0.03103  15181.115419638532
0.03105  15183.957896985874
0.0310799999999999  15186.770001412873
0.0310999999999999  15189.644448437095
0.0311300000000001  15192.488522740294
0.0311500000000001  15195.33312956146
0.0311800000000001  15198.209197355485
0.0312  15201.023941156562
0.03123  15203.870146129964
0.03125  15206.716884020283
0.03128  15209.564154927291
0.0313  15212.442916271591
0.0313299999999999  15215.26029619062
0.0313499999999999  15218.109166746592
0.0313800000000001  15220.958570718576
0.0314000000000001  15223.808508206448
0.0314300000000001  15226.658979310101
0.03145  15229.509984129445
0.03148  15232.361522764415
0.0315  15235.213595314961
0.03153  15238.06620188105
0.03155  15240.919342562673
0.0315799999999999  15243.773017459833
0.0315999999999999  15246.62722667256
0.0316300000000001  15249.481970300892
0.0316500000000001  15252.3372484449
0.0316800000000001  15255.193061204654
0.0317  15258.049408680265
0.03173  15260.906290971849
0.03175  15263.763708179536
0.03178  15266.621660403496
0.0318  15269.480147743896
0.0318299999999999  15272.308091091261
0.0318499999999999  15275.167643145942
0.0318800000000001  15278.027730616614
0.0319000000000001  15280.888353603525
0.0319300000000001  15283.78061469995
0.03195  15286.642314843728
0.03198  15289.504550805696
0.032  15292.336202719225
0.03203  15295.199504791744
0.03205  15298.094474604108
0.0320799999999999  15300.958854842294
0.0320999999999999  15303.823771400484
0.0321300000000001  15306.6892243791
0.0321500000000001  15309.555213878584
0.0321800000000001  15312.421739999387
0.0322  15315.319969517586
0.03223  15318.156402506887
0.03225  15321.055717442432
0.03228  15323.924396891234
0.0323  15326.79361346502
0.0323299999999999  15329.663367264357
0.0323499999999999  15332.564860158778
0.0323800000000001  15335.404486942063
0.0324000000000001  15338.307066476
0.0324300000000001  15341.178976027959
0.03245  15344.0514233097
0.03248  15346.955639476078
0.0325  15349.797931465266
0.03253  15352.703235291054
0.03255  15355.577840348757
0.0325799999999999  15358.484238155812
0.0325999999999999  15361.39118606579
0.0326300000000001  15364.26741783553
0.0326500000000001  15367.144188144335
0.0326800000000001  15370.021497093032
0.0327  15372.930628695765
0.03273  15375.809021084366
0.03275  15378.687952416576
0.03278  15381.598724346168
0.0328  15384.510047206577
0.0328299999999999  15387.421921102094
0.0328499999999999  15390.303026807156
0.0328800000000001  15393.215997157873
0.0329000000000001  15396.129518855516
0.0329300000000001  15399.012254951278
0.03295  15401.926873724593
0.03298  15404.842044156841
0.033  15407.726411565924
0.03303  15410.674040415794
0.03305  15413.559499794523
0.0330799999999999  15416.476871969957
0.0330999999999999  15419.394796325465
0.0331300000000001  15422.313272965557
0.0331500000000001  15425.232301994767
0.0331800000000001  15428.120487229115
0.0332  15431.072017638775
0.03323  15433.992704462733
0.03325  15436.913944094144
0.03328  15439.835736637624
0.0333  15442.758082197837
0.0333299999999999  15445.712412903664
0.0333499999999999  15448.635870760612
0.0333800000000001  15451.559881949486
0.0334000000000001  15454.484446575016
0.0334300000000001  15457.441020633887
0.03345  15460.366698400765
0.03348  15463.292929919742
0.0335  15466.282663000917
0.03353  15469.210014252843
0.03355  15472.169405437806
0.0335799999999999  15475.097870891723
0.0335999999999999  15478.058388473639
0.0336300000000001  15481.019472427697
0.0336500000000001  15483.949612961222
0.0336800000000001  15486.911823956536
0.0337  15489.874601647954
0.03373  15492.837946143896
0.03375  15495.801857552795
0.03378  15498.766335983104
0.0338  15501.7313815433
0.0338299999999999  15504.696994341883
0.0338499999999999  15507.663174487367
0.0338800000000001  15510.661486283858
0.0339000000000001  15513.628807487281
0.0339300000000001  15516.596696364435
0.03395  15519.565153023923
0.03398  15522.534177574371
0.034  15525.53536458833
0.03403  15528.537131863437
0.03405  15531.507872829594
0.0340799999999999  15534.510794852626
0.0340999999999999  15537.514297472262
0.0341300000000001  15540.486755846401
0.0341500000000001  15543.491413881533
0.0341800000000001  15546.49665284891
0.0342  15549.502472860859
0.03423  15552.508874029714
0.03425  15555.484200993631
0.03428  15558.491758693024
0.0343  15561.531565601479
0.0343299999999999  15564.540292521822
0.0343499999999999  15567.517921198221
0.0343800000000001  15570.559491631802
0.0344000000000001  15573.601656325227
0.0344300000000001  15576.581018517438
0.03445  15579.624359692443
0.03448  15582.668295473255
0.0345  15585.681109051
0.03453  15588.726228195135
0.03455  15591.771942292457
0.0345799999999999  15594.786516004615
0.0345999999999999  15597.8334141566
0.0346300000000001  15600.84915981726
0.0346500000000001  15603.928996479179
0.0346800000000001  15606.977680882412
0.0347  15610.026960935409
0.03473  15613.076836754539
0.03475  15616.127308456214
0.03478  15619.210161248973
0.0348  15622.2300399729
0.0348299999999999  15625.314097534456
0.0348499999999999  15628.366960143318
0.0348800000000001  15631.452229223014
0.0349000000000001  15634.506291095626
0.0349300000000001  15637.624594734874
0.03495  15640.679862559813
0.03498  15643.767562387211
0.035  15646.855871771886
0.03503  15649.912943197081
0.03505  15653.034319694429
0.0350799999999999  15656.124458473043
0.0350999999999999  15659.24707385766
0.0351300000000001  15662.338439125155
0.0351500000000001  15665.430414673532
0.0351800000000001  15668.554886131918
0.0352  15671.648088898206
0.03523  15674.74190230813
0.03525  15677.868230943535
0.03528  15680.995183125458
0.0353  15684.09084178901
0.0353299999999999  15687.250958626348
0.0353499999999999  15690.379782194123
0.0353800000000001  15693.477293515303
0.0354000000000001  15696.607358926114
0.0354300000000001  15699.769997660129
0.03545  15702.901318151324
0.03548  15706.03326318467
0.0355  15709.197801101685
0.03553  15712.362976627195
0.03555  15715.496808789147
0.0355799999999999  15718.66325347335
0.0355999999999999  15721.79834222607
0.0356300000000001  15724.96605657787
0.0356500000000001  15728.134409178172
0.0356800000000001  15731.33541342258
0.0357  15734.505049355912
0.03573  15737.675323924914
0.03575  15740.846237258267
0.03578  15744.017789484666
0.0358  15747.222026329104
0.0358299999999999  15750.394863184529
0.0358499999999999  15753.600397896818
0.0358800000000001  15756.774519901608
0.0359000000000001  15759.981353007448
0.0359300000000001  15763.188838770873
0.03595  15766.396977324735
0.03598  15769.605768801866
0.036  15772.815213335167
0.03603  15776.025311057545
0.03605  15779.268172912101
0.0360799999999999  15782.479583946691
0.0360999999999999  15785.723772517897
0.0361300000000001  15788.936497402
0.0361500000000001  15792.18201323263
0.0361800000000001  15795.428196199584
0.0362  15798.675046439992
0.03623  15801.922564091019
0.03625  15805.170749289851
0.03628  15808.451772372502
0.0363  15811.701299691425
0.0363299999999999  15814.983678462473
0.0363499999999999  15818.202358349296
0.0363800000000001  15821.486086686498
0.0364000000000001  15824.770496698626
0.0364300000000001  15828.055588527177
0.03645  15831.34136231369
0.03648  15834.627818199753
0.0365  15837.914956326937
0.03653  15841.202776836892
0.03655  15844.491279871261
0.0365799999999999  15847.812715870055
0.0365999999999999  15851.102591073248
0.0366300000000001  15854.425412982548
0.0366500000000001  15857.74893144563
0.0366800000000001  15861.07314660851
0.0367  15864.36577456775
0.03673  15867.691376800787
0.03675  15871.049973756557
0.03678  15874.344672822826
0.0368  15877.704678032595
0.0368299999999999  15881.065394429841
0.0368499999999999  15884.394497357056
0.0368800000000001  15887.756629738915
0.0369000000000001  15891.119473758474
0.0369300000000001  15894.450684293979
0.03695  15897.847297313276
0.03698  15901.212277149867
0.037  15904.577969226872
0.03703  15907.97674642715
0.03705  15911.343870289369
0.0370799999999999  15914.744093349465
0.0370999999999999  15918.112649605991
0.0371300000000001  15921.51431914099
0.0371500000000001  15924.916715606118
0.0371800000000001  15928.319839156711
0.0372  15931.756111071272
0.03723  15935.160696187295
0.03725  15938.566008856502
0.03728  15942.004491212936
0.0373  15945.411266387755
0.0373299999999999  15948.883681473166
0.0373499999999999  15952.291926717475
0.0373800000000001  15955.765840196898
0.0374000000000001  15959.208033132847
0.0374300000000001  15962.68345272533
0.03745  15966.127138021926
0.03748  15969.571566236747
0.0375  15973.049242684698
0.03753  15976.495164229269
0.03755  15980.00686773513
0.0375799999999999  15983.486816667486
0.0375999999999999  15986.967523424584
0.0376300000000001  15990.481528800789
0.0376500000000001  15993.963758788836
0.0376800000000001  15997.446747098369
0.0377  16000.995617879278
0.03773  16004.480137509207
0.03775  16007.997992234577
0.03778  16011.549203701865
0.0378  16015.068612238898
0.0378299999999999  16018.588794357322
0.0378499999999999  16022.109750227171
0.0378800000000001  16025.696704536596
0.0379000000000001  16029.219222756185
0.0379300000000001  16032.775141937527
0.03795  16036.331849963355
0.03798  16039.889347008673
0.038  16043.480281730303
0.03803  16047.072020373462
0.03805  16050.631900016295
0.0380799999999999  16054.225239729993
0.0380999999999999  16057.81938390363
0.0381300000000001  16061.4143327173
0.0381500000000001  16065.042778712628
0.0381800000000001  16068.639344665833
0.0382  16072.23671580125
0.03823  16075.867606689144
0.03825  16079.499317834288
0.03828  16083.131849421983
0.0383  16086.765201637574
0.0383299999999999  16090.399374666456
0.0383499999999999  16094.034368694049
0.0383800000000001  16097.702942730753
0.0384000000000001  16101.339586712818
0.0384300000000001  16105.009825946232
0.03845  16108.680901796753
0.03848  16112.352814455075
0.0385  16116.05836029013
0.03853  16119.73195461211
0.03855  16123.43919751416
0.0385799999999999  16127.14729301413
0.0385999999999999  16130.856241308104
0.0386300000000001  16134.566042592207
0.0386500000000001  16138.276697062607
0.0386800000000001  16142.021053927796
0.0387  16145.733422914167
0.03873  16149.479509867591
0.03875  16153.226465977412
0.03878  16156.974291445287
0.0388  16160.722986472918
0.0388299999999999  16164.505446030074
0.0388499999999999  16168.222986014529
0.0388800000000001  16172.007200966229
0.0389000000000001  16175.792301623345
0.0389300000000001  16179.578288193197
0.03895  16183.398094097667
0.03898  16187.18586082317
0.039  16190.9745140854
0.03903  16194.764054091855
0.03905  16198.587445174948
0.0390799999999999  16202.444710889591
0.0390999999999999  16206.26991528436
0.0391300000000001  16210.063035219542
0.0391500000000001  16213.923033542822
0.0391800000000001  16217.783951022748
0.0392  16221.645787878184
0.03923  16225.475525418748
0.03925  16229.339193819445
0.03928  16233.236816887069
0.0393  16237.10233343432
0.0393299999999999  16241.001820890358
0.0393499999999999  16244.902244843695
0.0393800000000001  16248.770539204472
0.0394000000000001  16252.672828886003
0.0394300000000001  16256.609137936823
0.03945  16260.51331012896
0.03948  16264.451518101734
0.0395  16268.390679887087
0.03953  16272.297681523423
0.03955  16276.238743606924
0.0395799999999999  16280.180760194246
0.0395999999999999  16284.156869775215
0.0396300000000001  16288.133950441677
0.0396500000000001  16292.078847983461
0.0396800000000001  16296.09102597983
0.0397  16300.037850682073
0.03973  16304.051988706728
0.03975  16308.033928359351
0.03978  16312.050035542596
0.0398  16316.033928558707
0.0398299999999999  16320.085217239352
0.0398499999999999  16324.0710726884
0.0398800000000001  16328.124357000526
0.0399000000000001  16332.14541176452
0.0399300000000001  16336.200700943686
0.03995  16340.256997055487
0.03998  16344.314300349946
0.04  16348.372611077164
0.04003  16352.431929487275
0.04005  16356.525541359386
0.0400799999999999  16360.586884150807
0.0400999999999999  16364.715839702521
0.0401300000000001  16368.812526686692
0.0401500000000001  16372.910239221472
0.0401800000000001  16377.042304844095
0.0402  16381.142077593388
0.04023  16385.242876665765
0.04025  16389.41140715354
0.04028  16393.54763721045
0.0403  16397.6849111364
0.0403299999999999  16401.856606972433
0.0403499999999999  16405.995977850467
0.0403800000000001  16410.16978808512
0.0404000000000001  16414.378063427645
0.0404300000000001  16418.554006128667
0.04045  16422.73101122129
0.04048  16426.9090789758
0.0405  16431.155084394526
0.04053  16435.368741272167
0.04055  16439.583478713175
0.0405799999999999  16443.799296994654
0.0405999999999999  16448.049668174273
0.0406300000000001  16452.267657551896
0.0406500000000001  16456.520217621986
0.0406800000000001  16460.7738768881
0.0407  16465.028635634342
0.04073  16469.31800920649
0.04075  16473.608500221308
0.04078  16477.86657644378
0.0408  16482.159294481655
0.0408299999999999  16486.453130833488
0.0408499999999999  16490.78164453067
0.0408800000000001  16495.077727127027
0.0409000000000001  16499.408505209572
0.0409300000000001  16503.740420336708
0.04095  16508.073472806955
0.04098  16512.441265736317
0.041  16516.776602611113
0.04103  16521.14669826034
0.04105  16525.484320744028
0.0410799999999999  16529.85672032713
0.0410999999999999  16534.26392400922
0.0411300000000001  16538.638646545947
0.0411500000000001  16543.04819167226
0.0411800000000001  16547.425238396747
0.0412  16551.837126211238
0.04123  16556.25019032681
0.04125  16560.698132077185
0.04128  16565.11355872126
0.0413  16569.563881671842
0.0413299999999999  16574.015400229942
0.0413499999999999  16578.468114716776
0.0413800000000001  16582.955771768036
0.0414000000000001  16587.410888142454
0.0414300000000001  16591.900965930054
0.04145  16596.39225914535
0.04148  16600.85098531743
0.0415  16605.344701230486
0.04153  16609.87343464789
0.04155  16614.40340317524
0.0415799999999999  16618.90078761805
0.0415999999999999  16623.467046907263
0.0416300000000001  16628.000722785902
0.0416500000000001  16632.50178791301
0.0416800000000001  16637.07178425406
0.0417  16641.6430362611
0.04173  16646.21554427912
0.04175  16650.82319307783
0.04178  16655.398223463417
0.0418  16659.974510898144
0.0418299999999999  16664.585968159263
0.0418499999999999  16669.198701865193
0.0418800000000001  16673.81271236925
0.0419000000000001  16678.394059424474
0.0419300000000001  16683.044565185533
0.04195  16687.696367666395
0.04198  16692.349467228625
0.042  16696.969885831622
0.04203  16701.65955904398
0.04205  16706.316552020748
0.0420799999999999  16710.97484352618
0.0420999999999999  16715.668450307043
0.0421300000000001  16720.36337537992
0.0421500000000001  16725.05961911507
0.0421800000000001  16729.75718188287
0.0422  16734.490118740592
0.04223  16739.19033025016
0.04225  16743.925935795487
0.04228  16748.69696466641
0.0423  16753.401166448784
0.0423299999999999  16758.174895200198
0.0423499999999999  16762.91587157944
0.0423800000000001  16767.692311459243
0.0424000000000001  16772.470112341998
0.0424300000000001  16777.249274615508
0.04245  16782.029798667685
0.04248  16786.81168488656
0.0425  16791.62910462489
0.04253  16796.41372607839
0.04255  16801.268091956452
0.0425799999999999  16806.055459951407
0.0425999999999999  16810.912612406693
0.0426300000000001  16815.736948543818
0.0426500000000001  16820.596899065924
0.0426800000000001  16825.424014365315
0.0427  16830.286764566124
0.04273  16835.15092016031
0.04275  16840.05075105673
0.04278  16844.917728560613
0.0428  16849.820402063542
0.0428299999999999  16854.69020311424
0.0428499999999999  16859.5957208728
0.0428800000000001  16864.502666370707
0.0429000000000001  16869.411040023504
0.0429300000000001  16874.355181559054
0.04295  16879.300772139588
0.04298  16884.213452746106
0.043  16889.16193262064
0.04303  16894.111862811653
0.04305  16899.06324374421
0.0430799999999999  16904.050475585624
0.0430999999999999  16909.004769358955
0.0431300000000001  16913.994935131817
0.0431500000000001  16918.98657359658
0.0431800000000001  16923.979685187864
0.0432  16928.974270340426
0.04323  16934.004790188275
0.04325  16939.00233393814
0.04328  16944.001352557283
0.0433  16949.036337769314
0.0433299999999999  16954.107320757346
0.0433499999999999  16959.110797142588
0.0433800000000001  16964.150272193147
0.0434000000000001  16969.191244746085
0.0434300000000001  16974.302800587287
0.04345  16979.346790009105
0.04348  16984.426841582783
0.0435  16989.50841305733
0.04353  16994.591504887496
0.04355  16999.710711938835
0.0435799999999999  17004.796856195295
0.0435999999999999  17009.884522175482
0.0436300000000001  17015.00833587606
0.0436500000000001  17020.099057029343
0.0436800000000001  17025.225947609924
0.0437  17030.389039382597
0.04373  17035.519029569914
0.04375  17040.685242835778
0.04378  17045.818334503776
0.0438  17050.952972390707
0.0438299999999999  17056.123866173788
0.0438499999999999  17061.296328088723
0.0438800000000001  17066.470358611063
0.0439000000000001  17071.64595821651
0.0439300000000001  17076.823127380907
0.04395  17082.036628524173
0.04398  17087.216948776524
0.044  17092.433623121233
0.04403  17097.617096379447
0.04405  17102.83694585696
0.0440799999999999  17108.058388938334
0.0440999999999999  17113.281426110087
0.0441300000000001  17118.540894089
0.0441500000000001  17123.767131537068
0.0441800000000001  17128.994964539215
0.0442  17134.259261799572
0.04423  17139.52517694968
0.04425  17144.79271048678
0.04428  17150.061862908264
0.0443  17155.332634711664
0.0443299999999999  17160.605026394667
0.0443499999999999  17165.87903845511
0.0443800000000001  17171.189614761257
0.0444000000000001  17176.46687980996
0.0444300000000001  17181.780731657032
0.04445  17187.06125170043
0.04448  17192.378381108774
0.0445  17197.697155467624
0.04453  17203.01757528589
0.04455  17208.3396410726
0.0445799999999999  17213.66335333698
0.0445999999999999  17219.023753301117
0.0446300000000001  17224.31571933637
0.0446500000000001  17229.679436487622
0.0446800000000001  17235.009750605117
0.0447  17240.376797918216
0.04473  17245.74551655017
0.04475  17251.080801001186
0.04478  17256.452852900245
0.0448  17261.82657767661
0.0448299999999999  17267.237114678144
0.0448499999999999  17272.579047945193
0.0448800000000001  17277.957794479775
0.0449000000000001  17283.373387640626
0.0449300000000001  17288.790678261885
0.04495  17294.139279515115
0.04498  17299.559944591336
0.045  17304.982308717703
0.04503  17310.37114575041
0.04505  17315.796898533452
0.0450799999999999  17321.224351961337
0.0450999999999999  17326.618246827828
0.0451300000000001  17332.049092092897
0.0451500000000001  17337.516921445305
0.0451800000000001  17342.91588987964
0.0452  17348.38714743581
0.04523  17353.824815932574
0.04525  17359.264188809026
0.04528  17364.740603845898
0.0453  17370.148049838044
0.0453299999999999  17375.62789846171
0.0453499999999999  17381.109475840978
0.0453800000000001  17386.557400805545
0.0454000000000001  17392.04242617031
0.0454300000000001  17397.49377795255
0.04545  17402.982253471626
0.04548  17408.437034227052
0.0455  17413.928962070633
0.04553  17419.422622480524
0.04555  17424.918016003303
0.0455799999999999  17430.37967229152
0.0455999999999999  17435.914004574704
0.0456300000000001  17441.379107439272
0.0456500000000001  17446.881427685617
0.0456800000000001  17452.38548377681
0.0457  17457.92680314089
0.04573  17463.39880568439
0.04575  17468.943621896164
0.04578  17474.454638059564
0.0458  17479.96739281115
0.0458299999999999  17485.481886699425
0.0458499999999999  17491.03371452601
0.0458800000000001  17496.551699562857
0.0459000000000001  17502.035808671688
0.0459300000000001  17507.592892545847
0.04595  17513.116101590498
0.04598  17518.676703576362
0.046  17524.203409287045
0.04603  17529.731858535582
0.04605  17535.297736202294
0.0460799999999999  17540.829685434364
0.0460999999999999  17546.36337985848
0.0461300000000001  17551.934538211386
0.0461500000000001  17557.471735939685
0.0461800000000001  17563.04642131466
0.0462  17568.622876711957
0.04623  17574.16533919496
0.04625  17579.7095501867
0.04628  17585.25551023877
0.0463  17590.839017259732
0.0463299999999999  17596.424297103993
0.0463499999999999  17601.975530241976
0.0463800000000001  17607.564346048417
0.0464000000000001  17613.11909359408
0.0464300000000001  17618.67559352411
0.04645  17624.26971177955
0.04648  17629.865606227475
0.0465  17635.427389264703
0.04653  17640.9909269058
0.04655  17646.556219704307
0.0465799999999999  17652.159190357263
0.0465999999999999  17657.763940013425
0.0466300000000001  17663.334524279373
0.0466500000000001  17668.90686592577
0.0466800000000001  17674.480965507017
0.0467  17680.092802565927
0.04673  17685.670431031293
0.04675  17691.24981909937
0.04678  17696.866980448944
0.0468  17702.449900749205
0.0468299999999999  17708.03458232162
0.0468499999999999  17713.621025721826
0.0468800000000001  17719.209231505647
0.0469000000000001  17724.79920022906
0.0469300000000001  17730.390932448227
0.04695  17735.984428719497
0.04698  17741.579689599377
0.047  17747.176715644557
0.04703  17752.811634382957
0.04705  17758.412203826672
0.0470799999999999  17764.014540110413
0.0470999999999999  17769.618643791568
0.0471300000000001  17775.188342846453
0.0471500000000001  17780.79597158378
0.0471800000000001  17786.405369388158
0.0472  17792.016536817682
0.04723  17797.593256255284
0.04725  17803.207953184174
0.04728  17808.78818045289
0.0473  17814.406409101244
0.0473299999999999  17819.99014640755
0.0473499999999999  17825.61190899686
0.0473800000000001  17831.199158548614
0.0474000000000001  17836.788159364645
0.0474300000000001  17842.378911993892
0.04745  17847.971416985423
0.04748  17853.602006967954
0.0475  17859.198029719926
0.04753  17864.795806486054
0.04755  17870.395337816113
0.0475799999999999  17875.996624260057
0.0475999999999999  17881.599666367994
0.0476300000000001  17887.204464690236
0.0476500000000001  17892.811019777248
0.0476800000000001  17898.38290889695
0.0477  17903.956533124037
0.04773  17909.568338969744
0.04775  17915.181903776655
0.04778  17920.760759274366
0.0478  17926.377832227063
0.0478299999999999  17931.923682640987
0.0478499999999999  17937.544254493965
0.0478800000000001  17943.13007371239
0.0479000000000001  17948.71763237607
0.0479300000000001  17954.306931026684
0.04795  17959.897970206068
0.04798  17965.49075045623
0.048  17971.085272319342
0.04803  17976.68153633775
0.04805  17982.20635525198
0.0480799999999999  17987.806082417737
0.0480999999999999  17993.40755335974
0.0481300000000001  17999.01076862101
0.0481500000000001  18004.542450034558
0.0481800000000001  18010.14913274483
0.0482  18015.720899331332
0.04823  18021.294389644972
0.04825  18026.869604219028
0.04828  18032.44654358692
0.0483  18038.025208282248
0.0483299999999999  18043.568880102026
0.0483499999999999  18049.150985694065
0.0483800000000001  18054.73481821181
0.0484000000000001  18060.283625438187
0.0484300000000001  18065.83413799349
0.04845  18071.386356401832
0.04848  18076.97706783516
0.0485  18082.532710828247
0.04853  18088.053251988502
0.04855  18093.649119628546
0.0485799999999999  18099.20988648541
0.0485999999999999  18104.735519135666
0.0486300000000001  18110.29969320367
0.0486500000000001  18115.828711537528
0.0486800000000001  18121.396294904356
0.0487  18126.89181269704
0.04873  18132.462796114673
0.04875  18138.035491676703
0.04878  18143.536055493463
0.0488  18149.11215422824
0.0488299999999999  18154.616077167844
0.0488499999999999  18160.15862515629
0.0488800000000001  18165.665898062773
0.0489000000000001  18171.211819527278
0.0489300000000001  18176.722444439605
0.04895  18182.271741433437
0.04898  18187.748708248517
0.049  18193.301371526493
0.04903  18198.781660749184
0.04905  18204.337692353343
0.0490799999999999  18209.821305999063
0.0490999999999999  18215.343639673596
0.0491300000000001  18220.83056859306
0.0491500000000001  18226.319150316333
0.0491800000000001  18231.8464871482
0.0492  18237.338387148808
0.04923  18242.86906568852
0.04925  18248.327150551955
0.04928  18253.82401495128
0.0493  18259.32253514722
0.0493299999999999  18264.78554272496
0.0493499999999999  18270.287364814343
0.0493800000000001  18275.753652959993
0.0494000000000001  18281.221576564658
0.0494300000000001  18286.728349609188
0.04945  18292.19955673387
0.04948  18297.63516502658
0.0495  18303.146882265137
0.04953  18308.585743604224
0.04955  18314.026221125103
0.0495799999999999  18319.505595501258
0.0495999999999999  18324.949317904597
0.0496300000000001  18330.394657934212
0.0496500000000001  18335.878929583752
0.0496800000000001  18341.327517395992
0.0497  18346.740388588263
0.04973  18352.229550717744
0.04975  18357.645639305378
0.04978  18363.06332628277
0.0498  18368.482612121617
0.0498299999999999  18373.940888262845
0.0498499999999999  18379.363384275104
0.0498800000000001  18384.787480568066
0.0499000000000001  18390.175753530842
0.0499300000000001  18395.640475885328
0.04995  18401.03192967906
0.04998  18406.46242076788
